1,795.25,972.4
2,784.73,967.56
3,774.21,962.73
4,763.69,957.89
5,753.17,953.05
6,742.66,948.21
7,732.14,943.38
8,721.62,938.54
9,711.1,933.7
10,699.47,928.31
11,687.84,922.93
12,676.21,917.54
13,664.58,912.15
14,652.95,906.77
15,641.32,901.38
16,629.69,895.99
17,618.06,890.6
18,606.43,885.22
19,594.8,879.83
20,583.17,874.44
21,571.54,869.06
22,559.91,863.67
23,548.28,858.28
24,536.65,852.89
25,525.02,847.51
26,513.39,842.12
27,501.76,836.73
28,490.13,831.35
29,478.5,825.96
30,465.33,819.51
31,452.16,813.06
32,438.99,806.61
33,425.82,800.16
34,412.65,793.71
35,399.48,787.26
36,386.31,780.81
37,373.14,774.36
38,359.97,767.91
39,346.8,761.46
40,336.53,754.65
41,326.26,747.84
42,315.99,741.03
43,305.72,734.22
44,295.45,727.41
45,285.18,720.6
46,274.91,713.79
47,264.64,706.98
48,264.09,696.53
49,263.54,686.08
50,263.0,675.62
51,262.45,665.17
52,265.94,660.93
53,269.43,656.69
54,272.92,652.45
55,276.42,648.2
56,279.91,643.96
57,283.4,639.72
58,286.89,635.48
59,303.63,616.08
60,320.36,596.67
61,337.1,577.27
62,353.84,557.87
63,370.57,538.46
64,387.31,519.06
65,395.67,503.74
66,404.03,488.41
67,412.39,473.09
68,420.75,457.77
69,429.11,442.44
70,437.46,427.12
71,445.82,411.8
72,454.18,396.48
73,462.54,381.15
74,470.9,365.83
75,470.85,362.75
76,470.81,359.66
77,470.76,356.58
78,470.72,353.49
79,470.67,350.41
80,470.63,347.32
81,470.58,344.24
82,470.53,341.15
83,470.49,338.07
84,470.44,334.98
85,470.4,331.9
86,470.35,328.81
87,470.3,325.73
88,470.26,322.65
89,470.21,319.56
90,470.17,316.48
91,470.12,313.39
92,470.08,310.31
93,470.03,307.22
94,469.98,304.14
95,469.94,301.05
96,469.89,297.97
97,469.85,294.88
98,469.8,291.8
99,469.76,288.71
100,469.71,285.63
101,469.66,282.55
102,469.62,279.46
103,469.57,276.38
104,469.53,273.29
105,469.48,270.21
106,469.44,267.12
107,469.39,264.04
108,469.34,260.95
109,469.3,257.87
110,469.25,254.78
111,469.21,251.7
112,469.16,248.61
113,469.12,245.53
114,469.07,242.45
115,469.02,239.36
116,468.98,236.28
117,468.93,233.19
118,468.89,230.11
119,468.84,227.02
120,468.79,223.94
121,468.75,220.85
122,468.7,217.77
123,468.66,214.68
124,468.61,211.6
125,468.57,208.51
126,468.52,205.43
127,468.47,202.35
128,468.43,199.26
129,468.38,196.18
130,468.34,193.09
131,468.29,190.01
132,468.25,186.92
133,468.2,183.84
134,468.15,180.75
135,468.11,177.67
136,468.06,174.58
137,468.02,171.5
138,467.97,168.41
139,467.92,165.33
140,467.88,162.25
141,467.83,159.16
142,467.79,156.08
143,467.74,152.99
144,467.7,149.91
145,467.65,146.82
146,467.6,143.74
147,467.56,140.65
148,467.51,137.57
149,467.47,134.48
150,467.42,131.4
151,467.38,128.31
152,467.33,125.23
153,467.28,122.15
154,467.24,119.06
155,467.19,115.98
156,467.15,112.89
157,467.1,109.81
158,467.06,106.72
159,467.01,103.64
160,466.96,100.55
161,466.92,97.47
162,466.87,94.38
163,466.83,91.3
164,466.78,88.21
165,466.74,85.13
166,466.69,82.05
167,466.64,78.96
168,466.6,75.88
169,466.55,72.79
170,466.51,69.71
171,466.46,66.62
172,466.41,63.54
173,466.37,60.45
174,466.32,57.37
175,466.28,54.28
176,466.23,51.2
177,466.19,48.11
178,466.14,45.03
179,465.67,45.27
180,465.21,45.52
181,464.74,45.76
182,464.27,46.0
183,463.81,46.24
184,463.34,46.49
185,462.87,46.73
186,462.4,46.97
187,461.94,47.21
188,461.47,47.46
189,461.0,47.7
190,460.54,47.94
191,460.07,48.19
192,459.6,48.43
193,459.14,48.67
194,458.67,48.91
195,458.2,49.16
196,457.74,49.4
197,457.27,49.64
198,456.8,49.89
199,456.33,50.13
200,455.87,50.37
201,455.4,50.61
202,454.93,50.86
203,454.47,51.1
204,454.0,51.34
205,453.53,51.58
206,453.07,51.83
207,452.6,52.07
208,452.13,52.31
209,451.67,52.56
210,451.2,52.8
211,450.73,53.04
212,450.26,53.28
213,449.8,53.53
214,449.33,53.77
215,448.86,54.01
216,448.4,54.26
217,447.93,54.5
218,447.46,54.74
219,447.0,54.98
220,446.53,55.23
221,446.06,55.47
222,445.6,55.71
223,445.13,55.95
224,444.66,56.2
225,444.19,56.44
226,443.73,56.68
227,443.26,56.93
228,442.79,57.17
229,442.33,57.41
230,441.86,57.65
231,441.39,57.9
232,440.93,58.14
233,440.46,58.38
234,439.99,58.62
235,439.53,58.87
236,439.06,59.11
237,438.59,59.35
238,438.12,59.6
239,437.66,59.84
240,437.19,60.08
241,436.72,60.32
242,436.26,60.57
243,435.79,60.81
244,435.32,61.05
245,434.86,61.3
246,434.39,61.54
247,433.92,61.78
248,433.46,62.02
249,432.99,62.27
250,432.52,62.51
251,432.05,62.75
252,431.59,62.99
253,431.12,63.24
254,430.65,63.48
255,430.19,63.72
256,429.72,63.97
257,429.25,64.21
258,428.79,64.45
259,428.32,64.69
260,427.85,64.94
261,427.39,65.18
262,426.92,65.42
263,426.45,65.67
264,425.98,65.91
265,425.52,66.15
266,425.05,66.39
267,424.58,66.64
268,424.12,66.88
269,423.65,67.12
270,423.18,67.36
271,422.72,67.61
272,422.25,67.85
273,421.78,68.09
274,421.32,68.34
275,420.85,68.58
276,420.38,68.82
277,419.91,69.06
278,419.45,69.31
279,418.98,69.55
280,418.51,69.79
281,418.05,70.04
282,417.58,70.28
283,417.11,70.52
284,416.65,70.76
285,416.18,71.01
286,415.71,71.25
287,415.25,71.49
288,414.78,71.73
289,414.31,71.98
290,413.84,72.22
291,413.38,72.46
292,412.91,72.71
293,412.44,72.95
294,411.98,73.19
295,411.51,73.43
296,411.04,73.68
297,410.58,73.92
298,410.11,74.16
299,409.64,74.4
300,409.18,74.65
301,408.71,74.89
302,408.24,75.13
303,407.77,75.38
304,407.31,75.62
305,406.84,75.86
306,406.37,76.1
307,405.91,76.35
308,405.44,76.59
309,404.97,76.83
310,404.51,77.08
311,404.04,77.32
312,403.57,77.56
313,403.11,77.8
314,402.64,78.05
315,402.17,78.29
316,401.7,78.53
317,401.24,78.77
318,400.77,79.02
319,400.3,79.26
320,399.84,79.5
321,399.37,79.75
322,398.9,79.99
323,398.44,80.23
324,397.97,80.47
325,397.5,80.72
326,397.04,80.96
327,396.57,81.2
328,396.1,81.45
329,395.63,81.69
330,395.17,81.93
331,394.7,82.17
332,394.23,82.42
333,393.77,82.66
334,393.3,82.9
335,392.83,83.14
336,392.37,83.39
337,391.9,83.63
338,391.43,83.87
339,390.97,84.12
340,390.5,84.36
341,390.03,84.6
342,389.56,84.84
343,389.1,85.09
344,388.63,85.33
345,388.16,85.57
346,387.7,85.81
347,387.23,86.06
348,386.76,86.3
349,386.3,86.54
350,385.83,86.79
351,385.36,87.03
352,384.9,87.27
353,384.43,87.51
354,383.96,87.76
355,383.49,88.0
356,383.03,88.24
357,382.56,88.49
358,382.09,88.73
359,381.63,88.97
360,381.16,89.21
361,380.69,89.46
362,380.23,89.7
363,379.76,89.94
364,379.29,90.18
365,378.83,90.43
366,378.36,90.67
367,377.89,90.91
368,377.42,91.16
369,376.96,91.4
370,376.49,91.64
371,376.02,91.88
372,375.56,92.13
373,375.09,92.37
374,374.62,92.61
375,374.16,92.86
376,373.69,93.1
377,373.22,93.34
378,372.76,93.58
379,372.29,93.83
380,371.82,94.07
381,371.35,94.31
382,370.89,94.55
383,370.42,94.8
384,369.95,95.04
385,369.49,95.28
386,369.02,95.53
387,368.55,95.77
388,368.09,96.01
389,367.62,96.25
390,367.15,96.5
391,366.68,96.74
392,366.22,96.98
393,365.75,97.23
394,365.28,97.47
395,364.82,97.71
396,364.35,97.95
397,363.88,98.2
398,363.42,98.44
399,362.95,98.68
400,362.48,98.92
401,362.02,99.17
402,361.55,99.41
403,361.08,99.65
404,360.61,99.9
405,360.15,100.14
406,359.68,100.38
407,359.21,100.62
408,358.75,100.87
409,358.28,101.11
410,357.81,101.35
411,357.35,101.59
412,356.88,101.84
413,356.41,102.08
414,355.95,102.32
415,355.48,102.57
416,355.01,102.81
417,354.54,103.05
418,354.08,103.29
419,353.61,103.54
420,353.14,103.78
421,352.68,104.02
422,352.21,104.27
423,351.74,104.51
424,351.28,104.75
425,350.81,104.99
426,350.34,105.24
427,349.88,105.48
428,349.41,105.72
429,348.94,105.96
430,348.47,106.21
431,348.01,106.45
432,347.54,106.69
433,347.07,106.94
434,346.61,107.18
435,346.14,107.42
436,345.67,107.66
437,345.21,107.91
438,344.74,108.15
439,344.27,108.39
440,343.81,108.64
441,343.34,108.88
442,342.87,109.12
443,342.4,109.36
444,341.94,109.61
445,341.47,109.85
446,341.0,110.09
447,340.54,110.33
448,340.07,110.58
449,339.6,110.82
450,339.14,111.06
451,338.67,111.31
452,338.2,111.55
453,337.74,111.79
454,337.27,112.03
455,336.8,112.28
456,336.33,112.52
457,335.87,112.76
458,335.4,113.0
459,334.93,113.25
460,334.47,113.49
461,334.0,113.73
462,333.53,113.98
463,333.07,114.22
464,332.6,114.46
465,332.13,114.7
466,331.67,114.95
467,331.2,115.19
468,330.73,115.43
469,330.26,115.68
470,329.8,115.92
471,329.33,116.16
472,328.86,116.4
473,328.4,116.65
474,327.93,116.89
475,327.46,117.13
476,327.0,117.37
477,326.53,117.62
478,326.06,117.86
479,325.6,118.1
480,325.13,118.35
481,324.66,118.59
482,324.19,118.83
483,323.73,119.07
484,323.26,119.32
485,322.79,119.56
486,322.33,119.8
487,321.86,120.05
488,321.39,120.29
489,320.93,120.53
490,320.46,120.77
491,319.99,121.02
492,319.53,121.26
493,319.06,121.5
494,318.59,121.74
495,318.12,121.99
496,317.66,122.23
497,317.19,122.47
498,316.72,122.72
499,316.26,122.96
500,315.79,123.2
501,315.32,123.44
502,314.86,123.69
503,314.39,123.93
504,313.92,124.17
505,313.46,124.41
506,312.99,124.66
507,312.52,124.9
508,312.05,125.14
509,311.59,125.39
510,311.12,125.63
511,310.65,125.87
512,310.19,126.11
513,309.72,126.36
514,309.25,126.6
515,308.79,126.84
516,308.32,127.09
517,307.85,127.33
518,307.39,127.57
519,306.92,127.81
520,306.45,128.06
521,305.98,128.3
522,305.52,128.54
523,305.05,128.78
524,304.58,129.03
525,304.12,129.27
526,303.65,129.51
527,303.18,129.76
528,302.72,130.0
529,302.25,130.24
530,301.78,130.48
531,301.32,130.73
532,300.85,130.97
533,300.38,131.21
534,299.91,131.46
535,299.45,131.7
536,298.98,131.94
537,298.51,132.18
538,298.05,132.43
539,297.58,132.67
540,297.11,132.91
541,296.65,133.15
542,296.18,133.4
543,295.71,133.64
544,295.25,133.88
545,294.78,134.13
546,294.31,134.37
547,293.84,134.61
548,293.38,134.85
549,292.91,135.1
550,292.44,135.34
551,291.98,135.58
552,291.51,135.83
553,291.04,136.07
554,290.58,136.31
555,290.11,136.55
556,289.64,136.8
557,289.18,137.04
558,288.71,137.28
559,288.24,137.52
560,287.77,137.77
561,287.31,138.01
562,286.84,138.25
563,286.37,138.5
564,285.91,138.74
565,285.44,138.98
566,284.97,139.22
567,284.51,139.47
568,284.04,139.71
569,283.57,139.95
570,283.11,140.19
571,282.64,140.44
572,282.17,140.68
573,281.7,140.92
574,281.24,141.17
575,280.77,141.41
576,280.3,141.65
577,279.84,141.89
578,279.37,142.14
579,278.9,142.38
580,278.44,142.62
581,277.97,142.87
582,277.5,143.11
583,277.04,143.35
584,276.57,143.59
585,276.1,143.84
586,275.63,144.08
587,275.17,144.32
588,274.7,144.56
589,274.23,144.81
590,273.77,145.05
591,273.3,145.29
592,272.83,145.54
593,272.37,145.78
594,271.9,146.02
595,271.43,146.26
596,270.97,146.51
597,270.5,146.75
598,270.03,146.99
599,269.56,147.24
600,269.1,147.48
601,268.63,147.72
602,268.16,147.96
603,267.7,148.21
604,267.23,148.45
605,266.76,148.69
606,266.3,148.93
607,265.83,149.18
608,265.36,149.42
609,264.9,149.66
610,264.43,149.91
611,263.96,150.15
612,263.49,150.39
613,263.03,150.63
614,262.56,150.88
615,262.09,151.12
616,261.63,151.36
617,261.16,151.6
618,260.69,151.85
619,260.23,152.09
620,259.76,152.33
621,259.29,152.58
622,258.83,152.82
623,258.36,153.06
624,257.89,153.3
625,257.42,153.55
626,256.96,153.79
627,256.49,154.03
628,256.02,154.28
629,255.56,154.52
630,255.09,154.76
631,254.62,155.0
632,254.16,155.25
633,253.69,155.49
634,253.22,155.73
635,252.76,155.97
636,252.29,156.22
637,251.82,156.46
638,251.35,156.7
639,250.89,156.95
640,250.42,157.19
641,249.95,157.43
642,249.49,157.67
643,249.02,157.92
644,248.55,158.16
645,248.09,158.4
646,247.62,158.65
647,247.15,158.89
648,246.69,159.13
649,246.22,159.37
650,245.75,159.62
651,245.28,159.86
652,244.82,160.1
653,244.35,160.34
654,243.88,160.59
655,243.42,160.83
656,242.95,161.07
657,242.48,161.32
658,242.02,161.56
659,241.55,161.8
660,241.08,162.04
661,240.62,162.29
662,240.15,162.53
663,239.68,162.77
664,239.21,163.02
665,238.75,163.26
666,238.28,163.5
667,237.81,163.74
668,237.35,163.99
669,236.88,164.23
670,236.41,164.47
671,235.95,164.71
672,235.48,164.96
673,235.01,165.2
674,234.55,165.44
675,234.08,165.69
676,233.61,165.93
677,233.14,166.17
678,232.68,166.41
679,232.21,166.66
680,231.74,166.9
681,231.28,167.14
682,230.81,167.38
683,230.34,167.63
684,229.88,167.87
685,229.41,168.11
686,228.94,168.36
687,228.48,168.6
688,228.01,168.84
689,227.54,169.08
690,227.07,169.33
691,226.61,169.57
692,226.14,169.81
693,225.67,170.06
694,225.21,170.3
695,224.74,170.54
696,224.27,170.78
697,223.81,171.03
698,223.34,171.27
699,222.87,171.51
700,222.41,171.75
701,221.94,172.0
702,221.47,172.24
703,221.0,172.48
704,220.54,172.73
705,220.07,172.97
706,219.6,173.21
707,219.14,173.45
708,218.67,173.7
709,218.2,173.94
710,217.74,174.18
711,217.27,174.43
712,216.8,174.67
713,216.34,174.91
714,215.87,175.15
715,215.4,175.4
716,214.93,175.64
717,214.47,175.88
718,214.0,176.12
719,213.53,176.37
720,213.07,176.61
721,212.6,176.85
722,212.13,177.1
723,211.67,177.34
724,211.2,177.58
725,210.73,177.82
726,210.27,178.07
727,209.8,178.31
728,209.33,178.55
729,208.86,178.79
730,208.4,179.04
731,207.93,179.28
732,207.46,179.52
733,207.0,179.77
734,206.53,180.01
735,206.06,180.25
736,205.6,180.49
737,205.13,180.74
738,204.66,180.98
739,204.2,181.22
740,203.73,181.47
741,203.26,181.71
742,202.79,181.95
743,202.33,182.19
744,201.86,182.44
745,201.39,182.68
746,200.93,182.92
747,200.46,183.16
748,199.99,183.41
749,199.53,183.65
750,199.06,183.89
751,198.59,184.14
752,198.13,184.38
753,197.66,184.62
754,197.19,184.86
755,196.72,185.11
756,196.26,185.35
757,195.79,185.59
758,195.32,185.84
759,194.86,186.08
760,194.39,186.32
761,193.92,186.56
762,193.46,186.81
763,192.99,187.05
764,192.52,187.29
765,192.06,187.53
766,191.59,187.78
767,191.12,188.02
768,190.65,188.26
769,190.19,188.51
770,189.72,188.75
771,189.25,188.99
772,188.79,189.23
773,188.32,189.48
774,187.85,189.72
775,187.39,189.96
776,186.92,190.2
777,186.45,190.45
778,185.99,190.69
779,185.52,190.93
780,185.05,191.18
781,184.58,191.42
782,184.12,191.66
783,183.65,191.9
784,183.18,192.15
785,182.72,192.39
786,182.25,192.63
787,181.78,192.88
788,181.32,193.12
789,180.85,193.36
790,180.38,193.6
791,179.91,193.85
792,179.45,194.09
793,178.98,194.33
794,178.51,194.57
795,178.05,194.82
796,177.58,195.06
797,177.11,195.3
798,176.65,195.55
799,176.18,195.79
800,175.71,196.03
801,175.25,196.27
802,174.78,196.52
803,174.31,196.76
804,173.84,197.0
805,173.38,197.25
806,172.91,197.49
807,172.44,197.73
808,171.98,197.97
809,171.51,198.22
810,171.04,198.46
811,170.58,198.7
812,170.11,198.94
813,169.64,199.19
814,169.18,199.43
815,168.71,199.67
816,168.24,199.92
817,167.77,200.16
818,167.31,200.4
819,166.84,200.64
820,166.37,200.89
821,165.91,201.13
822,165.44,201.37
823,164.97,201.62
824,164.51,201.86
825,164.04,202.1
826,163.57,202.34
827,163.11,202.59
828,162.64,202.83
829,162.17,203.07
830,161.7,203.31
831,161.24,203.56
832,160.77,203.8
833,160.3,204.04
834,159.84,204.29
835,159.37,204.53
836,158.9,204.77
837,158.44,205.01
838,157.97,205.26
839,157.5,205.5
840,157.04,205.74
841,156.57,205.98
842,156.1,206.23
843,155.63,206.47
844,155.17,206.71
845,154.7,206.96
846,154.23,207.2
847,153.77,207.44
848,153.3,207.68
849,152.83,207.93
850,152.37,208.17
851,151.9,208.41
852,151.43,208.66
853,150.97,208.9
854,150.5,209.14
855,150.03,209.38
856,149.56,209.63
857,149.1,209.87
858,148.63,210.11
859,148.16,210.35
860,147.7,210.6
861,147.23,210.84
862,146.76,211.08
863,146.3,211.33
864,145.83,211.57
865,145.36,211.81
866,144.9,212.05
867,144.43,212.3
868,143.96,212.54
869,143.49,212.78
870,143.03,213.03
871,142.56,213.27
872,142.09,213.51
873,141.63,213.75
874,141.16,214.0
875,140.69,214.24
876,140.23,214.48
877,139.76,214.72
878,139.29,214.97
879,138.83,215.21
880,138.36,215.45
881,137.89,215.7
882,137.42,215.94
883,136.96,216.18
884,136.49,216.42
885,136.02,216.67
886,135.56,216.91
887,135.09,217.15
888,134.62,217.39
889,134.16,217.64
890,133.69,217.88
891,133.22,218.12
892,132.76,218.37
893,132.29,218.61
894,131.82,218.85
895,131.35,219.09
896,130.89,219.34
897,130.42,219.58
898,129.95,219.82
899,129.49,220.07
900,129.02,220.31
901,128.55,220.55
902,128.09,220.79
903,127.62,221.04
904,127.15,221.28
905,126.69,221.52
906,126.22,221.76
907,125.75,222.01
908,125.28,222.25
909,124.82,222.49
910,124.35,222.74
911,123.88,222.98
912,123.42,223.22
913,122.95,223.46
914,122.48,223.71
915,122.02,223.95
916,121.55,224.19
917,121.08,224.44
918,120.62,224.68
919,120.15,224.92
920,119.68,225.16
921,119.21,225.41
922,118.75,225.65
923,118.28,225.89
924,117.81,226.13
925,117.35,226.38
926,116.88,226.62
927,116.41,226.86
928,115.95,227.11
929,115.48,227.35
930,115.01,227.59
931,114.55,227.83
932,114.08,228.08
933,113.61,228.32
934,113.14,228.56
935,112.68,228.81
936,112.21,229.05
937,111.74,229.29
938,111.28,229.53
939,110.81,229.78
940,110.34,230.02
941,109.88,230.26
942,109.41,230.5
943,108.94,230.75
944,108.48,230.99
945,108.01,231.23
946,107.54,231.48
947,107.07,231.72
948,106.61,231.96
949,106.14,232.2
950,105.67,232.45
951,105.21,232.69
952,104.74,232.93
953,104.27,233.17
954,103.81,233.42
955,103.34,233.66
956,102.87,233.9
957,102.41,234.15
958,101.94,234.39
959,101.47,234.63
960,101.0,234.87
961,100.54,235.12
962,100.07,235.36
963,99.6,235.6
964,99.14,235.85
965,98.67,236.09
966,98.2,236.33
967,97.74,236.57
968,97.27,236.82
969,96.8,237.06
970,96.34,237.3
971,95.87,237.54
972,95.4,237.79
973,94.93,238.03
974,94.47,238.27
975,94.0,238.52
976,93.53,238.76
977,93.07,239.0
978,92.6,239.24
979,92.13,239.49
980,91.67,239.73
981,91.2,239.97
982,90.73,240.22
983,90.27,240.46
984,89.8,240.7
985,89.33,240.94
986,88.86,241.19
987,88.4,241.43
988,87.93,241.67
989,87.46,241.91
990,87.0,242.16
991,86.53,242.4
992,90.36,244.15
993,94.2,245.89
994,98.03,247.64
995,101.86,249.38
996,105.69,251.13
997,109.53,252.88
998,113.36,254.62
999,117.19,256.37
1000,121.03,258.11
1001,124.86,259.86
1002,129.21,262.21
1003,133.55,264.55
1004,137.9,266.9
1005,142.24,269.24
1006,146.59,271.59
1007,150.93,273.94
1008,155.28,276.28
1009,159.62,278.63
1010,163.97,280.97
1011,168.31,283.32
1012,173.23,285.79
1013,178.14,288.26
1014,183.06,290.73
1015,187.98,293.2
1016,192.89,295.66
1017,197.81,298.13
1018,202.73,300.6
1019,207.65,303.07
1020,212.56,305.54
1021,217.48,308.01
1022,223.1,310.66
1023,228.72,313.3
1024,234.34,315.95
1025,239.96,318.59
1026,245.57,321.24
1027,251.19,323.89
1028,256.81,326.53
1029,262.43,329.18
1030,268.05,331.82
1031,273.67,334.47
1032,278.02,336.62
1033,282.36,338.77
1034,286.71,340.93
1035,291.05,343.08
1036,295.4,345.23
1037,299.75,347.38
1038,304.09,349.53
1039,308.44,351.69
1040,312.78,353.84
1041,317.13,355.99
1042,321.48,358.14
1043,325.82,360.29
1044,330.17,362.45
1045,334.51,364.6
1046,338.86,366.75
1047,343.21,368.9
1048,347.55,371.05
1049,351.9,373.21
1050,356.24,375.36
1051,360.59,377.51
1052,360.69,377.56
1053,360.8,377.62
1054,360.9,377.68
1055,361.01,377.73
1056,361.12,377.78
1057,361.22,377.84
1058,361.32,377.89
1059,361.43,377.95
1060,361.53,378.0
1061,361.64,378.06
1062,361.64,378.06
1063,361.64,378.06
1064,361.64,378.06
1065,361.64,378.06
1066,361.64,378.06
1067,361.64,378.06
1068,361.64,378.06
1069,361.64,378.06
1070,361.64,378.06
1071,361.64,378.06
1072,361.64,378.06
1073,361.64,378.06
1074,361.64,378.06
1075,361.64,378.06
1076,361.64,378.06
1077,361.64,378.06
1078,361.64,378.06
1079,361.64,378.06
1080,361.64,378.06
1081,361.64,378.06
1082,361.64,378.06
1083,361.64,378.06
1084,361.64,378.06
1085,361.64,378.06
1086,361.64,378.06
1087,361.64,378.06
1088,361.64,378.06
1089,361.64,378.06
1090,361.64,378.06
1091,361.64,378.06
1092,362.87,378.63
1093,364.1,379.21
1094,365.33,379.78
1095,366.56,380.35
1096,367.79,380.93
1097,369.03,381.5
1098,370.26,382.07
1099,371.49,382.64
1100,372.72,383.22
1101,373.95,383.79
1102,375.18,384.36
1103,376.41,384.94
1104,377.64,385.51
1105,378.87,386.08
1106,380.11,386.65
1107,381.34,387.23
1108,382.57,387.8
1109,383.8,388.37
1110,385.03,388.95
1111,386.26,389.52
1112,386.26,389.52
1113,386.26,389.52
1114,386.26,389.52
1115,386.26,389.52
1116,386.26,389.52
1117,386.26,389.52
1118,386.26,389.52
1119,386.26,389.52
1120,386.26,389.52
1121,386.26,389.52
1122,386.67,389.71
1123,387.08,389.9
1124,387.49,390.09
1125,387.9,390.28
1126,388.31,390.47
1127,388.71,390.65
1128,389.12,390.84
1129,389.53,391.03
1130,389.94,391.22
1131,390.35,391.41
1132,390.94,392.58
1133,391.53,393.74
1134,392.12,394.91
1135,392.71,396.08
1136,393.3,397.25
1137,393.89,398.41
1138,394.48,399.58
1139,395.07,400.75
1140,395.66,401.91
1141,396.25,403.08
1142,390.33,398.49
1143,384.42,393.9
1144,378.5,389.3
1145,372.59,384.71
1146,366.68,380.12
1147,360.76,375.53
1148,354.85,370.94
1149,348.93,366.34
1150,343.02,361.75
1151,337.1,357.16
1152,332.93,355.33
1153,328.75,353.49
1154,324.58,351.66
1155,320.4,349.82
1156,316.23,347.99
1157,312.05,346.15
1158,307.88,344.31
1159,303.7,342.48
1160,299.53,340.64
1161,295.36,338.81
1162,291.18,336.98
1163,287.01,335.14
1164,282.83,333.31
1165,278.66,331.47
1166,274.48,329.63
1167,270.31,327.8
1168,266.13,325.96
1169,261.96,324.13
1170,257.78,322.29
1171,253.61,320.46
1172,251.76,319.4
1173,249.9,318.35
1174,248.05,317.29
1175,246.19,316.24
1176,244.34,315.18
1177,242.49,314.12
1178,240.63,313.07
1179,238.78,312.01
1180,236.92,310.96
1181,235.07,309.9
1182,231.32,307.3
1183,227.58,304.7
1184,223.83,302.09
1185,220.08,299.49
1186,216.33,296.89
1187,212.59,294.29
1188,208.84,291.69
1189,205.09,289.08
1190,201.35,286.48
1191,197.6,283.88
