172,290
514,253
10008,359
10058,152
10071,445
10078,7
10144,510
10148,603
10185,470
10188,401
10195,147
10207,273
10218,249
10236,21
10243,594
10245,623
10261,251
10297,433
10359,248
10367,552
10385,452
10389,388
10422,716
10428,284
10477,422
10483,412
10554,8
10562,555
10620,278
10625,16
10694,535
10719,405
10723,58
10777,246
10790,166
10803,111
10808,5
10887,49
10888,703
10892,355
10907,280
10932,630
11008,314
11101,409
11134,322
11156,134
11159,315
11190,710
11201,542
11207,106
11209,631
11220,621
11244,362
11262,191
11265,428
11308,360
11312,450
11380,607
11398,437
11429,168
11495,482
11502,436
11537,600
11539,351
11579,689
11624,29
11626,576
11646,9
11651,414
11658,532
11666,491
11694,88
11752,19
11807,577
11830,698
11840,528
11890,493
11892,356
11897,229
11904,503
11928,299
11949,20
11956,632
11966,193
12686,424
12697,258
12705,145
12748,171
12759,395
12813,124
12846,85
12859,711
12880,182
12893,44
12902,199
12916,670
12925,36
12934,228
12950,304
13007,138
13136,439
13146,655
13153,417
13163,18
13191,378
13201,642
13231,175
13235,361
13245,609
13247,384
13250,150
13284,157
13299,81
13309,469
13323,518
13333,239
13348,28
13349,241
13371,599
13392,210
13410,461
13411,456
13460,396
13471,695
13472,553
13505,666
13531,226
13573,180
13608,568
13626,550
13631,252
13632,90
13637,515
13639,713
13644,635
13729,643
13741,308
13755,590
13796,481
13835,697
14047,578
14052,549
14077,347
14085,415
14096,668
14107,55
14109,602
14132,264
14134,320
14169,204
14185,59
14210,32
14241,705
14247,589
14255,715
14305,523
14353,462
14357,10
14371,298
14412,463
14413,546
14420,288
14440,459
14452,495
14472,488
14483,341
14494,485
14496,76
14500,499
14523,484
14538,444
14590,187
14622,200
14623,286
14644,447
14699,717
14802,51
14890,64
14901,477
14911,309
14923,560
14932,126
14958,79
14961,169
14964,38
15032,540
15033,688
15041,108
15044,430
15108,255
15166,325
15180,237
15190,202
15214,696
15230,531
15240,272
15249,420
15262,266
15267,586
15327,664
15358,408
15415,706
15416,419
15456,393
15471,373
15506,3
15529,218
15548,467
15566,693
15576,614
15580,371
15581,327
15586,634
15606,178
15626,205
15638,234
15642,446
15644,112
15660,543
15677,181
15690,77
15695,116
15713,68
15715,468
15741,498
15758,99
15764,74
15789,718
15818,508
15915,263
15951,136
15959,342
15987,381
15989,148
15996,87
16005,160
16016,196
16024,649
16045,611
16074,240
16120,102
16136,605
16137,217
16146,306
16155,608
16173,370
16180,97
16200,559
16219,619
16255,207
16310,159
16318,505
16334,449
16339,583
16357,573
16360,522
16361,300
16365,671
16368,154
16377,43
16395,687
16407,596
16414,364
16445,318
16553,31
16560,119
16576,473
16648,714
16661,219
16679,636
16711,72
16726,659
16772,69
16777,554
16783,615
16834,699
16849,624
16871,339
16875,612
16898,682
16941,369
16975,651
16980,348
17005,616
17031,215
17075,479
17093,700
17100,98
17105,155
17122,658
17136,326
17141,385
17153,570
17169,457
17191,644
17240,390
17243,52
17262,394
17299,271
17305,50
17315,357
17337,222
17342,575
17367,490
17381,113
17388,139
17389,453
17492,557
17511,704
17537,282
17577,185
17618,195
17639,454
17648,407
17660,133
17716,571
17764,526
17766,478
17792,539
17797,527
17812,582
17818,629
17829,708
17838,186
17846,604
17902,592
17916,261
17919,476
17941,177
17944,344
17949,35
17950,122
17971,23
18001,441
18021,455
18032,208
18041,89
18086,335
18087,662
18104,673
18111,267
18143,92
18146,144
18160,648
18165,332
18191,291
18210,243
18217,650
18313,524
18335,676
18336,179
18341,345
18414,15
18418,63
18677,690
18723,26
18726,281
18736,125
18798,231
18800,82
18803,328
18806,338
18808,613
18846,709
18930,337
18944,121
19991,165
20023,509
20038,287
20061,489
20098,520
20108,514
20109,65
20113,541
20172,283
20186,606
20191,545
20196,86
20201,544
20218,223
20258,633
20260,293
20277,427
20280,366
20285,480
20293,307
20308,434
20323,104
20351,679
20355,358
20360,305
20365,391
20374,331
20379,383
20400,519
20424,627
20428,24
20445,57
20461,588
20462,149
20467,56
20493,521
20534,12
20558,62
20559,474
20566,534
20568,107
20595,13
20612,209
20631,665
20636,83
20640,303
20708,146
20727,354
20771,497
20786,333
20829,404
20870,466
20891,53
20897,379
20922,601
20940,46
20970,114
21030,71
21036,660
21046,221
21087,548
21117,100
21127,30
21139,579
21214,227
21224,250
21249,538
21283,398
21294,33
21304,4
21321,225
21336,259
21365,34
21385,242
21396,143
21404,294
21415,163
21420,502
21445,564
21462,674
21470,425
21473,247
21487,0
21493,517
21507,386
21566,319
21614,504
21633,311
21683,224
21707,443
21755,387
21763,376
21786,295
21795,556
21844,547
21851,189
21931,276
21938,164
22008,672
22020,268
22048,471
22064,513
22099,721
23315,516
23327,275
23331,494
23333,115
23357,654
23358,562
23373,492
23414,310
23421,73
23438,151
23451,702
23454,402
23464,140
23472,14
23492,212
23565,669
23566,61
23569,260
23592,657
23616,574
23618,158
23626,640
23634,244
23654,675
23657,254
23670,720
23674,161
23682,400
23713,110
23757,597
23766,653
23776,464
23798,440
23837,382
23847,487
23872,1
23875,584
23876,301
23899,128
24012,637
24027,686
24037,460
25032,372
25127,220
25190,101
25212,173
25246,230
25361,176
25377,448
25389,198
25404,336
25426,103
25433,203
25466,667
25496,323
25534,639
25546,645
25551,486
25553,96
25577,530
25580,6
25585,297
25606,302
25625,130
25631,213
25636,94
25637,581
25692,340
25721,389
25725,694
25736,289
25748,183
25754,174
25769,172
25797,472
25800,60
25803,618
25828,617
25829,270
25833,652
25835,95
25867,137
25878,563
25884,374
25895,37
25904,353
25912,591
25921,561
25979,397
26007,41
26010,131
26019,432
26047,442
26059,292
26110,346
26112,67
26123,638
26152,296
26159,363
26166,39
26173,192
26180,349
26181,551
26191,316
26261,692
26293,625
26308,40
26316,641
26319,25
26406,324
26408,256
26411,429
26426,274
26441,483
26447,451
26451,135
26488,377
26509,2
26515,156
26521,558
26522,572
26524,501
26563,265
26568,416
26588,701
26598,11
26605,197
26610,329
26650,47
26672,132
26689,512
26705,188
26730,421
26733,27
26736,279
26752,233
26771,105
26800,66
26826,190
26860,475
26868,677
26878,691
26998,580
27034,375
27042,680
27086,678
27097,423
27110,506
27119,533
27125,536
27128,368
27152,206
27159,117
27160,194
27191,622
27198,123
27202,537
27211,656
27212,141
27225,684
27228,620
27229,507
27231,201
27236,426
27365,91
27375,565
27395,118
27405,93
27411,511
27433,406
27438,142
27439,312
27460,352
27479,610
27524,392
27530,529
27534,75
27556,595
27575,365
27581,54
27588,120
27607,343
27641,45
27649,84
27692,235
27700,236
27729,647
27741,719
27764,153
27768,683
27817,167
27828,330
27838,269
27921,334
27934,313
27941,587
27942,413
27965,109
27968,277
27982,214
27983,380
27986,48
27988,566
28012,216
28017,567
28038,127
28048,211
28058,399
28074,78
28099,285
28103,411
28110,257
28112,593
28118,626
28120,525
28143,661
28152,500
28153,681
28154,184
28156,496
28208,438
28225,170
28279,317
28280,22
28315,321
28329,238
28369,403
28380,663
28381,245
28385,458
28387,232
28391,646
28396,410
28397,162
28400,685
28403,712
28407,628
28434,262
28480,585
28563,350
28598,598
28648,70
29503,80
29506,431
29516,707
30029,418
30039,129
30102,367
30112,465
30136,569
30217,42
30243,17
32004,435
