118,901.47,649.04
119,900.55,648.54
120,899.63,648.04
121,898.7,647.54
122,897.78,647.04
123,896.86,646.54
124,895.94,646.04
125,895.02,645.54
126,894.09,645.04
127,893.17,644.54
128,892.25,644.04
129,892.25,644.04
130,892.25,644.04
131,892.25,644.04
132,892.25,644.04
133,892.25,644.04
134,892.25,644.04
135,892.25,644.04
136,892.25,644.04
137,892.25,644.04
138,892.25,644.04
139,892.25,644.04
140,892.25,644.04
141,892.25,644.04
142,892.25,644.04
143,892.25,644.04
144,892.25,644.04
145,892.25,644.04
146,892.25,644.04
147,892.25,644.04
148,892.25,644.04
149,892.25,644.04
150,892.25,644.04
151,892.25,644.04
152,892.25,644.04
153,892.25,644.04
154,892.25,644.04
155,892.25,644.04
156,892.25,644.04
157,892.25,644.04
158,892.25,644.04
159,892.25,644.04
160,892.25,644.04
161,892.25,644.04
162,892.25,644.04
163,892.25,644.04
164,892.25,644.04
165,892.25,644.04
166,892.25,644.04
167,892.25,644.04
168,892.25,644.04
169,892.25,644.04
170,892.25,644.04
171,892.25,644.04
172,892.25,644.04
173,892.25,644.04
174,892.25,644.04
175,892.25,644.04
176,892.25,644.04
177,892.25,644.04
178,892.25,644.04
179,892.25,644.04
180,892.25,644.04
181,892.25,644.04
182,892.25,644.04
183,892.25,644.04
184,892.25,644.04
185,892.25,644.04
186,892.25,644.04
187,892.25,644.04
188,892.25,644.04
189,892.25,644.04
190,892.25,644.04
191,892.25,644.04
192,892.25,644.04
193,892.25,644.04
194,892.25,644.04
195,892.25,644.04
196,892.25,644.04
197,892.25,644.04
198,892.25,644.04
199,892.25,644.04
200,892.25,644.04
201,892.25,644.04
202,892.25,644.04
203,892.25,644.04
204,892.25,644.04
205,892.25,644.04
206,892.25,644.04
207,892.25,644.04
208,892.25,644.04
209,892.25,644.04
210,892.25,644.04
211,892.25,644.04
212,892.25,644.04
213,892.25,644.04
214,892.25,644.04
215,892.25,644.04
216,892.25,644.04
217,892.25,644.04
218,892.25,644.04
219,892.25,644.04
220,892.25,644.04
221,892.25,644.04
222,892.25,644.04
223,892.25,644.04
224,892.25,644.04
225,892.25,644.04
226,892.25,644.04
227,892.25,644.04
228,892.25,644.04
229,890.21,644.88
230,888.16,645.73
231,886.12,646.57
232,884.07,647.42
233,882.02,648.26
234,879.98,649.11
235,877.93,649.96
236,875.89,650.8
237,873.84,651.64
238,871.8,652.49
239,869.52,650.9
240,867.24,649.31
241,864.95,647.72
242,862.67,646.13
243,860.39,644.54
244,858.11,642.95
245,855.83,641.36
246,853.54,639.77
247,851.26,638.18
248,848.98,636.59
249,846.69,635.03
250,844.4,633.48
251,842.1,631.92
252,839.81,630.36
253,837.52,628.81
254,835.23,627.25
255,832.94,625.69
256,830.64,624.13
257,828.35,622.58
258,826.06,621.02
259,823.61,619.56
260,821.16,618.11
261,818.71,616.65
262,816.27,615.19
263,813.82,613.74
264,811.37,612.28
265,808.92,610.82
266,806.47,609.37
267,804.02,607.91
268,801.58,606.45
269,799.13,605.0
270,796.68,603.54
271,794.23,602.09
272,791.78,600.63
273,789.33,599.17
274,786.88,597.72
275,784.44,596.26
276,781.99,594.8
277,779.54,593.35
278,777.09,591.89
279,777.09,591.89
280,777.09,591.89
281,777.09,591.89
282,777.09,591.89
283,777.09,591.89
284,777.09,591.89
285,777.09,591.89
286,777.09,591.89
287,777.09,591.89
288,777.09,591.89
289,777.09,591.89
290,777.09,591.89
291,777.09,591.89
292,777.09,591.89
293,777.09,591.89
294,777.09,591.89
295,777.09,591.89
296,777.09,591.89
297,777.09,591.89
298,777.09,591.89
299,777.09,591.89
300,777.09,591.89
301,777.09,591.89
302,777.09,591.89
303,777.09,591.89
304,777.09,591.89
305,777.09,591.89
306,777.09,591.89
307,777.09,591.89
308,777.09,591.89
309,777.09,591.89
310,777.09,591.89
311,777.09,591.89
312,777.09,591.89
313,777.09,591.89
314,777.09,591.89
315,777.09,591.89
316,777.09,591.89
317,777.09,591.89
318,777.09,591.89
319,777.09,591.89
320,777.09,591.89
321,777.09,591.89
322,777.09,591.89
323,777.09,591.89
324,777.09,591.89
325,777.09,591.89
326,777.09,591.89
327,777.09,591.89
328,777.09,591.89
329,777.09,591.89
330,777.09,591.89
331,777.09,591.89
332,777.09,591.89
333,777.09,591.89
334,777.09,591.89
335,777.09,591.89
336,777.09,591.89
337,777.09,591.89
338,777.09,591.89
339,777.09,591.89
340,777.09,591.89
341,777.09,591.89
342,777.09,591.89
343,777.09,591.89
344,777.09,591.89
345,777.09,591.89
346,777.09,591.89
347,777.09,591.89
348,777.09,591.89
349,777.09,591.89
350,777.09,591.89
351,777.09,591.89
352,777.09,591.89
353,777.09,591.89
354,777.09,591.89
355,777.09,591.89
356,777.09,591.89
357,777.09,591.89
358,777.09,591.89
359,777.09,591.89
360,777.09,591.89
361,777.09,591.89
362,777.09,591.89
363,777.09,591.89
364,777.09,591.89
365,777.09,591.89
366,777.09,591.89
367,777.09,591.89
368,777.09,591.89
369,777.09,591.89
370,777.09,591.89
371,777.09,591.89
372,777.09,591.89
373,777.09,591.89
374,777.09,591.89
375,777.09,591.89
376,777.09,591.89
377,777.09,591.89
378,777.09,591.89
379,775.93,589.74
380,774.76,587.6
381,773.6,585.45
382,772.43,583.31
383,771.26,581.16
384,770.1,579.01
385,768.94,576.87
386,767.77,574.72
387,766.61,572.58
388,765.44,570.43
389,764.27,568.28
390,763.11,566.14
391,761.94,563.99
392,760.78,561.85
393,759.62,559.7
394,758.45,557.55
395,757.28,555.41
396,756.12,553.26
397,754.95,551.12
398,753.79,548.97
399,749.0,546.89
400,744.2,544.82
401,739.41,542.74
402,734.61,540.67
403,729.82,538.59
404,725.02,536.51
405,720.23,534.44
406,715.44,532.36
407,710.64,530.29
408,705.85,528.21
409,701.05,526.14
410,696.26,524.06
411,686.31,519.67
412,676.36,515.27
413,666.41,510.88
414,656.46,506.49
415,646.52,502.1
416,636.57,497.7
417,626.62,493.31
418,616.67,488.92
419,615.55,486.15
420,614.42,483.37
421,613.3,480.6
422,612.17,477.82
423,611.05,475.05
424,609.92,472.27
425,608.8,469.5
426,607.68,466.72
427,606.55,463.95
428,605.43,461.17
429,604.3,458.4
430,603.18,455.62
431,602.05,452.85
432,600.93,450.07
433,599.81,447.3
434,598.68,444.52
435,597.56,441.75
436,596.43,438.98
437,595.31,436.2
438,594.19,433.43
439,593.06,430.65
440,591.94,427.88
441,590.81,425.1
442,589.69,422.33
443,588.56,419.55
444,587.44,416.78
445,586.32,414.0
446,585.19,411.23
447,584.07,408.45
448,582.94,405.68
449,581.82,402.9
450,580.69,400.13
451,579.57,397.36
452,578.45,394.58
453,577.32,391.81
454,576.2,389.03
455,575.07,386.26
456,573.95,383.48
457,572.82,380.71
458,571.7,377.93
459,570.58,375.16
460,569.45,372.38
461,568.33,369.61
462,567.2,366.83
463,566.08,364.06
464,564.96,361.28
465,563.83,358.51
466,562.71,355.73
467,561.58,352.96
468,560.46,350.19
469,559.33,347.41
470,558.21,344.64
471,557.09,341.86
472,555.96,339.09
473,554.84,336.31
474,553.71,333.54
475,552.59,330.76
476,551.46,327.99
477,550.34,325.21
478,549.22,322.44
479,548.09,319.66
480,546.97,316.89
481,545.84,314.11
482,544.72,311.34
483,543.6,308.56
484,542.47,305.79
485,541.35,303.02
486,540.22,300.24
487,539.1,297.47
488,537.97,294.69
489,536.85,291.92
490,535.73,289.14
491,534.6,286.37
492,533.48,283.59
493,532.35,280.82
494,531.23,278.04
495,530.1,275.27
496,528.98,272.49
497,527.86,269.72
498,526.73,266.94
499,525.61,264.17
500,524.48,261.4
501,523.36,258.62
502,522.23,255.85
503,521.11,253.07
504,519.99,250.3
505,518.86,247.52
506,517.74,244.75
507,516.61,241.97
508,515.49,239.2
509,514.37,236.42
510,513.24,233.65
511,512.12,230.87
512,510.99,228.1
513,509.87,225.32
514,508.74,222.55
515,507.62,219.77
516,506.5,217.0
517,505.37,214.23
518,504.25,211.45
519,503.12,208.68
520,502.0,205.9
521,500.87,203.13
522,499.75,200.35
523,498.63,197.58
524,497.5,194.8
525,496.38,192.03
526,495.25,189.25
527,494.13,186.48
528,493.0,183.7
529,491.88,180.93
530,490.76,178.15
531,489.63,175.38
532,488.51,172.61
533,487.38,169.83
534,486.26,167.06
535,485.13,164.28
536,484.01,161.51
537,482.89,158.73
538,481.76,155.96
539,480.64,153.18
540,479.51,150.41
541,478.39,147.63
542,477.27,144.86
543,476.14,142.08
544,475.02,139.31
545,473.89,136.53
546,472.77,133.76
547,471.64,130.98
548,470.52,128.21
549,438.66,12.23
