821,15.02,26.91
822,19.11,29.09
823,23.2,31.27
824,27.29,33.45
825,31.38,35.63
826,35.47,37.8
827,39.55,39.98
828,43.64,42.16
829,47.73,44.34
830,51.82,46.52
831,55.91,48.7
832,58.12,49.81
833,60.32,50.92
834,62.53,52.04
835,64.74,53.15
836,66.94,54.26
837,69.15,55.37
838,71.36,56.48
839,73.57,57.6
840,75.77,58.71
841,77.98,59.82
842,83.29,62.81
843,88.61,65.8
844,93.92,68.79
845,99.24,71.78
846,104.55,74.77
847,109.87,77.76
848,115.18,80.75
849,120.5,83.74
850,125.81,86.73
851,131.47,89.26
852,137.12,91.79
853,142.78,94.32
854,148.43,96.85
855,154.09,99.38
856,159.74,101.92
857,165.4,104.45
858,171.06,106.98
859,176.71,109.51
860,182.37,112.04
861,188.02,114.57
862,193.68,117.1
863,199.33,119.63
864,204.99,122.16
865,210.65,124.69
866,216.3,127.23
867,221.96,129.76
868,227.61,132.29
869,233.27,134.82
870,238.92,137.35
871,244.58,139.88
872,248.46,140.29
873,252.34,140.7
874,256.22,141.12
875,260.1,141.53
876,263.98,141.94
877,267.85,142.35
878,271.73,142.76
879,275.61,143.18
880,279.49,143.59
881,283.37,144.0
882,284.16,143.63
883,284.96,143.26
884,285.75,142.88
885,286.54,142.51
886,287.34,142.14
887,288.13,141.77
888,288.13,141.77
889,288.13,141.77
890,288.13,141.77
891,288.13,141.77
892,288.13,141.77
893,288.13,141.77
894,288.13,141.77
895,288.13,141.77
896,288.13,141.77
897,288.13,141.77
898,288.13,141.77
899,288.13,141.77
900,288.13,141.77
901,288.13,141.77
902,288.13,141.77
903,288.13,141.77
904,288.13,141.77
905,288.13,141.77
906,288.13,141.77
907,288.13,141.77
908,288.13,141.77
909,288.13,141.77
910,288.13,141.77
911,288.13,141.77
912,288.13,141.77
913,288.13,141.77
914,288.13,141.77
915,288.13,141.77
916,288.13,141.77
917,288.13,141.77
918,288.13,141.77
919,288.38,141.66
920,288.62,141.55
921,288.87,141.44
922,289.12,141.33
923,289.37,141.22
924,289.61,141.1
925,289.86,140.99
926,290.11,140.88
927,290.35,140.77
928,290.6,140.66
929,290.85,140.55
930,291.09,140.44
931,291.34,140.33
932,291.59,140.22
933,291.83,140.11
934,292.08,139.99
935,292.33,139.88
936,292.58,139.77
937,292.82,139.66
938,293.07,139.55
939,298.17,139.98
940,303.28,140.41
941,308.38,140.85
942,313.48,141.28
943,318.59,141.71
944,323.69,142.14
945,328.79,142.58
946,333.9,143.01
947,339.0,143.44
948,343.88,142.93
949,348.77,142.43
950,353.65,141.92
951,358.54,141.42
952,363.42,140.91
953,368.31,140.41
954,373.19,139.9
955,378.08,139.4
956,382.96,138.89
957,387.85,138.39
958,392.73,137.88
959,396.68,132.16
960,400.62,126.43
961,402.06,124.79
962,403.51,123.16
963,404.95,121.52
964,406.39,119.88
965,407.84,118.24
966,409.28,116.61
967,410.73,114.97
968,412.17,113.33
969,413.61,111.69
970,415.06,110.06
971,416.5,108.42
972,419.03,108.36
973,421.55,108.29
974,424.08,108.23
975,426.61,108.16
976,429.13,108.1
977,431.66,108.04
978,434.19,107.97
979,436.71,107.91
980,439.24,107.85
981,441.77,107.78
982,444.29,107.72
983,446.82,107.65
984,449.35,107.59
985,451.87,107.53
986,454.4,107.46
987,456.93,107.4
988,459.45,107.34
989,461.98,107.27
990,464.51,107.21
991,467.03,107.14
992,469.56,107.08
993,471.63,109.22
994,473.69,111.37
995,475.76,113.51
996,477.82,115.66
997,479.89,117.8
998,481.95,119.95
999,484.02,122.09
1000,487.63,129.27
1001,491.25,136.44
1002,494.86,143.62
1003,498.47,150.8
1004,502.09,157.98
1005,505.7,165.15
1006,509.32,172.33
1007,512.93,179.51
1008,516.54,186.69
1009,520.16,193.86
1010,523.77,201.04
1011,524.53,209.57
1012,525.29,218.09
1013,526.05,226.62
1014,525.86,234.84
1015,527.13,240.02
1016,528.41,245.2
1017,529.68,250.39
1018,530.96,255.57
1019,532.23,260.75
1020,536.97,262.84
1021,541.7,264.93
1022,546.44,267.02
1023,551.17,269.11
1024,555.91,271.21
1025,560.65,273.3
1026,565.38,275.39
1027,570.12,277.48
1028,574.85,279.57
1029,579.59,281.66
1030,583.15,283.25
1031,586.71,284.85
1032,590.27,286.44
1033,593.83,288.03
1034,597.39,289.63
1035,600.95,291.22
1036,604.51,292.81
1037,608.07,294.41
1038,611.63,296.0
1039,613.71,296.76
1040,615.79,297.51
1041,617.88,298.27
1042,619.96,299.02
1043,622.04,299.78
1044,624.12,300.54
1045,626.21,301.29
1046,628.29,302.05
1047,630.37,302.8
1048,632.45,303.56
1049,634.54,304.32
1050,636.62,305.07
1051,638.7,305.83
1052,640.78,306.58
1053,642.87,307.34
1054,644.95,308.1
1055,647.03,308.85
1056,649.12,309.61
1057,651.2,310.36
1058,653.28,311.12
1059,654.71,312.01
1060,656.13,312.9
1061,657.56,313.79
1062,658.99,314.68
1063,660.41,315.57
1064,661.84,316.46
1065,663.27,317.35
1066,664.69,318.24
1067,666.12,319.13
1068,666.34,319.82
1069,666.56,320.51
1070,666.78,321.2
1071,667.0,321.89
1072,667.21,322.57
1073,667.43,323.26
1074,667.65,323.95
1075,667.87,324.64
1076,668.09,325.33
1077,668.31,326.02
1078,668.32,326.15
1079,668.33,326.28
1080,668.34,326.4
1081,668.35,326.53
1082,668.36,326.66
1083,668.37,326.79
1084,668.38,326.92
1085,668.39,327.04
1086,668.4,327.17
1087,668.4,327.3
1088,668.41,327.43
1089,668.42,327.56
1090,668.43,327.68
1091,668.44,327.81
1092,668.45,327.94
1093,668.46,328.07
1094,668.47,328.2
1095,668.48,328.32
1096,668.49,328.45
1097,668.5,328.58
1098,668.5,328.58
1099,668.5,328.58
1100,668.5,328.58
1101,668.5,328.58
1102,668.5,328.58
1103,668.5,328.58
1104,668.5,328.58
1105,668.5,328.58
1106,668.5,328.58
1107,668.5,328.58
1108,668.5,328.58
1109,668.5,328.58
1110,668.5,328.58
1111,668.5,328.58
1112,668.5,328.58
1113,668.5,328.58
1114,668.5,328.58
1115,668.5,328.58
1116,668.5,328.58
1117,668.5,328.58
1118,668.5,328.58
1119,668.5,328.58
1120,668.39,329.59
1121,668.29,330.61
1122,668.18,331.62
1123,668.08,332.63
1124,667.97,333.65
1125,667.87,334.66
1126,667.76,335.67
1127,667.66,336.69
1128,667.55,337.7
1129,667.63,338.73
1130,667.72,339.75
1131,667.8,340.78
1132,667.89,341.8
1133,667.97,342.83
1134,668.06,343.85
1135,668.14,344.88
1136,668.23,345.9
1137,668.31,346.93
1138,668.31,346.93
1139,668.31,346.93
1140,668.31,346.93
1141,668.31,346.93
1142,668.31,346.93
1143,668.31,346.93
1144,668.31,346.93
1145,668.31,346.93
1146,668.31,346.93
1147,668.31,346.93
1148,668.31,346.93
1149,668.31,346.93
1150,668.31,346.93
1151,668.31,346.93
1152,668.31,346.93
1153,668.31,346.93
1154,668.31,346.93
1155,668.31,346.93
1156,668.31,346.93
1157,668.31,346.93
1158,668.31,346.93
1159,668.31,346.93
1160,668.31,346.93
1161,668.31,346.93
1162,668.31,346.93
1163,668.31,346.93
1164,668.31,346.93
1165,668.31,346.93
1166,668.31,346.93
1167,668.31,346.93
1168,668.31,346.93
1169,668.31,346.93
1170,668.31,346.93
1171,668.31,346.93
1172,668.31,346.93
1173,668.31,346.93
1174,668.31,346.93
1175,668.31,346.93
1176,668.31,346.93
1177,668.31,346.93
1178,668.31,346.93
1179,668.57,347.07
1180,668.82,347.22
1181,669.08,347.36
1182,669.33,347.51
1183,669.59,347.65
1184,669.85,347.79
1185,670.1,347.94
1186,670.36,348.08
1187,670.61,348.23
1188,670.87,348.37
1189,671.54,348.87
1190,672.2,349.37
1191,672.87,349.88
1192,673.54,350.38
1193,674.2,350.88
1194,674.87,351.38
