195,923.82,288.33
196,920.4,289.52
197,916.97,290.7
198,913.55,291.89
199,912.84,292.06
200,912.13,292.24
201,911.42,292.41
202,910.71,292.59
203,910.0,292.76
204,909.28,292.94
205,908.57,293.11
206,907.86,293.29
207,907.15,293.46
208,906.44,293.64
209,905.73,293.81
210,905.02,293.99
211,904.31,294.16
212,903.6,294.34
213,902.89,294.51
214,902.17,294.69
215,901.46,294.86
216,900.75,295.04
217,900.04,295.21
218,899.33,295.39
219,898.62,295.56
220,895.98,295.73
221,893.33,295.89
222,890.69,296.06
223,888.04,296.22
224,885.4,296.39
225,882.76,296.56
226,880.11,296.72
227,877.47,296.89
228,874.82,297.05
229,872.18,297.22
230,871.08,297.16
231,869.99,297.1
232,868.89,297.04
233,867.79,296.98
234,866.69,296.92
235,865.6,296.86
236,864.5,296.8
237,863.4,296.74
238,862.3,296.68
239,861.21,296.62
240,860.11,296.56
241,858.54,297.04
242,856.97,297.52
243,855.4,297.99
244,853.83,298.47
245,852.26,298.95
246,850.7,299.43
247,849.13,299.91
248,847.56,300.38
249,845.99,300.86
250,844.42,301.34
251,843.86,303.94
252,843.31,306.54
253,842.75,309.15
254,842.19,311.75
255,841.64,314.35
256,841.08,316.95
257,840.52,319.55
258,839.97,322.16
259,839.41,324.76
260,838.86,327.36
261,838.3,329.96
262,837.74,332.56
263,837.19,335.17
264,836.63,337.77
265,836.07,340.37
266,835.52,342.97
267,834.96,345.57
268,834.4,348.18
269,833.85,350.78
270,833.29,353.38
271,832.5,356.91
272,831.72,360.43
273,830.93,363.96
274,830.14,367.49
275,829.36,371.02
276,828.57,374.54
277,827.79,378.07
278,827.0,381.6
279,826.21,385.13
280,825.43,388.65
281,824.64,392.18
282,823.78,392.88
283,822.93,393.58
284,822.07,394.28
285,821.22,394.98
286,820.36,395.69
287,819.5,396.39
288,818.65,397.09
289,817.79,397.79
290,816.94,398.49
291,816.08,399.19
292,814.46,398.5
293,812.85,397.82
294,811.23,397.13
295,809.61,396.45
296,808.0,395.76
297,806.38,395.08
298,801.81,392.92
299,797.23,390.76
300,792.66,388.59
301,788.08,386.43
302,783.51,384.27
303,778.93,382.11
304,774.36,379.94
305,769.78,377.78
306,765.21,375.62
307,763.66,374.93
308,762.11,374.25
309,760.57,373.56
310,759.02,372.87
311,757.47,372.18
312,755.92,371.5
313,754.37,370.81
314,752.82,370.12
315,751.28,369.43
316,749.73,368.75
317,748.18,368.06
318,748.18,368.06
319,748.18,368.06
320,748.18,368.06
321,748.18,368.06
322,748.18,368.06
323,748.18,368.06
324,748.18,368.06
325,748.18,368.06
326,748.18,368.06
327,748.18,368.06
328,748.18,368.06
329,748.18,368.06
330,748.18,368.06
331,748.18,368.06
332,748.18,368.06
333,748.18,368.06
334,748.18,368.06
335,748.18,368.06
336,748.18,368.06
337,748.18,368.06
338,745.96,366.89
339,743.74,365.71
340,741.52,364.54
341,739.3,363.36
342,737.09,362.19
343,734.87,361.01
344,732.65,359.84
345,730.43,358.66
346,728.21,357.49
347,726.18,358.05
348,724.15,358.6
349,722.12,359.16
350,720.09,359.72
351,718.06,360.27
352,716.02,360.83
353,713.99,361.38
354,711.96,361.94
355,709.93,362.5
356,707.9,363.05
357,705.87,363.61
358,705.48,364.69
359,705.09,365.77
360,704.7,366.84
361,704.31,367.92
362,703.92,369.0
363,703.53,370.08
364,703.14,371.16
365,702.75,372.23
366,702.36,373.31
367,701.97,374.39
368,701.58,375.27
369,701.19,376.15
370,700.8,377.02
371,700.41,377.9
372,700.01,378.78
373,699.62,379.66
374,699.23,380.53
375,698.84,381.41
376,698.45,382.29
377,697.04,385.97
378,695.63,389.65
379,694.21,393.33
380,692.8,397.01
381,691.39,400.69
382,689.98,404.37
383,688.57,408.05
384,687.15,411.73
385,685.74,415.41
386,684.33,419.1
387,682.92,422.78
388,681.51,426.46
389,680.09,430.14
390,678.68,433.82
391,677.27,437.5
392,675.86,441.18
393,674.45,444.86
394,673.03,448.54
395,671.62,452.22
396,670.21,455.9
397,669.59,458.01
398,668.97,460.13
399,668.36,462.24
400,667.74,464.35
401,667.12,466.46
402,666.5,468.58
403,665.88,470.69
404,665.27,472.8
405,664.65,474.92
406,664.03,477.03
407,664.03,477.03
408,664.03,477.03
409,664.03,477.03
410,664.03,477.03
411,664.03,477.03
412,664.03,477.03
413,664.03,477.03
414,664.03,477.03
415,664.03,477.03
416,664.03,477.03
417,664.03,477.03
418,664.03,477.03
419,664.03,477.03
420,664.03,477.03
421,664.03,477.03
422,664.03,477.03
423,664.03,477.03
424,664.03,477.03
425,664.03,477.03
426,664.03,477.03
427,664.03,477.03
428,664.03,477.03
429,664.03,477.03
430,664.03,477.03
431,664.03,477.03
432,664.03,477.03
433,664.03,477.03
434,664.03,477.03
435,664.03,477.03
436,664.03,477.03
437,664.03,477.03
438,664.03,477.03
439,664.03,477.03
440,664.03,477.03
441,664.03,477.03
442,664.03,477.03
443,664.03,477.03
444,664.03,477.03
445,664.03,477.03
446,664.03,477.03
447,664.03,477.03
448,664.03,477.03
449,664.03,477.03
450,664.03,477.03
451,664.03,477.03
452,664.03,477.03
453,664.03,477.03
454,664.03,477.03
455,664.03,477.03
456,664.03,477.03
457,664.03,477.03
458,663.61,477.59
459,663.18,478.14
460,662.76,478.7
461,662.34,479.25
462,661.91,479.81
463,661.49,480.36
464,661.07,480.92
465,660.64,481.47
466,660.22,482.03
467,659.89,483.44
468,659.57,484.85
469,659.24,486.26
470,658.91,487.67
471,658.59,489.08
472,658.26,490.49
473,657.93,491.9
474,657.61,493.31
475,657.28,494.73
476,656.95,496.14
477,656.62,497.55
478,656.3,498.96
479,655.97,500.37
480,655.64,501.78
481,655.32,503.19
482,654.99,504.6
483,654.55,505.46
484,654.11,506.32
485,653.67,507.18
486,653.23,508.04
487,652.79,508.9
488,652.34,509.75
489,651.9,510.61
490,651.46,511.47
491,651.02,512.33
492,650.58,513.19
493,650.14,514.05
494,652.48,515.28
495,654.82,516.52
496,657.16,517.75
497,659.49,518.98
498,661.83,520.22
499,664.17,521.45
500,666.51,522.69
501,668.85,523.92
502,671.19,525.15
503,673.53,526.39
504,675.87,527.62
505,678.2,528.85
506,680.54,530.09
507,682.88,531.32
508,685.22,532.55
509,687.56,533.79
510,689.9,535.02
511,692.24,536.26
512,694.57,537.49
513,696.91,538.72
514,699.25,539.96
515,701.59,541.19
516,702.41,541.56
517,703.24,541.93
518,704.06,542.3
519,704.89,542.67
520,705.71,543.04
521,706.54,543.41
522,707.36,543.78
523,708.18,544.15
524,709.01,544.52
525,709.83,544.89
526,710.66,545.26
527,711.48,545.63
528,711.48,545.63
529,711.48,545.63
530,711.48,545.63
531,711.48,545.63
532,711.48,545.63
533,711.48,545.63
534,711.48,545.63
535,711.48,545.63
536,711.48,545.63
537,711.48,545.63
538,711.48,545.63
539,711.48,545.63
540,711.48,545.63
541,711.48,545.63
542,711.48,545.63
543,711.48,545.63
544,711.48,545.63
545,711.48,545.63
546,711.48,545.63
547,711.48,545.63
548,711.48,545.63
549,714.23,547.16
550,716.99,548.68
551,719.74,550.21
552,722.49,551.73
553,725.24,553.26
554,728.0,554.78
555,730.75,556.31
556,733.5,557.83
557,736.26,559.36
558,739.01,560.88
559,741.76,562.41
560,744.51,563.93
561,747.27,565.46
562,750.02,566.98
563,752.77,568.51
564,755.53,570.03
565,758.28,571.56
566,761.03,573.08
567,763.78,574.61
568,766.54,576.13
569,769.29,577.66
570,773.44,579.45
571,777.59,581.24
572,781.74,583.03
573,785.89,584.82
574,790.04,586.61
575,794.19,588.39
576,798.34,590.18
577,802.49,591.97
578,806.64,593.76
579,810.79,595.55
580,814.94,597.34
581,819.08,599.26
582,823.21,601.19
583,827.35,603.11
584,831.48,605.04
585,835.62,606.96
586,839.76,608.88
587,843.89,610.81
588,848.03,612.73
589,852.16,614.66
590,856.3,616.58
591,862.9,620.04
592,869.49,623.49
593,876.09,626.95
594,882.69,630.41
595,889.28,633.86
596,895.88,637.32
597,902.47,640.77
598,909.07,644.23
599,915.67,647.69
600,922.26,651.14
601,928.86,654.6
