0,1992.55,1933.85
1,2001.51,1937.51
2,2001.51,1937.51
3,2001.51,1937.51
4,2001.51,1937.51
5,2001.51,1937.51
6,2001.51,1937.51
7,2001.51,1937.51
8,2001.51,1937.51
9,2001.51,1937.51
10,2001.51,1937.51
11,2001.51,1937.51
12,2001.51,1937.51
13,2001.51,1937.51
14,2001.51,1937.51
15,2001.51,1937.51
16,2001.51,1937.51
17,2001.51,1937.51
18,2001.51,1937.51
19,2001.51,1937.51
20,2001.51,1937.51
21,2001.51,1937.51
22,2001.51,1937.51
23,2001.51,1937.51
24,2001.51,1937.51
25,2001.51,1937.51
26,2001.51,1937.51
27,2001.51,1937.51
28,2001.51,1937.51
29,2001.51,1937.51
30,2001.51,1937.51
31,2001.51,1937.51
32,2001.51,1937.51
33,2001.51,1937.51
34,2001.51,1937.51
35,2001.51,1937.51
36,2001.51,1937.51
37,2001.51,1937.51
38,2001.51,1937.51
39,2001.51,1937.51
40,2001.51,1937.51
41,2001.51,1937.51
42,2001.51,1937.51
43,2001.51,1937.51
44,2001.51,1937.51
45,2001.51,1937.51
46,2001.51,1937.51
47,2001.51,1937.51
48,2001.51,1937.51
49,2001.51,1937.51
50,2001.51,1937.51
51,2001.51,1937.51
52,2001.51,1937.51
53,2001.51,1937.51
54,2005.7,1939.17
55,2009.8,1940.84
56,2013.99,1942.39
57,2018.18,1944.05
58,2022.38,1945.72
59,2026.57,1947.38
60,2030.67,1948.93
61,2034.86,1950.59
62,2038.67,1950.82
63,2042.58,1951.15
64,2046.39,1951.37
65,2050.29,1951.7
66,2054.1,1951.93
67,2058.01,1952.26
68,2061.82,1952.48
69,2064.39,1944.05
70,2066.97,1935.63
71,2069.54,1927.2
72,2072.11,1918.77
73,2074.68,1910.24
74,2077.26,1901.81
75,2079.83,1893.38
76,2082.5,1884.96
77,2085.07,1876.53
78,2087.64,1868.1
79,2090.21,1859.68
80,2092.79,1851.14
81,2095.36,1842.71
82,2097.93,1834.29
83,2100.5,1825.86
84,2103.08,1817.44
85,2102.6,1803.24
86,2102.12,1789.16
87,2101.65,1774.97
88,2101.17,1760.78
89,2100.69,1746.59
90,2100.22,1732.51
91,2099.74,1718.31
92,2099.27,1704.12
93,2098.79,1690.04
94,2098.31,1675.85
95,2094.79,1660.77
96,2091.36,1645.69
97,2087.93,1630.73
98,2084.4,1615.65
99,2080.88,1600.57
100,2077.45,1585.49
101,2074.02,1570.41
102,2070.49,1555.44
103,2066.97,1540.36
104,2063.54,1525.28
105,2061.25,1512.53
106,2058.96,1499.67
107,2056.68,1486.92
108,2054.39,1474.06
109,2052.1,1461.31
110,2049.72,1448.56
111,2047.43,1435.7
112,2045.15,1422.95
113,2042.86,1410.09
114,2040.57,1397.34
115,2039.15,1388.36
116,2037.62,1379.49
117,2036.19,1370.51
118,2034.67,1361.52
119,2033.24,1352.54
120,2031.71,1343.67
121,2030.28,1334.69
122,2028.76,1325.71
123,2027.33,1316.73
124,2025.81,1307.86
125,2024.38,1298.88
126,2022.66,1289.35
127,2020.95,1279.7
128,2019.23,1270.16
129,2017.52,1260.52
130,2015.8,1250.98
131,2014.09,1241.34
132,2012.37,1231.8
133,2010.66,1222.16
134,2008.94,1212.62
135,2007.23,1202.98
136,2005.51,1193.44
137,2003.8,1183.79
138,2002.08,1174.26
139,2000.37,1164.61
140,1998.65,1155.08
141,1996.94,1145.43
142,1995.22,1135.9
143,1993.51,1126.25
144,1991.79,1116.72
145,1992.55,1107.96
146,1993.41,1099.2
147,1994.17,1090.44
148,1994.94,1081.68
149,1995.79,1072.92
150,1996.56,1064.16
151,1997.41,1055.4
152,1998.18,1046.64
153,1998.94,1037.89
154,1999.8,1029.13
155,2000.56,1020.37
156,2003.03,1012.94
157,2005.51,1005.51
158,2007.99,997.97
159,2010.47,990.54
160,2013.04,983.11
161,2015.52,975.69
162,2017.99,968.15
163,2020.47,960.72
164,2022.95,953.29
165,2026.38,946.19
166,2029.81,939.21
167,2033.24,932.22
168,2036.67,925.13
169,2040.1,918.14
170,2043.53,911.05
171,2046.96,903.95
172,2050.39,896.97
173,2053.82,889.87
174,2057.25,882.88
175,2061.06,876.12
176,2064.77,869.47
177,2068.59,862.71
178,2072.3,856.05
179,2076.11,849.29
180,2079.92,842.53
181,2083.64,835.87
182,2087.45,829.11
183,2091.17,822.46
184,2094.98,815.7
185,2096.5,813.03
186,2097.93,810.37
187,2099.46,807.71
188,2100.98,805.05
189,2102.41,802.39
190,2103.93,799.73
191,2105.46,797.07
192,2106.89,794.41
193,2108.41,791.75
194,2109.94,789.09
195,2111.37,786.31
196,2112.89,783.65
197,2114.41,780.99
198,2115.84,778.33
199,2117.37,775.67
200,2118.89,773.01
201,2120.32,770.35
202,2121.85,767.69
203,2123.37,765.03
204,2124.8,762.37
205,2126.32,759.7
206,2148.05,721.12
207,2169.68,682.43
208,2175.3,669.45
209,2181.01,656.48
210,2186.64,643.51
211,2192.26,630.43
212,2197.88,617.45
213,2203.6,604.48
214,2209.22,591.51
215,2210.17,588.96
216,2211.03,586.41
217,2211.98,583.86
218,2212.84,581.2
219,2213.79,578.65
220,2214.65,576.1
221,2215.6,573.55
222,2216.46,571.0
223,2217.41,568.45
224,2218.36,565.9
225,2219.22,563.24
226,2220.17,560.69
227,2221.03,558.14
228,2221.98,555.59
229,2222.84,553.04
230,2223.79,550.49
231,2224.75,547.83
232,2225.6,545.28
233,2226.56,542.72
234,2227.41,540.17
235,2228.37,537.62
236,2229.23,535.07
237,2230.18,532.52
238,2231.04,529.86
239,2231.99,527.31
240,2232.94,524.76
241,2233.8,522.21
242,2234.75,519.66
243,2235.61,517.11
244,2236.56,514.56
245,2237.42,511.9
246,2238.37,509.35
247,2239.23,506.8
248,2240.18,504.25
249,2251.9,468.44
250,2263.62,432.74
251,2265.43,426.86
252,2267.34,421.1
253,2269.15,415.22
254,2270.96,409.46
255,2272.86,403.58
256,2274.67,397.81
257,2276.48,391.94
258,2278.39,386.17
259,2280.2,380.3
260,2282.1,374.53
261,2283.91,368.65
262,2285.73,362.78
263,2287.63,357.01
264,2289.44,351.14
265,2291.25,345.37
266,2293.16,339.49
267,2294.97,333.73
268,2296.78,327.85
269,2298.68,322.09
270,2300.49,316.21
271,2301.54,313.0
272,2302.49,309.89
273,2303.54,306.68
274,2304.59,303.46
275,2305.64,300.36
276,2306.59,297.14
277,2307.64,293.93
278,2308.69,290.82
279,2309.64,287.61
280,2310.69,284.39
281,2311.74,281.29
282,2312.78,278.07
283,2313.74,274.85
284,2314.79,271.64
285,2315.83,268.54
286,2316.88,265.32
287,2317.83,262.1
288,2318.88,259.0
289,2319.93,255.78
290,2320.88,252.57
291,2321.93,249.47
292,2322.98,246.25
293,2324.03,243.03
294,2324.98,239.93
295,2326.03,236.71
296,2340.13,192.03
297,2354.23,147.46
298,2368.33,102.78
299,2371.19,93.58
300,2374.05,84.49
301,2376.91,75.28
302,2379.86,66.08
303,2382.72,56.88
304,2385.58,47.79
305,2388.44,38.58
