0,3277.1,3571.23
1,3263.47,3567.35
2,3253.37,3563.36
3,3243.27,3559.48
4,3233.27,3555.49
5,3223.17,3551.61
6,3213.07,3547.61
7,3202.97,3543.73
8,3202.78,3543.51
9,3202.59,3543.18
10,3202.49,3542.96
11,3202.3,3542.74
12,3202.11,3542.4
13,3201.92,3542.18
14,3201.73,3541.96
15,3201.64,3541.63
16,3201.44,3541.41
17,3201.25,3541.18
18,3201.06,3540.96
19,3200.97,3540.63
20,3200.78,3540.41
21,3200.59,3540.19
22,3200.4,3539.85
23,3200.21,3539.63
24,3200.11,3539.41
25,3199.92,3539.08
26,3199.73,3538.86
27,3199.73,3538.86
28,3199.73,3538.86
29,3199.73,3538.86
30,3199.73,3538.86
31,3199.73,3538.86
32,3199.73,3538.86
33,3199.73,3538.86
34,3199.73,3538.86
35,3199.73,3538.86
36,3199.73,3538.86
37,3199.73,3538.86
38,3199.73,3538.86
39,3199.73,3538.86
40,3199.73,3538.86
41,3199.73,3538.86
42,3199.73,3538.86
43,3199.73,3538.86
44,3199.73,3538.86
45,3199.73,3538.86
46,3199.73,3538.86
47,3199.73,3538.86
48,3199.73,3538.86
49,3199.73,3538.86
50,3199.73,3538.86
51,3199.73,3538.86
52,3199.73,3538.86
53,3199.73,3538.86
54,3199.73,3538.86
55,3199.73,3538.86
56,3199.73,3538.86
57,3199.73,3538.86
58,3196.3,3538.08
59,3192.77,3537.19
60,3189.34,3536.42
61,3185.91,3535.64
62,3182.39,3534.86
63,3178.96,3533.98
64,3175.53,3533.2
65,3172.1,3532.42
66,3168.57,3531.54
67,3165.14,3530.76
68,3159.24,3528.1
69,3153.42,3525.44
70,3147.52,3522.67
71,3141.61,3520.01
72,3135.7,3517.35
73,3129.89,3514.68
74,3123.98,3512.02
75,3118.08,3509.36
76,3112.17,3506.59
77,3106.36,3503.93
78,3100.45,3501.27
79,3094.54,3498.61
80,3088.73,3495.95
81,3082.82,3493.18
82,3076.92,3490.51
83,3071.01,3487.85
84,3065.2,3485.19
85,3059.29,3482.53
86,3053.38,3479.87
87,3047.47,3477.1
88,3041.66,3474.44
89,3035.76,3471.78
90,3028.9,3468.34
91,3021.94,3465.01
92,3015.08,3461.58
93,3008.22,3458.25
94,3001.26,3454.81
95,2994.4,3451.38
96,2987.45,3448.05
97,2980.59,3444.61
98,2974.02,3442.28
99,2967.44,3439.85
100,2960.87,3437.52
101,2954.29,3435.08
102,2947.72,3432.75
103,2941.05,3430.31
104,2934.47,3427.98
105,2927.9,3425.54
106,2921.33,3423.1
107,2914.75,3420.78
108,2908.27,3418.89
109,2901.89,3416.89
110,2895.41,3415.01
111,2888.93,3413.01
112,2882.55,3411.13
113,2876.07,3409.13
114,2869.59,3407.25
115,2863.11,3405.25
116,2856.73,3403.26
117,2850.25,3401.37
118,2844.53,3399.38
119,2838.82,3397.38
120,2833.19,3395.39
121,2827.48,3393.39
122,2821.76,3391.39
123,2816.04,3389.4
124,2810.33,3387.4
125,2804.71,3385.41
126,2798.99,3383.41
127,2793.27,3381.41
128,2786.41,3379.75
129,2779.65,3378.09
130,2772.79,3376.54
131,2765.93,3374.87
132,2759.07,3373.21
133,2752.21,3371.55
134,2745.44,3369.88
135,2738.58,3368.33
136,2731.72,3366.67
137,2724.96,3365.01
138,2718.1,3363.34
139,2711.24,3361.68
140,2704.38,3360.13
141,2697.52,3358.46
142,2690.75,3356.8
143,2683.89,3355.14
144,2677.03,3353.47
145,2670.27,3351.92
146,2663.41,3350.26
147,2656.55,3348.6
148,2652.26,3346.93
149,2648.07,3345.38
150,2643.78,3343.72
151,2639.49,3342.05
152,2635.21,3340.39
153,2631.01,3338.84
154,2626.73,3337.18
155,2622.44,3335.51
156,2618.25,3333.96
157,2613.96,3332.3
158,2610.81,3330.97
159,2607.67,3329.75
160,2604.53,3328.42
161,2601.38,3327.09
162,2598.24,3325.76
163,2595.09,3324.54
164,2591.95,3323.21
165,2588.81,3321.88
166,2585.66,3320.66
167,2582.52,3319.33
168,2577.66,3318.33
169,2572.8,3317.33
170,2567.84,3316.33
171,2562.98,3315.33
172,2558.13,3314.23
173,2553.27,3313.23
174,2548.41,3312.23
175,2543.45,3311.23
176,2538.59,3310.23
177,2533.73,3309.24
178,2531.73,3309.24
179,2529.64,3309.24
180,2527.64,3309.24
181,2525.64,3309.24
182,2523.54,3309.24
183,2521.54,3309.24
184,2519.54,3309.24
185,2517.54,3309.24
186,2515.44,3309.24
187,2513.44,3309.24
188,2513.44,3309.24
189,2513.44,3309.24
190,2513.44,3309.24
191,2513.44,3309.24
192,2513.44,3309.24
193,2513.44,3309.24
194,2513.44,3309.24
195,2513.44,3309.24
196,2513.44,3309.24
197,2513.44,3309.24
198,2513.44,3309.24
199,2513.44,3309.24
200,2513.44,3309.24
201,2513.44,3309.24
202,2513.44,3309.24
203,2513.44,3309.24
204,2513.44,3309.24
205,2513.44,3309.24
206,2513.44,3309.24
207,2513.44,3309.24
208,2513.44,3309.24
209,2513.44,3309.24
210,2513.44,3309.24
211,2513.44,3309.24
212,2513.44,3309.24
213,2513.44,3309.24
214,2513.44,3309.24
215,2513.44,3309.24
216,2513.44,3309.24
217,2513.44,3309.24
218,2513.44,3309.24
219,2513.44,3309.24
220,2513.44,3309.24
221,2513.44,3309.24
222,2513.44,3309.24
223,2513.44,3309.24
224,2513.44,3309.24
225,2513.44,3309.24
226,2513.44,3309.24
227,2513.44,3309.24
228,2513.44,3309.24
229,2513.44,3309.24
230,2513.44,3309.24
231,2513.44,3309.24
232,2513.44,3309.24
233,2513.44,3309.24
234,2513.44,3309.24
235,2513.44,3309.24
236,2513.44,3309.24
237,2513.44,3309.24
238,2513.44,3309.24
239,2513.44,3309.24
240,2513.44,3309.24
241,2513.44,3309.24
242,2513.44,3309.24
243,2513.44,3309.24
244,2513.44,3309.24
245,2513.44,3309.24
246,2513.44,3309.24
247,2513.44,3309.24
248,2513.44,3309.24
249,2513.44,3309.24
250,2513.44,3309.24
251,2513.44,3309.24
252,2513.44,3309.24
253,2513.44,3309.24
254,2513.44,3309.24
255,2513.44,3309.24
256,2513.44,3309.24
257,2513.44,3309.24
258,2513.44,3309.24
259,2513.44,3309.24
260,2513.44,3309.24
261,2513.44,3309.24
262,2513.44,3309.24
263,2513.44,3309.24
264,2513.44,3309.24
265,2513.44,3309.24
266,2513.44,3309.24
267,2513.44,3309.24
268,2513.44,3309.24
269,2513.44,3309.24
270,2513.44,3309.24
271,2513.44,3309.24
272,2513.44,3309.24
273,2513.44,3309.24
274,2513.44,3309.24
275,2513.44,3309.24
276,2513.44,3309.24
277,2513.44,3309.24
278,2513.44,3309.24
279,2509.91,3308.9
280,2506.29,3308.68
281,2502.77,3308.35
282,2499.15,3308.02
283,2495.62,3307.68
284,2492.0,3307.46
285,2488.48,3307.13
286,2484.86,3306.8
287,2481.33,3306.46
288,2477.71,3306.24
289,2474.19,3305.91
290,2471.42,3305.47
291,2468.56,3304.91
292,2465.71,3304.36
293,2462.94,3303.91
294,2460.18,3303.47
295,2457.32,3302.92
296,2454.56,3302.47
297,2451.7,3301.92
298,2448.94,3301.48
299,2446.08,3300.92
300,2442.74,3299.81
301,2439.41,3298.7
302,2436.07,3297.48
303,2432.74,3296.38
304,2429.4,3295.27
305,2426.07,3294.16
306,2422.74,3293.05
307,2419.4,3291.83
308,2416.07,3290.72
309,2412.73,3289.61
310,2403.01,3287.95
311,2393.29,3286.4
312,2383.58,3284.73
313,2373.86,3283.07
314,2364.14,3281.52
315,2354.42,3279.86
316,2344.7,3278.19
317,2334.98,3276.64
318,2325.27,3274.98
319,2315.55,3273.31
320,2305.83,3271.76
321,2296.11,3270.1
322,2286.39,3268.55
323,2276.67,3266.88
324,2266.96,3265.22
325,2257.24,3263.67
326,2247.52,3262.0
327,2237.8,3260.34
328,2228.08,3258.79
329,2218.36,3257.13
330,2214.08,3256.24
331,2209.69,3255.35
332,2205.41,3254.47
333,2201.02,3253.58
334,2196.64,3252.69
335,2192.35,3251.8
336,2187.97,3250.92
337,2183.68,3250.03
338,2179.3,3249.14
339,2175.01,3248.26
340,2172.06,3247.59
341,2169.1,3246.81
342,2166.15,3246.15
343,2163.2,3245.48
344,2160.24,3244.82
345,2157.29,3244.04
346,2154.43,3243.38
347,2151.48,3242.71
348,2148.52,3242.05
349,2145.57,3241.38
350,2142.62,3240.61
351,2139.66,3239.94
352,2136.04,3238.39
353,2132.33,3236.73
354,2128.71,3235.17
355,2124.99,3233.51
356,2121.37,3231.96
357,2117.75,3230.41
358,2114.03,3228.74
359,2110.41,3227.19
360,2110.32,3227.19
361,2110.22,3227.19
362,2110.13,3227.19
363,2110.03,3227.19
364,2109.94,3227.19
365,2109.84,3227.3
366,2109.75,3227.3
367,2109.65,3227.3
368,2109.56,3227.3
369,2109.46,3227.3
370,2108.7,3226.41
371,2108.03,3225.53
372,2107.27,3224.64
373,2106.6,3223.75
374,2105.84,3222.87
375,2105.08,3221.98
376,2104.41,3221.09
377,2103.65,3220.21
378,2102.98,3219.32
379,2102.22,3218.43
380,2101.46,3217.43
381,2100.79,3216.55
382,2100.03,3215.66
383,2099.36,3214.77
384,2098.6,3213.89
385,2097.84,3213.0
386,2097.17,3212.11
387,2096.41,3211.22
388,2095.74,3210.34
389,2094.98,3209.45
390,2090.4,3202.02
391,2085.83,3194.59
392,2081.35,3187.16
393,2076.78,3179.74
394,2072.21,3172.31
395,2067.63,3164.88
396,2063.06,3157.45
397,2058.58,3150.02
398,2054.01,3142.59
399,2049.44,3135.17
400,2047.24,3130.18
401,2045.15,3125.08
402,2042.96,3120.09
403,2040.76,3114.99
404,2038.67,3110.0
405,2036.48,3105.01
406,2034.29,3099.91
407,2032.09,3094.92
408,2030.0,3089.82
409,2027.81,3084.83
410,2027.81,3084.72
411,2027.81,3084.72
412,2027.81,3084.61
413,2027.81,3084.61
414,2027.81,3084.5
415,2027.71,3084.39
416,2027.71,3084.39
417,2027.71,3084.27
418,2027.71,3084.27
419,2027.71,3084.16
420,2027.71,3084.16
421,2027.71,3084.16
422,2027.71,3084.16
423,2027.71,3084.16
424,2027.71,3084.16
425,2027.71,3084.16
426,2027.71,3084.16
427,2027.71,3084.16
428,2027.71,3084.16
429,2027.71,3084.16
430,2027.71,3084.16
431,2027.71,3084.16
432,2027.71,3084.16
433,2027.71,3084.16
434,2027.71,3084.16
435,2027.71,3084.16
436,2027.71,3084.16
437,2027.71,3084.16
438,2027.71,3084.16
439,2027.71,3084.16
440,2027.71,3084.16
441,2027.71,3084.16
442,2027.71,3084.16
443,2027.71,3084.16
444,2027.71,3084.16
445,2027.71,3084.16
446,2027.71,3084.16
447,2027.71,3084.16
448,2027.71,3084.16
449,2027.71,3084.16
450,2027.71,3084.16
451,2027.71,3084.16
452,2027.33,3083.17
453,2026.85,3082.17
454,2026.47,3081.06
455,2026.0,3080.06
456,2025.62,3079.06
457,2025.14,3078.07
458,2024.76,3077.07
459,2024.28,3075.96
460,2023.9,3074.96
461,2023.42,3073.96
462,2019.61,3067.98
463,2015.8,3062.1
464,2011.9,3056.11
465,2008.08,3050.13
466,2004.27,3044.25
467,2000.46,3038.26
468,1996.56,3032.27
469,1992.74,3026.4
470,1988.93,3020.41
471,1983.12,3016.97
472,1977.21,3013.54
473,1971.4,3010.1
474,1965.59,3006.66
475,1959.68,3003.12
476,1953.87,2999.68
477,1948.06,2996.24
478,1942.15,2992.8
479,1936.34,2989.37
480,1930.34,2988.92
481,1924.43,2988.37
482,1918.43,2987.93
483,1912.43,2987.48
484,1906.42,2986.93
485,1900.52,2986.48
486,1894.51,2986.04
487,1888.51,2985.49
488,1882.51,2985.04
489,1876.6,2984.49
490,1870.6,2984.04
491,1864.6,2983.6
492,1858.59,2983.05
493,1852.69,2982.6
494,1846.68,2982.16
495,1840.68,2981.61
496,1834.68,2981.16
497,1828.77,2980.72
498,1822.77,2980.16
499,1816.77,2979.72
500,1810.76,2979.28
501,1804.86,2978.72
502,1798.85,2978.28
503,1792.85,2977.73
504,1786.85,2977.28
505,1780.94,2976.84
506,1774.94,2976.28
507,1768.94,2975.84
508,1762.93,2975.4
509,1757.03,2974.84
510,1751.02,2974.4
511,1751.02,2974.4
512,1751.02,2974.4
513,1751.02,2974.4
514,1751.02,2974.4
515,1751.02,2974.4
516,1751.02,2974.4
517,1751.02,2974.4
518,1751.02,2974.4
519,1751.02,2974.4
520,1749.02,2974.62
521,1747.12,2974.95
522,1745.12,2975.18
523,1743.21,2975.4
524,1741.21,2975.62
525,1739.21,2975.95
526,1737.3,2976.17
527,1735.3,2976.39
528,1733.4,2976.73
529,1731.4,2976.95
530,1725.97,2977.17
531,1720.53,2977.39
532,1715.1,2977.73
533,1709.67,2977.95
534,1704.24,2978.17
535,1698.81,2978.39
536,1693.38,2978.61
537,1687.95,2978.94
538,1682.52,2979.17
539,1677.09,2979.39
540,1671.56,2979.17
541,1665.94,2978.94
542,1660.41,2978.72
543,1654.79,2978.5
544,1649.27,2978.28
545,1643.65,2978.06
546,1638.12,2977.84
547,1632.5,2977.61
548,1626.88,2977.39
549,1621.35,2977.17
550,1611.92,2976.73
551,1602.48,2976.28
552,1593.05,2975.84
553,1583.62,2975.4
554,1574.19,2974.95
555,1564.66,2974.51
556,1555.23,2974.07
557,1545.79,2973.62
558,1536.36,2973.18
559,1526.93,2972.74
560,1517.5,2972.29
561,1508.06,2971.85
562,1498.63,2971.41
563,1489.2,2970.96
564,1479.77,2970.52
565,1470.24,2970.07
566,1460.81,2969.63
567,1451.37,2969.19
568,1441.94,2968.74
569,1432.51,2968.3
570,1422.79,2969.63
571,1413.07,2970.96
572,1403.35,2972.29
573,1393.63,2973.62
574,1383.92,2974.95
575,1374.2,2976.28
576,1364.48,2977.61
577,1354.76,2978.94
578,1345.04,2980.28
579,1335.32,2981.61
580,1330.18,2981.61
581,1325.03,2981.61
582,1319.98,2981.49
583,1314.84,2981.49
584,1309.69,2981.49
585,1304.55,2981.49
586,1299.4,2981.49
587,1294.36,2981.38
588,1289.21,2981.38
589,1284.06,2981.38
590,1278.54,2980.94
591,1272.92,2980.39
592,1267.39,2979.83
593,1261.77,2979.39
594,1256.24,2978.94
595,1250.62,2978.39
596,1245.0,2977.95
597,1239.47,2977.39
598,1233.85,2976.95
599,1228.33,2976.39
600,1223.94,2978.17
601,1219.56,2979.83
602,1215.27,2981.61
603,1210.89,2983.27
604,1206.51,2985.04
605,1202.98,2990.14
606,1199.55,2995.35
607,1196.03,3000.45
608,1192.6,3005.67
609,1189.07,3010.77
610,1185.64,3015.98
611,1182.12,3021.08
612,1180.31,3025.96
613,1178.59,3030.72
614,1176.78,3035.6
615,1175.07,3040.48
616,1173.26,3045.25
617,1171.54,3050.13
618,1169.73,3055.0
619,1168.02,3059.77
620,1166.21,3064.65
621,1164.49,3069.53
622,1162.68,3074.3
623,1160.97,3079.17
624,1159.16,3084.05
625,1157.44,3088.82
626,1155.63,3093.7
627,1153.91,3098.58
628,1152.1,3103.34
629,1150.39,3108.22
630,1148.58,3113.1
631,1146.86,3117.87
632,1145.05,3122.75
633,1144.2,3124.63
634,1143.34,3126.52
635,1142.48,3128.51
636,1141.62,3130.4
637,1140.86,3132.28
638,1140.0,3134.17
639,1139.15,3136.16
640,1138.29,3138.05
641,1137.43,3139.93
642,1137.43,3139.93
643,1137.43,3139.93
644,1137.43,3139.93
645,1137.43,3139.93
646,1137.43,3139.93
647,1137.43,3139.93
648,1137.43,3139.93
649,1137.43,3139.93
650,1137.43,3139.93
651,1137.43,3139.93
652,1137.43,3139.93
653,1137.43,3139.93
654,1137.43,3139.93
655,1137.43,3139.93
656,1137.43,3139.93
657,1137.43,3139.93
658,1137.43,3139.93
659,1137.43,3139.93
660,1137.43,3139.93
661,1137.43,3139.93
662,1137.43,3139.93
663,1137.43,3139.93
664,1137.43,3139.93
665,1137.43,3139.93
666,1137.43,3139.93
667,1137.43,3139.93
668,1137.43,3139.93
669,1137.43,3139.93
670,1137.43,3139.93
671,1137.43,3139.93
672,1137.43,3139.93
673,1137.43,3139.93
674,1137.43,3139.93
675,1137.43,3139.93
676,1137.43,3139.93
677,1137.43,3139.93
678,1137.43,3139.93
679,1137.43,3139.93
680,1137.43,3139.93
681,1137.43,3139.93
682,1137.43,3139.93
683,1137.43,3139.93
684,1137.43,3139.93
685,1137.43,3139.93
686,1137.43,3139.93
687,1137.43,3139.93
688,1137.43,3139.93
689,1137.43,3139.93
690,1137.43,3139.93
691,1137.43,3139.93
692,1137.43,3139.93
693,1137.43,3139.93
694,1137.43,3139.93
695,1137.43,3139.93
696,1137.43,3139.93
697,1137.43,3139.93
698,1137.43,3139.93
699,1137.43,3139.93
700,1137.43,3139.93
701,1137.43,3139.93
702,1136.86,3141.37
703,1136.29,3142.82
704,1135.72,3144.37
705,1135.15,3145.81
706,1134.57,3147.25
707,1134.0,3148.69
708,1133.43,3150.13
709,1132.86,3151.69
710,1132.29,3153.13
711,1131.72,3154.57
712,1128.86,3159.45
713,1126.0,3164.21
714,1123.14,3169.09
715,1120.28,3173.86
716,1117.42,3178.74
717,1111.99,3180.07
718,1106.66,3181.29
719,1101.23,3182.62
720,1094.56,3178.18
721,1087.89,3173.64
722,1081.31,3169.2
723,1074.64,3164.77
724,1067.97,3160.33
725,1061.3,3155.79
726,1054.63,3151.35
727,1048.06,3146.92
728,1041.39,3142.37
729,1034.72,3137.94
730,1025.67,3133.17
731,1016.71,3128.29
732,1007.76,3123.52
733,998.71,3118.76
734,989.75,3113.99
735,980.7,3109.22
736,971.65,3104.34
737,962.69,3099.57
738,953.74,3094.81
739,944.68,3089.93
740,935.63,3085.16
741,926.68,3080.39
742,917.72,3075.63
743,908.67,3070.86
744,899.62,3065.98
745,890.66,3061.21
746,881.61,3056.45
747,872.65,3051.57
748,863.7,3046.8
749,854.65,3042.03
750,847.79,3038.93
751,840.83,3035.82
752,833.97,3032.72
753,827.11,3029.61
754,820.25,3026.51
755,813.3,3023.4
756,806.44,3020.3
757,799.58,3017.2
758,792.62,3014.09
759,785.76,3010.99
760,784.14,3010.77
761,782.62,3010.65
762,781.0,3010.43
763,779.38,3010.32
764,777.85,3010.1
765,776.23,3009.99
766,774.61,3009.88
767,772.99,3009.66
768,771.47,3009.55
769,769.85,3009.32
770,763.66,3006.33
771,757.37,3003.34
772,751.17,3000.34
773,744.98,2997.35
774,738.79,2994.36
775,732.5,2991.36
776,726.31,2988.37
777,720.11,2985.38
778,713.82,2982.38
779,707.63,2979.39
780,703.34,2976.95
781,699.06,2974.51
782,694.77,2972.07
783,690.48,2969.63
784,686.19,2967.19
785,681.91,2964.75
786,677.62,2962.31
787,673.33,2959.87
788,669.04,2957.44
789,664.76,2955.0
790,663.99,2954.44
791,663.23,2953.89
792,662.37,2953.33
793,661.61,2952.89
794,660.85,2952.34
795,660.09,2951.78
796,659.33,2951.23
797,658.47,2950.67
798,657.71,2950.12
799,656.94,2949.67
800,656.18,2949.12
801,655.42,2948.57
802,654.56,2948.01
803,653.8,2947.46
804,653.04,2946.9
805,652.27,2946.35
806,651.51,2945.9
807,650.66,2945.35
808,649.89,2944.8
809,649.13,2944.24
810,645.89,2942.69
811,642.65,2941.25
812,639.41,2939.81
813,636.17,2938.25
814,632.93,2936.81
815,629.69,2935.26
816,626.45,2933.82
817,623.22,2932.27
818,619.98,2930.83
819,616.74,2929.27
820,614.64,2928.39
821,612.54,2927.5
822,610.54,2926.72
823,608.45,2925.84
824,606.35,2924.95
825,604.25,2924.06
826,602.16,2923.18
827,600.16,2922.4
828,598.06,2921.51
829,595.97,2920.63
830,594.44,2920.29
831,593.01,2919.96
832,591.49,2919.63
833,589.96,2919.29
834,588.53,2918.96
835,587.01,2918.63
836,585.48,2918.3
837,583.96,2917.96
838,582.53,2917.63
839,581.01,2917.3
840,581.01,2917.3
841,580.91,2917.3
842,580.91,2917.3
843,580.91,2917.3
844,580.91,2917.3
845,580.82,2917.41
846,580.82,2917.41
847,580.82,2917.41
848,580.72,2917.41
849,580.72,2917.41
850,580.72,2917.41
851,580.72,2917.41
852,580.72,2917.41
853,580.72,2917.41
854,580.72,2917.41
855,580.72,2917.41
856,580.72,2917.41
857,580.72,2917.41
858,580.72,2917.41
859,580.72,2917.41
860,580.72,2917.41
861,580.72,2917.41
862,580.72,2917.41
863,580.72,2917.41
864,580.72,2917.41
865,580.72,2917.41
866,580.72,2917.41
867,580.72,2917.41
868,580.72,2917.41
869,580.72,2917.41
870,580.72,2917.41
871,580.72,2917.41
872,580.72,2917.41
873,580.72,2917.41
874,580.72,2917.41
875,580.72,2917.41
876,580.72,2917.41
877,580.72,2917.41
878,580.72,2917.41
879,580.72,2917.41
880,577.67,2916.3
881,574.53,2915.08
882,571.48,2913.86
883,568.43,2912.75
884,565.29,2911.64
885,562.24,2910.43
886,559.19,2909.21
887,556.14,2908.1
888,552.99,2906.99
889,549.95,2905.77
890,546.61,2904.55
891,543.18,2903.33
892,539.75,2902.11
893,536.42,2900.89
894,532.99,2899.56
895,529.65,2898.34
896,526.32,2897.12
897,522.89,2895.9
898,519.46,2894.68
899,516.12,2893.46
900,509.93,2890.69
901,503.64,2888.03
902,497.45,2885.26
903,491.16,2882.48
904,484.97,2879.82
905,478.77,2877.05
906,472.48,2874.28
907,466.29,2871.51
908,460.0,2868.85
909,453.81,2866.08
910,450.76,2864.97
911,447.62,2863.97
912,444.57,2862.86
913,441.52,2861.86
914,438.38,2860.75
915,435.33,2859.76
916,432.28,2858.65
917,429.13,2857.65
918,426.08,2856.54
919,422.94,2855.54
920,419.89,2854.43
921,416.84,2853.44
922,413.7,2852.33
923,410.65,2851.33
924,407.6,2850.22
925,404.46,2849.11
926,401.41,2848.11
927,398.36,2847.01
928,395.21,2846.01
929,392.17,2844.9
930,389.12,2843.9
931,385.97,2842.79
932,382.92,2841.79
933,379.78,2840.69
934,376.73,2839.69
935,373.68,2838.58
936,370.54,2837.58
937,367.49,2836.47
