0,3342.65,3798.52
1,3342.65,3798.52
2,3342.65,3798.52
3,3342.65,3798.52
4,3342.65,3798.52
5,3342.65,3798.52
6,3342.65,3798.52
7,3342.65,3798.52
8,3342.65,3798.52
9,3342.65,3798.52
10,3342.65,3798.52
11,3342.65,3798.52
12,3342.27,3799.07
13,3341.88,3799.74
14,3341.5,3800.29
15,3341.03,3800.85
16,3340.65,3801.4
17,3340.26,3801.96
18,3339.88,3802.62
19,3339.5,3803.18
20,3339.12,3803.73
21,3338.65,3804.4
22,3338.26,3804.95
23,3337.88,3805.51
24,3337.5,3806.06
25,3337.12,3806.61
26,3336.74,3807.28
27,3336.36,3807.83
28,3335.88,3808.39
29,3335.5,3809.05
30,3335.12,3809.61
31,3334.74,3810.16
32,3333.4,3812.05
33,3331.98,3814.04
34,3330.64,3815.93
35,3329.31,3817.81
36,3327.88,3819.7
37,3326.54,3821.69
38,3325.21,3823.58
39,3323.88,3825.46
40,3322.45,3827.46
41,3321.11,3829.34
42,3320.45,3830.56
43,3319.78,3831.78
44,3319.11,3833.0
45,3318.45,3834.11
46,3317.78,3835.33
47,3317.11,3836.55
48,3316.45,3837.77
49,3315.78,3838.99
50,3315.11,3840.1
51,3314.44,3841.32
52,3313.78,3842.54
53,3313.11,3843.76
54,3311.87,3838.77
55,3310.63,3833.78
56,3313.59,3828.79
57,3316.45,3823.8
58,3319.4,3818.92
59,3322.26,3813.93
60,3325.21,3808.94
61,3328.16,3803.95
62,3331.02,3798.96
63,3333.98,3794.09
64,3336.83,3789.1
65,3339.79,3784.11
66,3339.79,3784.11
67,3339.79,3784.11
68,3339.88,3784.11
69,3339.88,3784.11
70,3339.88,3784.11
71,3339.88,3784.0
72,3339.98,3784.0
73,3339.98,3784.0
74,3339.98,3784.0
75,3339.98,3784.0
76,3340.07,3784.0
77,3340.07,3784.0
78,3340.07,3784.0
79,3340.17,3784.0
80,3340.17,3783.89
81,3340.17,3783.89
82,3340.17,3783.89
83,3340.26,3783.89
84,3340.26,3783.89
85,3340.26,3783.89
86,3340.26,3783.89
87,3340.26,3783.89
88,3340.26,3783.89
89,3340.26,3783.89
90,3340.26,3783.89
91,3340.26,3783.89
92,3340.26,3783.89
93,3340.26,3783.89
94,3340.26,3783.89
95,3340.26,3783.89
96,3340.26,3783.89
97,3340.26,3783.89
98,3340.26,3783.89
99,3340.26,3783.89
100,3340.26,3783.89
101,3340.26,3783.89
102,3340.26,3783.89
103,3340.26,3783.89
104,3340.26,3783.89
105,3340.26,3783.89
106,3340.26,3783.89
107,3342.17,3782.44
108,3344.17,3781.0
109,3346.08,3779.67
110,3347.98,3778.23
111,3349.98,3776.79
112,3351.89,3775.35
113,3353.79,3774.02
114,3355.8,3772.58
115,3357.7,3771.13
116,3359.61,3769.8
117,3361.61,3768.36
118,3363.51,3766.92
119,3365.7,3759.83
120,3367.9,3752.73
121,3370.09,3745.63
122,3372.18,3738.65
123,3374.37,3731.55
124,3376.57,3724.46
125,3378.76,3717.36
126,3381.14,3707.16
127,3383.52,3696.96
128,3385.9,3686.65
129,3388.29,3676.45
130,3390.67,3666.25
131,3393.05,3656.05
132,3395.43,3645.74
133,3397.81,3635.54
134,3400.19,3625.34
135,3402.58,3615.03
136,3404.96,3604.82
137,3407.34,3594.62
138,3409.72,3584.42
139,3412.1,3574.11
140,3414.49,3563.91
141,3416.87,3553.71
142,3419.25,3543.51
143,3421.63,3533.31
144,3424.01,3523.0
145,3426.4,3512.8
146,3428.3,3503.49
147,3430.3,3494.06
148,3432.21,3484.75
149,3434.11,3475.32
150,3436.11,3465.9
151,3438.02,3456.59
152,3439.93,3447.16
153,3441.83,3437.85
154,3443.83,3428.43
155,3445.74,3419.11
156,3445.83,3418.56
157,3445.83,3418.11
158,3445.93,3417.56
159,3445.93,3417.12
160,3445.93,3416.56
161,3446.02,3416.01
162,3446.12,3415.56
163,3446.12,3415.01
164,3446.21,3414.57
165,3446.21,3414.01
166,3446.21,3414.01
167,3446.21,3414.01
168,3446.21,3414.01
169,3446.21,3414.01
170,3446.21,3414.01
171,3446.21,3414.01
172,3446.21,3414.01
173,3446.21,3414.01
174,3446.21,3414.01
175,3446.21,3414.01
176,3446.21,3414.01
177,3446.21,3414.01
178,3446.21,3414.01
179,3446.21,3414.01
180,3446.21,3414.01
181,3446.21,3414.01
182,3446.21,3414.01
183,3446.21,3414.01
184,3446.21,3414.01
185,3446.21,3414.01
186,3446.21,3414.01
187,3446.21,3414.01
188,3446.21,3414.01
189,3446.21,3414.01
190,3446.21,3414.01
191,3446.21,3414.01
192,3446.21,3414.01
193,3446.21,3414.01
194,3446.21,3414.01
195,3446.21,3414.01
196,3446.21,3414.01
197,3446.21,3414.01
198,3446.21,3414.01
199,3446.21,3414.01
200,3446.21,3414.01
201,3446.21,3414.01
202,3446.21,3414.01
203,3446.21,3414.01
204,3446.21,3414.01
205,3446.21,3414.01
206,3446.21,3414.01
207,3446.21,3414.01
208,3446.21,3414.01
209,3446.21,3414.01
210,3446.21,3414.01
211,3446.21,3414.01
212,3446.21,3414.01
213,3446.21,3414.01
214,3446.21,3414.01
215,3446.21,3414.01
216,3446.21,3414.01
217,3446.21,3414.01
218,3446.21,3414.01
219,3446.21,3414.01
220,3446.21,3414.01
221,3446.21,3414.01
222,3446.21,3414.01
223,3446.21,3414.01
224,3446.21,3414.01
225,3446.21,3414.01
226,3446.21,3414.01
227,3446.21,3414.01
228,3446.21,3414.01
229,3446.21,3414.01
230,3446.21,3414.01
231,3446.21,3414.01
232,3446.21,3414.01
233,3446.21,3414.01
234,3446.21,3414.01
235,3446.21,3414.01
236,3445.64,3413.79
237,3445.17,3413.68
238,3444.59,3413.46
239,3444.02,3413.24
240,3443.55,3413.12
241,3442.97,3412.9
242,3442.4,3412.68
243,3441.83,3412.46
244,3441.36,3412.35
245,3440.78,3412.13
246,3443.45,3400.26
247,3446.12,3388.29
248,3448.88,3376.43
249,3451.55,3364.56
250,3454.22,3352.59
251,3456.89,3340.72
252,3459.55,3328.86
253,3462.32,3316.89
254,3464.98,3305.02
255,3467.65,3293.16
256,3470.32,3281.19
257,3472.99,3269.32
258,3475.75,3257.35
259,3478.42,3245.48
260,3481.09,3233.62
261,3483.75,3221.65
262,3486.42,3209.78
263,3489.18,3197.92
264,3491.85,3185.95
265,3494.52,3174.08
266,3496.43,3161.55
267,3498.43,3149.14
268,3500.33,3136.61
269,3502.24,3124.19
270,3504.24,3111.66
271,3506.14,3099.13
272,3508.05,3086.71
273,3509.96,3074.18
274,3511.96,3061.77
275,3513.86,3049.24
276,3513.0,3045.36
277,3512.15,3041.48
278,3511.19,3037.71
279,3510.34,3033.83
280,3507.19,3032.16
281,3504.14,3030.39
282,3501.0,3028.73
283,3494.43,3029.28
284,3487.85,3029.84
285,3481.28,3030.39
286,3469.18,3031.06
287,3456.98,3031.83
288,3444.88,3032.5
289,3432.78,3033.16
290,3420.68,3033.94
291,3408.48,3034.6
292,3396.38,3035.27
293,3384.28,3035.93
294,3372.09,3036.71
295,3359.99,3037.38
296,3346.65,3034.6
297,3333.31,3031.94
298,3319.97,3029.17
299,3306.63,3026.4
300,3293.29,3023.74
301,3279.95,3020.97
302,3266.61,3018.19
303,3253.28,3015.42
304,3239.94,3012.76
305,3226.6,3009.99
306,3222.12,3008.22
307,3217.64,3006.55
308,3213.16,3004.78
309,3208.69,3003.12
310,3204.21,3001.34
311,3199.82,2999.68
312,3195.35,2997.9
313,3190.87,2996.24
314,3186.39,2994.47
315,3181.91,2992.8
316,3177.43,2991.03
317,3172.96,2989.26
318,3168.48,2987.59
319,3164.0,2985.82
320,3159.52,2984.16
321,3155.14,2982.38
322,3150.66,2980.72
323,3146.18,2978.94
324,3141.71,2977.28
325,3137.23,2975.51
326,3136.08,2974.73
327,3135.04,2973.84
328,3133.89,2972.96
329,3132.84,2972.18
330,3131.7,2971.29
331,3130.65,2970.52
332,3129.51,2969.74
333,3128.46,2968.86
334,3127.32,2967.97
335,3126.27,2967.19
336,3124.75,2966.86
337,3123.22,2966.53
338,3121.6,2966.08
339,3120.08,2965.75
340,3118.55,2965.42
341,3117.03,2965.09
342,3115.5,2964.75
343,3113.88,2964.31
344,3112.36,2963.98
345,3110.83,2963.64
346,3108.64,2960.98
347,3106.55,2958.21
348,3104.36,2955.44
349,3102.26,2952.78
350,3098.07,2950.89
351,3093.97,2948.9
352,3089.78,2947.01
353,3085.68,2945.02
354,3081.49,2943.13
355,3077.39,2941.25
356,3073.2,2939.25
357,3069.1,2937.37
358,3065.01,2935.37
359,3060.81,2933.49
360,3056.91,2931.16
361,3053.0,2928.72
362,3049.19,2926.39
363,3045.28,2924.06
364,3041.38,2921.73
365,3037.47,2919.29
366,3033.56,2916.97
367,3029.75,2914.64
368,3025.85,2912.2
369,3021.94,2909.87
370,3018.7,2907.54
371,3015.37,2905.21
372,3012.13,2902.89
373,3008.79,2900.56
374,3005.55,2898.12
375,3002.22,2895.79
376,2998.98,2893.46
377,2995.64,2891.13
378,2992.4,2888.8
379,2989.07,2886.48
380,2985.83,2884.15
381,2982.59,2881.82
382,2979.26,2879.49
383,2976.02,2877.16
384,2972.68,2874.72
385,2969.44,2872.4
386,2966.11,2870.07
387,2962.87,2867.74
388,2959.53,2865.41
389,2956.29,2863.08
390,2948.77,2858.31
391,2941.33,2853.66
392,2933.81,2848.89
393,2926.38,2844.23
394,2918.85,2839.47
395,2911.32,2834.81
396,2903.89,2830.15
397,2896.36,2825.39
398,2888.93,2820.62
399,2881.4,2815.96
400,2869.21,2808.75
401,2857.11,2801.66
402,2844.91,2794.56
403,2832.72,2787.36
404,2820.62,2780.15
405,2808.42,2773.05
406,2796.23,2765.85
407,2784.03,2758.75
408,2771.93,2751.65
409,2759.73,2744.45
410,2748.21,2736.58
411,2736.68,2728.7
412,2725.15,2720.94
413,2713.62,2713.07
414,2702.09,2705.2
415,2690.56,2697.33
416,2679.03,2689.45
417,2667.51,2681.58
418,2655.98,2673.82
419,2644.45,2665.95
420,2632.92,2658.08
421,2621.39,2650.21
422,2605.76,2638.45
423,2590.14,2626.7
424,2574.51,2614.84
425,2558.89,2603.08
426,2543.36,2591.33
427,2527.73,2579.58
428,2512.11,2567.72
429,2496.48,2555.96
430,2485.14,2550.2
431,2473.71,2544.43
432,2462.37,2538.67
433,2450.94,2532.9
434,2439.6,2527.25
435,2428.17,2521.48
436,2416.73,2515.72
437,2405.39,2509.95
438,2394.06,2504.19
439,2382.62,2498.42
440,2371.19,2492.65
441,2359.85,2486.89
442,2348.51,2481.12
443,2337.08,2475.36
444,2325.65,2469.59
445,2314.31,2463.94
446,2302.97,2458.17
447,2291.54,2452.41
448,2280.1,2446.64
449,2268.77,2440.88
450,2256.38,2435.0
451,2243.99,2429.23
452,2231.61,2423.36
453,2219.22,2417.48
454,2206.83,2411.72
455,2194.45,2405.84
456,2182.06,2399.96
457,2169.68,2394.09
458,2157.29,2388.32
459,2144.9,2382.45
460,2130.8,2375.68
461,2116.7,2368.92
462,2102.6,2362.16
463,2088.5,2355.39
464,2074.4,2348.63
465,2060.39,2341.76
466,2046.29,2334.99
467,2032.19,2328.23
468,2018.09,2321.47
469,2003.99,2314.7
470,1989.51,2307.94
471,1975.02,2301.29
472,1960.64,2294.52
473,1946.15,2287.76
474,1931.67,2281.11
475,1917.19,2274.34
476,1902.71,2267.58
477,1888.32,2260.82
478,1873.84,2254.17
479,1859.36,2247.4
480,1844.02,2242.86
481,1828.68,2238.31
482,1813.34,2233.77
483,1798.0,2229.22
484,1782.66,2224.67
485,1767.32,2220.13
486,1751.98,2215.58
487,1736.64,2211.04
488,1721.3,2206.49
489,1705.96,2201.94
490,1686.81,2202.28
491,1667.66,2202.5
492,1648.5,2202.83
493,1629.35,2203.05
494,1610.3,2203.39
495,1591.15,2203.72
496,1572.0,2203.94
497,1552.84,2204.27
498,1533.69,2204.49
499,1514.54,2204.83
500,1495.39,2205.16
501,1476.24,2205.38
502,1457.09,2205.71
503,1437.94,2205.94
504,1418.79,2206.27
505,1399.73,2206.6
506,1380.58,2206.82
507,1361.43,2207.16
508,1342.28,2207.38
509,1323.13,2207.71
510,1307.88,2207.49
511,1292.54,2207.27
512,1277.3,2206.93
513,1262.06,2206.71
514,1246.72,2206.49
515,1231.47,2206.27
516,1216.13,2206.05
517,1200.89,2205.83
518,1185.64,2205.49
519,1170.3,2205.27
520,1155.06,2205.05
521,1138.48,2204.83
522,1121.9,2204.61
523,1105.42,2204.38
524,1088.84,2204.16
525,1072.26,2203.94
526,1055.68,2203.72
527,1039.1,2203.61
528,1022.53,2203.39
529,1005.95,2203.16
530,989.46,2202.94
531,972.89,2202.72
532,956.31,2202.5
533,927.44,2201.61
534,898.57,2200.84
535,869.7,2199.95
536,840.93,2199.17
537,812.06,2198.29
538,783.19,2197.51
539,754.32,2196.62
540,733.36,2196.18
541,712.4,2195.74
542,691.43,2195.29
543,670.47,2194.85
544,649.61,2194.52
545,628.65,2194.07
546,607.68,2193.63
547,586.72,2193.19
548,565.76,2192.74
549,544.8,2192.3
550,529.08,2186.2
551,513.36,2179.99
552,497.64,2173.89
553,481.92,2167.8
554,466.2,2161.7
555,450.57,2155.49
556,434.85,2149.39
557,419.13,2143.29
558,403.41,2137.08
559,387.69,2130.99
560,371.97,2124.89
561,356.25,2118.79
562,340.52,2112.58
563,324.8,2106.48
564,309.08,2100.38
565,293.46,2094.18
566,277.74,2088.08
567,262.02,2081.98
568,246.29,2075.88
569,230.57,2069.67
570,214.85,2063.57
571,199.8,2056.81
572,184.74,2050.16
573,169.69,2043.4
574,154.64,2036.74
575,139.49,2029.98
576,124.43,2023.33
577,109.38,2016.56
578,94.33,2009.91
579,79.27,2003.15
