0,1374.96,3806.61
1,1377.25,3799.96
2,1382.49,3788.43
3,1387.82,3776.79
4,1393.06,3765.26
5,1398.3,3753.73
6,1403.54,3742.09
7,1408.88,3730.56
8,1414.12,3719.02
9,1419.36,3707.38
10,1424.6,3695.85
11,1429.94,3684.32
12,1435.18,3672.68
13,1440.42,3661.15
14,1445.66,3649.62
15,1450.99,3637.98
16,1456.23,3626.45
17,1461.47,3614.91
18,1466.81,3603.27
19,1472.05,3591.74
20,1477.29,3580.21
21,1482.53,3568.57
22,1487.87,3557.04
23,1493.11,3545.51
24,1498.35,3533.87
25,1503.59,3522.33
26,1508.92,3510.8
27,1514.16,3499.16
28,1519.4,3487.63
29,1524.64,3476.1
30,1529.98,3464.46
31,1535.22,3452.93
32,1536.65,3449.05
33,1538.08,3445.17
34,1539.6,3441.4
35,1541.03,3437.52
36,1542.46,3433.64
37,1543.89,3429.76
38,1545.32,3425.88
39,1546.84,3422.11
40,1548.27,3418.22
41,1549.7,3414.34
42,1550.94,3405.92
43,1552.18,3397.38
44,1553.42,3388.95
45,1554.66,3380.53
46,1555.89,3371.99
47,1557.13,3363.56
48,1558.47,3355.14
49,1559.7,3346.71
50,1560.94,3338.17
51,1562.18,3329.75
52,1563.42,3321.32
53,1564.66,3312.78
54,1565.9,3304.36
55,1569.52,3285.51
56,1573.04,3266.55
57,1576.66,3247.7
58,1580.19,3228.74
59,1583.81,3209.89
60,1587.34,3190.93
61,1590.96,3172.09
62,1592.48,3161.33
63,1594.01,3150.69
64,1595.53,3139.93
65,1597.05,3129.18
66,1598.58,3118.53
67,1600.1,3107.78
68,1601.63,3097.02
69,1603.15,3086.38
70,1604.68,3075.63
71,1605.72,3066.98
72,1606.77,3058.33
73,1607.92,3049.57
74,1608.96,3040.92
75,1610.01,3032.27
76,1611.06,3023.63
77,1612.2,3014.98
78,1613.25,3006.22
79,1614.3,2997.57
80,1615.35,2988.92
81,1616.49,2980.28
82,1617.54,2971.63
83,1618.59,2962.98
84,1619.63,2954.22
85,1620.78,2945.57
86,1621.83,2936.92
87,1622.87,2928.28
88,1623.92,2919.63
89,1625.07,2910.87
90,1626.11,2902.22
91,1627.16,2893.57
92,1628.21,2878.6
93,1629.16,2863.64
94,1630.21,2848.67
95,1631.26,2833.7
96,1632.21,2818.73
97,1633.26,2803.76
98,1634.21,2788.8
99,1635.26,2773.83
100,1636.31,2758.86
101,1637.26,2743.89
102,1638.31,2728.93
103,1638.6,2717.84
104,1638.98,2706.86
105,1639.26,2695.77
106,1639.64,2684.69
107,1639.93,2673.6
108,1640.31,2662.51
109,1640.6,2651.54
110,1640.98,2640.45
111,1640.88,2639.89
112,1640.79,2639.23
113,1640.69,2638.67
114,1640.6,2638.01
115,1640.5,2637.45
116,1640.5,2636.79
117,1640.41,2636.24
118,1640.31,2635.57
119,1640.22,2635.02
120,1640.12,2634.35
121,1640.02,2633.8
122,1639.64,2634.02
123,1639.36,2634.24
124,1638.98,2634.57
125,1638.69,2634.79
126,1638.31,2635.02
127,1637.93,2635.24
128,1637.64,2635.46
129,1637.26,2635.79
130,1636.98,2636.01
131,1636.59,2636.24
132,1638.02,2629.36
133,1639.45,2622.49
134,1640.88,2615.5
135,1642.41,2608.63
136,1643.84,2601.75
137,1645.26,2594.88
138,1646.69,2588.01
139,1648.12,2581.02
140,1649.55,2574.15
141,1650.98,2567.27
142,1652.51,2560.4
143,1653.94,2553.52
144,1655.36,2546.54
145,1656.79,2539.66
146,1658.22,2532.79
147,1659.65,2525.92
148,1661.18,2519.04
149,1662.61,2512.06
150,1664.03,2505.18
151,1665.46,2498.31
152,1674.32,2479.57
153,1683.19,2460.83
154,1691.95,2442.1
155,1700.81,2423.36
156,1709.67,2404.62
157,1718.53,2385.88
158,1727.3,2367.15
159,1736.16,2348.41
160,1745.02,2329.67
161,1751.88,2323.02
162,1758.74,2316.37
163,1765.6,2309.71
164,1772.46,2303.06
165,1779.32,2296.41
166,1786.18,2289.76
167,1793.04,2283.1
168,1799.9,2276.45
169,1806.67,2269.8
170,1813.53,2263.26
171,1820.39,2256.61
172,1827.25,2249.95
173,1834.11,2243.3
174,1840.97,2236.65
175,1847.83,2230.0
176,1854.69,2223.34
177,1861.55,2216.69
178,1868.41,2210.04
179,1909.76,2175.11
180,1951.2,2140.08
181,1992.55,2105.15
182,2000.08,2092.96
183,2007.51,2080.87
184,2015.04,2068.79
185,2022.47,2056.59
186,2030.0,2044.39
187,2037.43,2032.31
188,2044.86,2020.11
189,2052.39,2008.03
190,2059.82,1995.83
191,2067.35,1983.75
192,2067.25,1983.86
193,2067.16,1983.97
194,2067.16,1983.97
195,2067.06,1984.08
196,2066.97,1984.19
197,2066.87,1984.3
198,2066.87,1984.3
199,2066.78,1984.41
200,2066.68,1984.52
201,2066.59,1984.63
202,2066.59,1984.74
203,2066.49,1984.74
204,2066.39,1984.85
205,2066.3,1984.97
206,2066.3,1985.08
207,2066.2,1985.08
208,2066.11,1985.19
209,2066.01,1985.3
210,2066.01,1985.41
211,2065.92,1985.52
212,2065.82,1985.52
213,2065.73,1985.63
214,2065.73,1985.74
215,2065.63,1985.85
216,2065.54,1985.85
217,2065.44,1985.96
218,2065.44,1986.07
219,2065.35,1986.18
220,2065.25,1986.3
221,2065.16,1986.3
222,2065.16,1986.41
223,2065.06,1986.52
224,2064.97,1986.63
225,2064.87,1986.63
226,2064.77,1986.74
227,2064.77,1986.85
228,2064.68,1986.96
229,2064.58,1987.07
230,2064.49,1987.07
231,2064.49,1987.18
232,2064.39,1987.29
233,2064.3,1987.4
234,2064.2,1987.4
235,2064.2,1987.52
236,2064.11,1987.63
237,2064.01,1987.74
238,2063.92,1987.85
239,2063.92,1987.85
240,2063.82,1987.96
241,2063.73,1988.07
242,2063.63,1988.18
243,2063.63,1988.18
244,2063.54,1988.29
245,2063.44,1988.4
246,2063.35,1988.51
247,2063.35,1988.62
248,2063.25,1988.62
249,2063.16,1988.74
250,2063.06,1988.85
251,2063.06,1988.96
252,2062.96,1988.96
253,2062.87,1989.07
254,2062.77,1989.18
255,2062.77,1989.29
256,2062.68,1989.4
257,2062.58,1989.4
258,2062.49,1989.51
259,2062.49,1989.62
260,2062.39,1989.73
261,2062.3,1989.73
262,2062.2,1989.84
263,2062.11,1989.95
264,2062.11,1990.07
265,2062.01,1990.18
266,2061.92,1990.18
267,2061.82,1990.29
268,2061.82,1990.4
269,2061.73,1990.51
270,2061.63,1990.51
271,2061.54,1990.62
272,2061.54,1990.73
273,2061.44,1990.84
274,2061.34,1990.95
275,2061.25,1990.95
276,2061.25,1991.06
277,2061.15,1991.17
278,2061.06,1991.29
279,2060.96,1991.29
280,2060.96,1991.4
281,2060.87,1991.51
282,2060.77,1991.62
283,2060.68,1991.73
284,2060.68,1991.73
285,2060.58,1991.84
286,2060.49,1991.95
287,2060.39,1992.06
288,2060.39,1992.06
289,2060.3,1992.17
290,2060.2,1992.28
291,2060.11,1992.39
292,2060.11,1992.5
293,2060.01,1992.5
294,2059.92,1992.62
295,2059.82,1992.73
296,2059.73,1992.84
297,2059.73,1992.84
298,2059.63,1992.95
299,2059.53,1993.06
300,2059.44,1993.17
301,2059.44,1993.28
302,2059.34,1993.28
303,2059.25,1993.39
304,2059.15,1993.5
305,2059.15,1993.61
306,2059.06,1993.61
307,2058.96,1993.72
308,2058.87,1993.84
309,2058.87,1993.95
310,2058.77,1994.06
311,2058.68,1994.06
312,2058.58,1994.17
313,2058.58,1994.28
314,2058.49,1994.39
315,2058.39,1994.5
316,2058.3,1994.5
317,2058.3,1994.61
318,2058.2,1994.72
319,2058.11,1994.83
320,2058.01,1994.83
321,2058.01,1994.94
322,2057.91,1995.05
323,2057.82,1995.17
324,2057.72,1995.28
325,2057.72,1995.28
326,2057.63,1995.39
327,2057.53,1995.5
328,2057.44,1995.61
329,2057.34,1995.61
330,2057.34,1995.72
331,2057.25,1995.83
332,2057.15,1995.94
333,2057.06,1996.05
334,2057.06,1996.05
335,2056.96,1996.16
336,2056.87,1996.27
337,2056.77,1996.39
338,2056.77,1996.39
339,2056.68,1996.5
340,2056.58,1996.61
341,2056.49,1996.72
342,2056.49,1996.83
343,2056.39,1996.83
344,2056.3,1996.94
345,2056.2,1997.05
346,2056.2,1997.16
347,2056.1,1997.16
348,2056.01,1997.27
349,2055.91,1997.38
350,2055.91,1997.49
351,2055.82,1997.6
352,2055.72,1997.6
353,2055.63,1997.72
354,2055.63,1997.83
355,2055.53,1997.94
356,2055.44,1997.94
357,2055.34,1998.05
358,2055.34,1998.16
359,2055.25,1998.27
360,2055.15,1998.38
361,2055.06,1998.38
362,2054.96,1998.49
363,2054.96,1998.6
364,2054.87,1998.71
365,2054.77,1998.71
366,2054.68,1998.82
367,2054.68,1998.94
368,2054.58,1999.05
369,2054.48,1999.16
370,2054.39,1999.16
371,2054.39,1999.27
372,2054.29,1999.38
373,2054.2,1999.49
374,2054.1,1999.49
375,2054.1,1999.6
376,2054.01,1999.71
377,2053.91,1999.82
378,2053.82,1999.93
379,2053.82,1999.93
380,2053.72,2000.04
381,2053.63,2000.15
382,2053.53,2000.27
383,2053.53,2000.27
384,2053.44,2000.38
385,2053.34,2000.49
386,2053.25,2000.6
387,2053.25,2000.71
388,2053.15,2000.71
389,2053.06,2000.82
390,2052.96,2000.93
391,2052.96,2001.04
392,2052.87,2001.04
393,2052.77,2001.15
394,2052.67,2001.26
395,2052.67,2001.37
396,2052.58,2001.49
397,2052.48,2001.49
398,2052.39,2001.6
399,2052.29,2001.71
400,2052.29,2001.82
401,2052.2,2001.82
402,2052.1,2001.93
403,2052.01,2002.04
404,2052.01,2002.15
405,2051.91,2002.26
406,2051.82,2002.26
407,2051.72,2002.37
408,2051.72,2002.48
409,2051.63,2002.59
410,2051.53,2002.59
411,2051.44,2002.71
412,2051.44,2002.82
413,2051.34,2002.93
414,2051.25,2003.04
415,2051.15,2003.04
416,2051.15,2003.15
417,2051.05,2003.26
418,2050.96,2003.37
419,2050.86,2003.37
420,2050.86,2003.48
421,2050.77,2003.59
422,2050.67,2003.7
423,2050.58,2003.81
424,2050.58,2003.81
425,2050.48,2003.92
426,2050.39,2004.04
427,2050.29,2004.15
428,2050.29,2004.15
429,2050.2,2004.26
430,2050.1,2004.37
431,2026.95,1740.93
432,2003.7,1477.5
433,1980.55,1214.06
434,1982.93,1205.86
435,1985.41,1197.76
436,1987.79,1189.56
437,1990.17,1181.47
438,1992.65,1173.26
439,1995.03,1165.17
440,1997.51,1156.96
441,1999.89,1148.76
442,2002.27,1140.66
443,2004.75,1132.46
444,2007.13,1124.37
445,2009.51,1116.16
446,2011.99,1107.96
447,2014.37,1099.86
448,2016.75,1091.66
449,2019.23,1083.57
450,2021.61,1075.36
451,2024.09,1067.27
452,2026.47,1059.06
453,2028.86,1050.86
454,2031.33,1042.76
455,2033.71,1034.56
456,2036.1,1026.47
457,2038.57,1018.26
458,2040.96,1010.06
459,2043.34,1001.96
460,2045.81,993.76
461,2048.2,985.66
462,2050.67,977.46
463,2053.06,969.37
464,2055.44,961.16
465,2057.91,952.96
466,2060.3,944.86
467,2062.68,936.66
468,2065.16,928.56
469,2067.54,920.36
470,2069.92,912.15
471,2072.4,904.06
472,2074.78,895.86
473,2077.26,887.76
474,2079.64,879.56
475,2082.02,871.46
476,2084.5,863.26
477,2086.88,855.06
478,2089.26,846.96
479,2091.74,838.76
480,2094.12,830.66
481,2096.5,822.46
482,2098.98,814.25
483,2101.36,806.16
484,2103.84,797.96
485,2106.22,789.86
486,2108.6,781.66
487,2111.08,773.56
488,2113.46,765.36
489,2107.55,776.67
490,2108.41,777.44
491,2109.27,778.33
492,2110.13,779.11
493,2110.98,779.99
494,2111.84,780.77
495,2112.7,781.55
496,2113.56,782.43
497,2114.41,783.21
498,2115.27,783.99
499,2116.13,784.87
500,2116.99,785.65
501,2117.84,786.54
502,2118.7,787.31
503,2119.56,788.09
504,2120.42,788.97
505,2121.27,789.75
506,2122.13,790.64
507,2122.99,791.41
508,2121.66,787.53
509,2120.32,783.76
510,2118.99,779.88
511,2117.65,776.11
512,2116.42,772.23
513,2115.08,768.46
514,2113.75,764.58
515,2112.41,760.81
516,2111.08,756.93
517,2115.75,746.07
518,2120.42,735.2
519,2125.09,724.22
520,2129.75,713.36
521,2134.42,702.49
522,2139.09,691.63
523,2143.76,680.76
524,2148.43,669.79
525,2153.1,658.92
526,2157.77,648.05
527,2158.43,644.06
528,2159.2,639.96
529,2159.86,635.86
530,2160.62,631.87
531,2161.29,627.88
532,2162.05,623.77
533,2162.72,619.78
534,2163.48,615.68
535,2164.15,611.69
536,2164.91,607.59
537,2165.1,606.92
538,2165.2,606.37
539,2165.39,605.7
540,2165.58,605.15
541,2165.67,604.48
542,2165.87,603.93
543,2166.06,603.26
544,2166.15,602.71
545,2166.34,602.04
546,2167.39,599.71
547,2168.44,597.27
548,2169.39,594.95
549,2170.44,592.62
550,2171.49,590.18
551,2172.53,587.85
552,2173.58,585.52
553,2174.54,583.08
554,2175.58,580.75
555,2176.63,578.43
556,2177.68,575.99
557,2178.73,573.66
558,2179.78,571.33
559,2180.73,568.89
560,2181.78,566.56
561,2182.82,564.12
562,2183.87,561.8
563,2184.92,559.47
564,2185.87,557.03
565,2186.92,554.7
566,2187.97,552.37
567,2189.02,549.93
568,2190.07,547.6
569,2191.02,545.28
570,2192.07,542.84
571,2193.11,540.51
572,2194.73,536.29
573,2196.35,532.08
574,2198.07,527.87
575,2199.69,523.65
576,2201.31,519.44
577,2202.93,515.23
578,2204.55,511.02
579,2206.26,506.8
580,2207.88,502.59
581,2209.5,498.38
582,2213.31,487.62
583,2217.03,476.87
584,2220.84,466.22
585,2224.56,455.47
586,2228.37,444.71
587,2232.08,433.96
588,2235.89,423.2
589,2239.61,412.56
590,2243.42,401.8
591,2247.14,391.05
592,2252.19,379.85
593,2257.24,368.54
594,2262.38,357.34
595,2267.43,346.04
596,2272.48,334.84
597,2277.53,323.64
598,2282.58,312.33
599,2287.73,301.13
600,2292.78,289.82
601,2297.83,278.62
602,2302.11,266.65
603,2306.31,254.57
604,2310.59,242.59
605,2314.79,230.51
606,2319.07,218.53
607,2323.36,206.45
608,2327.55,194.36
609,2331.84,182.39
610,2336.03,170.3
611,2340.32,158.33
