0,3049.67,77.28
1,3049.67,77.28
2,3049.67,77.28
3,3049.67,77.28
4,3049.09,75.28
5,3048.52,73.29
6,3047.95,71.29
7,3047.38,69.3
8,3046.81,67.3
9,3046.24,65.42
10,3045.66,63.42
11,3045.09,61.42
12,3044.52,59.43
13,3043.95,57.43
14,3043.95,57.43
15,3043.95,57.43
16,3043.95,57.43
17,3043.95,57.43
18,3043.95,57.54
19,3043.95,57.54
20,3043.95,57.54
21,3043.95,57.54
22,3043.95,57.54
23,3043.85,57.54
24,3043.85,57.54
25,3043.85,57.54
26,3043.85,57.54
27,3043.85,57.54
28,3043.85,57.65
29,3043.85,57.65
30,3043.85,57.65
31,3043.85,57.65
32,3043.85,57.65
33,3043.85,57.65
34,3043.85,57.65
35,3043.85,57.65
36,3043.85,57.65
37,3043.85,57.65
38,3043.85,57.65
39,3043.85,57.65
40,3043.85,57.65
41,3043.85,57.65
42,3043.85,57.65
43,3043.85,57.65
44,3043.85,57.65
45,3043.85,57.65
46,3043.85,57.65
47,3043.85,57.65
48,3043.85,57.65
49,3043.85,57.65
50,3043.85,57.65
51,3043.85,57.65
52,3043.85,57.65
53,3043.85,57.65
54,3043.85,57.65
55,3043.85,57.65
56,3043.85,57.65
57,3043.85,57.65
58,3043.85,57.65
59,3043.85,57.65
60,3043.85,57.65
61,3043.85,57.65
62,3043.85,57.65
63,3043.85,57.65
64,3043.85,57.65
65,3043.85,57.65
66,3043.85,57.65
67,3043.85,57.65
68,3043.85,57.65
69,3043.85,57.65
70,3043.85,57.65
71,3043.85,57.65
72,3043.85,57.65
73,3043.85,57.65
74,3043.85,57.65
75,3043.85,57.65
76,3043.85,57.65
77,3043.85,57.65
78,3043.85,57.65
79,3043.85,57.65
80,3043.85,57.65
81,3043.85,57.65
82,3043.85,57.65
83,3043.85,57.65
84,3043.85,57.65
85,3043.85,57.65
86,3043.85,57.65
87,3043.85,57.65
88,3043.85,57.65
89,3043.85,57.65
90,3043.85,57.65
91,3043.85,57.65
92,3043.85,57.65
93,3043.85,57.65
94,3043.85,57.65
95,3043.85,57.65
96,3043.85,57.65
97,3043.85,57.65
98,3043.85,57.65
99,3043.85,57.65
100,3043.85,57.65
101,3043.85,57.65
102,3043.85,57.65
103,3043.85,57.65
104,3043.85,57.65
105,3043.85,57.65
106,3043.85,57.65
107,3043.85,57.65
108,3043.85,57.65
109,3043.85,57.65
110,3043.85,57.65
111,3043.85,57.65
112,3043.85,57.65
113,3043.85,57.65
114,3043.85,57.65
115,3043.85,57.65
116,3043.85,57.65
117,3043.85,57.65
118,3043.85,57.65
119,3043.85,57.65
120,3043.85,57.65
121,3043.85,57.65
122,3043.85,57.65
123,3043.76,57.32
124,3043.76,56.99
125,3043.66,56.77
126,3043.57,56.43
127,3043.57,56.1
128,3043.47,55.77
129,3043.38,55.44
130,3043.28,55.21
131,3043.28,54.88
132,3043.19,54.55
133,3043.19,54.55
134,3043.19,54.55
135,3043.19,54.55
136,3043.19,54.55
137,3043.19,54.55
138,3043.19,54.55
139,3043.19,54.55
140,3043.19,54.55
141,3043.19,54.55
142,3043.19,54.55
143,3043.19,54.55
144,3043.19,54.55
145,3043.19,54.55
146,3043.19,54.55
147,3043.19,54.55
148,3043.19,54.55
149,3043.19,54.55
150,3043.19,54.55
151,3043.19,54.55
152,3043.19,54.55
153,3043.19,54.55
154,3043.19,54.55
155,3043.19,54.55
156,3043.19,54.55
157,3043.19,54.55
158,3043.19,54.55
159,3043.19,54.55
160,3043.19,54.55
161,3043.19,54.55
162,3043.19,54.55
163,3043.19,54.55
164,3043.19,54.55
165,3043.19,54.55
166,3043.19,54.55
167,3043.19,54.55
168,3043.19,54.55
169,3043.19,54.55
170,3043.19,54.55
171,3043.19,54.55
172,3043.19,54.55
173,3043.19,54.55
174,3043.19,54.55
175,3043.19,54.55
176,3043.19,54.55
177,3043.19,54.55
178,3043.19,54.55
179,3043.19,54.55
180,3043.19,54.55
181,3043.19,54.55
182,3043.19,54.55
183,3043.19,54.55
184,3043.19,54.55
185,3043.19,54.55
186,3043.19,54.55
187,3043.19,54.55
188,3043.19,54.55
189,3043.19,54.55
190,3043.19,54.55
191,3043.19,54.55
192,3043.19,54.55
193,3043.19,54.55
194,3043.19,54.55
195,3043.19,54.55
196,3043.19,54.55
197,3043.19,54.55
198,3043.19,54.55
199,3043.19,54.55
200,3043.19,54.55
201,3043.19,54.55
202,3043.19,54.55
203,3043.19,54.55
204,3043.19,54.55
205,3043.19,54.55
206,3043.19,54.55
207,3043.19,54.55
208,3043.19,54.55
209,3043.19,54.55
210,3043.19,54.55
211,3043.19,54.55
212,3043.19,54.55
213,3043.19,54.55
214,3043.19,54.55
215,3043.19,54.55
216,3043.19,54.55
217,3043.19,54.55
218,3043.19,54.55
219,3043.19,54.55
220,3043.19,54.55
221,3043.19,54.55
222,3043.19,54.55
223,3043.19,54.55
224,3043.19,54.55
225,3043.19,54.55
226,3043.19,54.55
227,3043.19,54.55
228,3043.19,54.55
229,3043.19,54.55
230,3043.19,54.55
231,3043.19,54.55
232,3043.19,54.55
233,3043.19,54.55
234,3043.19,54.55
235,3043.19,54.55
236,3043.19,54.55
237,3043.19,54.55
238,3043.19,54.55
239,3043.19,54.55
240,3043.19,54.55
241,3043.19,54.55
242,3043.19,54.55
243,3043.09,54.66
244,3043.0,54.77
245,3042.9,54.88
246,3042.81,54.99
247,3042.71,55.1
248,3042.71,55.21
249,3042.62,55.33
250,3042.52,55.44
251,3042.43,55.55
252,3042.33,55.66
253,3042.23,55.77
254,3042.23,55.77
255,3042.23,55.77
256,3042.23,55.77
257,3042.23,55.77
258,3042.23,55.77
259,3042.23,55.77
260,3042.23,55.77
261,3042.23,55.77
262,3042.23,55.77
263,3042.23,55.77
264,3042.23,55.77
265,3042.23,55.77
266,3042.23,55.77
267,3042.23,55.77
268,3042.23,55.77
269,3042.23,55.77
270,3042.23,55.77
271,3042.23,55.77
272,3042.23,55.77
273,3042.23,55.77
274,3042.23,55.77
275,3042.23,55.77
276,3042.23,55.77
277,3042.23,55.77
278,3042.23,55.77
279,3042.23,55.77
280,3042.23,55.77
281,3042.23,55.77
282,3042.23,55.77
283,3042.23,55.77
284,3042.23,55.77
285,3042.23,55.77
286,3042.23,55.77
287,3042.23,55.77
288,3042.23,55.77
289,3042.23,55.77
290,3042.23,55.77
291,3042.23,55.77
292,3042.23,55.77
293,3042.23,55.77
294,3042.23,55.77
295,3042.23,55.77
296,3042.23,55.77
297,3042.23,55.77
298,3042.23,55.77
299,3042.23,55.77
300,3042.23,55.77
301,3042.23,55.77
302,3042.23,55.77
303,3041.66,56.88
304,3041.19,58.1
305,3040.61,59.32
306,3040.04,60.43
307,3039.47,61.65
308,3039.0,62.75
309,3038.42,63.97
310,3037.85,65.08
311,3037.38,66.3
312,3036.8,67.41
313,3036.42,67.52
314,3036.04,67.74
315,3035.66,67.85
316,3035.28,67.97
317,3034.9,68.19
318,3034.52,68.3
319,3034.14,68.41
320,3033.75,68.63
321,3033.37,68.74
322,3032.99,68.85
323,3032.52,69.07
324,3032.14,69.18
325,3031.75,69.41
326,3031.37,69.52
327,3030.99,69.63
328,3030.61,69.85
329,3030.23,69.96
330,3029.85,70.07
331,3029.47,70.29
332,3029.09,70.4
333,3029.09,70.4
334,3029.09,70.4
335,3029.09,70.4
336,3029.09,70.4
337,3029.09,70.4
338,3029.09,70.4
339,3029.09,70.4
340,3029.09,70.4
341,3029.09,70.4
342,3029.09,70.4
343,3029.09,70.4
344,3029.09,70.4
345,3029.09,70.4
346,3029.09,70.4
347,3029.09,70.4
348,3029.09,70.4
349,3029.09,70.4
350,3029.09,70.4
351,3029.09,70.4
352,3029.09,70.4
353,3029.09,70.4
354,3029.09,70.4
355,3029.09,70.4
356,3029.09,70.4
357,3029.09,70.4
358,3029.09,70.4
359,3029.09,70.4
360,3029.09,70.4
361,3029.09,70.4
362,3029.09,70.4
363,3029.09,70.4
364,3029.09,70.4
365,3029.09,70.4
366,3029.09,70.4
367,3029.09,70.4
368,3029.09,70.4
369,3029.09,70.4
370,3029.09,70.4
371,3029.09,70.4
372,3029.09,70.4
373,3029.09,70.4
374,3029.09,70.4
375,3029.09,70.4
376,3029.09,70.4
377,3029.09,70.4
378,3029.09,70.4
379,3029.09,70.4
380,3029.09,70.4
381,3029.09,70.4
382,3029.09,70.4
383,3029.09,70.4
384,3029.09,70.4
385,3029.09,70.4
386,3029.09,70.4
387,3029.09,70.4
388,3029.09,70.4
389,3029.09,70.4
390,3029.09,70.4
391,3029.09,70.4
392,3029.09,70.4
393,3029.09,70.4
394,3029.09,70.4
395,3029.09,70.4
396,3029.09,70.4
397,3029.09,70.4
398,3029.09,70.4
399,3029.09,70.4
400,3029.09,70.4
401,3029.09,70.4
402,3029.09,70.4
403,3029.09,70.4
404,3029.09,70.4
405,3029.09,70.4
406,3029.09,70.4
407,3029.09,70.4
408,3029.09,70.4
409,3029.09,70.4
410,3029.09,70.4
411,3029.09,70.4
412,3029.09,70.4
413,3029.09,70.4
414,3029.09,70.4
415,3029.09,70.4
416,3029.09,70.4
417,3029.09,70.4
418,3029.09,70.4
419,3029.09,70.4
420,3029.09,70.4
421,3029.09,70.4
422,3029.09,70.4
423,3029.09,70.4
424,3029.09,70.4
425,3029.09,70.4
426,3029.09,70.4
427,3029.09,70.4
428,3029.09,70.4
429,3029.09,70.4
430,3029.09,70.4
431,3029.09,70.4
432,3029.09,70.4
433,3028.9,70.63
434,3028.71,70.85
435,3028.42,70.96
436,3028.23,71.18
437,3028.04,71.4
438,3027.85,71.62
439,3027.56,71.74
440,3027.37,71.96
441,3027.18,72.18
442,3026.99,72.4
443,3026.7,72.51
444,3026.51,72.73
445,3026.32,72.95
446,3026.13,73.18
447,3025.85,73.29
448,3025.66,73.51
449,3025.47,73.73
450,3025.28,73.95
451,3024.99,74.06
452,3024.8,74.29
453,3024.61,74.51
454,3024.61,74.51
455,3024.61,74.51
456,3024.61,74.51
457,3024.61,74.51
458,3024.61,74.51
459,3024.61,74.51
460,3024.61,74.51
461,3024.61,74.51
462,3024.61,74.51
463,3024.61,74.51
464,3024.61,74.51
465,3024.61,74.51
466,3024.61,74.51
467,3024.61,74.51
468,3024.61,74.51
469,3024.61,74.51
470,3024.61,74.51
471,3024.61,74.51
472,3024.61,74.51
473,3024.61,74.51
474,3024.61,74.51
475,3024.61,74.51
476,3024.61,74.51
477,3024.61,74.51
478,3024.61,74.51
479,3024.61,74.51
480,3024.61,74.51
481,3024.61,74.51
482,3024.61,74.51
483,3024.61,74.51
484,3024.61,74.51
485,3024.61,74.51
486,3024.61,74.51
487,3024.61,74.51
488,3024.61,74.51
489,3024.61,74.51
490,3024.61,74.51
491,3024.61,74.51
492,3024.61,74.51
493,3024.61,74.51
494,3024.61,74.51
495,3024.61,74.51
496,3024.61,74.51
497,3024.61,74.51
498,3024.61,74.51
499,3024.61,74.51
500,3024.61,74.51
501,3024.61,74.51
502,3024.61,74.51
503,3024.61,74.51
504,3024.61,74.51
505,3024.61,74.51
506,3024.61,74.51
507,3024.61,74.51
508,3024.61,74.51
509,3024.61,74.51
510,3024.61,74.51
511,3024.61,74.51
512,3024.61,74.51
513,3024.61,74.51
514,3024.61,74.51
515,3024.61,74.51
516,3024.61,74.51
517,3024.61,74.51
518,3024.61,74.51
519,3024.61,74.51
520,3024.61,74.51
521,3024.61,74.51
522,3024.61,74.51
523,3024.61,74.51
524,3024.61,74.51
525,3024.61,74.51
526,3024.61,74.51
527,3024.61,74.51
528,3024.61,74.51
529,3024.61,74.51
530,3024.61,74.51
531,3024.61,74.51
532,3024.61,74.51
533,3024.61,74.51
534,3024.61,74.51
535,3024.61,74.51
536,3024.61,74.51
537,3024.61,74.51
538,3024.61,74.51
539,3024.61,74.51
540,3024.61,74.51
541,3024.61,74.51
542,3024.61,74.51
543,3024.61,74.51
544,3024.61,74.51
545,3024.61,74.51
546,3024.61,74.51
547,3024.61,74.51
548,3024.61,74.51
549,3024.61,74.51
550,3024.61,74.51
551,3024.61,74.51
552,3024.61,74.51
553,3024.61,74.62
554,3024.51,74.62
555,3024.51,74.73
556,3024.51,74.73
557,3024.51,74.84
558,3024.42,74.84
559,3024.42,74.95
560,3024.42,74.95
561,3024.42,75.06
562,3024.42,75.17
563,3024.32,75.17
564,3024.32,75.28
565,3024.32,75.28
566,3024.32,75.39
567,3024.23,75.39
568,3024.23,75.5
569,3024.23,75.5
570,3024.23,75.62
571,3024.13,75.62
572,3024.13,75.73
573,3024.13,75.73
574,3024.13,75.73
575,3024.13,75.73
576,3024.13,75.73
577,3024.13,75.73
578,3024.13,75.73
579,3024.13,75.73
580,3024.13,75.73
581,3024.13,75.73
582,3024.13,75.73
583,3024.13,75.73
584,3024.13,75.73
585,3024.13,75.73
586,3024.13,75.73
587,3024.13,75.73
588,3024.13,75.73
589,3024.13,75.73
590,3024.13,75.73
591,3024.13,75.73
592,3024.13,75.73
593,3024.13,75.73
594,3024.13,75.73
595,3024.13,75.73
596,3024.13,75.73
597,3024.13,75.73
598,3024.13,75.73
599,3024.13,75.73
600,3024.13,75.73
601,3024.13,75.73
602,3024.13,75.73
603,3024.13,75.73
604,3024.13,75.73
605,3024.13,75.73
606,3024.13,75.73
607,3024.13,75.73
608,3024.13,75.73
609,3024.13,75.73
610,3024.13,75.73
611,3024.13,75.73
612,3024.13,75.73
613,3024.13,75.73
614,3024.13,75.73
615,3024.13,75.73
616,3024.13,75.73
617,3024.13,75.73
618,3024.13,75.73
619,3024.13,75.73
620,3024.13,75.73
621,3024.13,75.73
622,3024.13,75.73
623,3024.13,75.73
624,3024.13,75.73
625,3024.13,75.73
626,3024.13,75.73
627,3024.13,75.73
628,3024.13,75.73
629,3024.13,75.73
630,3024.13,75.73
631,3024.13,75.73
632,3024.13,75.73
633,3024.13,75.73
634,3024.13,75.73
635,3024.13,75.73
636,3024.13,75.73
637,3024.13,75.73
638,3024.13,75.73
639,3024.13,75.73
640,3024.13,75.73
641,3024.13,75.73
642,3024.13,75.73
643,3024.13,75.73
644,3024.13,75.73
645,3024.13,75.73
646,3024.13,75.73
647,3024.13,75.73
648,3024.13,75.73
649,3024.13,75.73
650,3024.13,75.73
651,3024.13,75.73
652,3024.13,75.73
653,3024.13,75.73
654,3024.13,75.73
655,3024.13,75.73
656,3024.13,75.73
657,3024.13,75.73
658,3024.13,75.73
659,3024.13,75.73
660,3024.13,75.73
661,3024.13,75.73
662,3024.13,75.73
663,3024.13,75.73
664,3024.13,75.73
665,3024.13,75.73
666,3024.13,75.73
667,3024.13,75.73
668,3024.13,75.73
669,3024.13,75.73
670,3024.13,75.73
671,3024.13,75.73
672,3024.13,75.73
673,3024.23,75.73
674,3024.32,75.73
675,3024.32,75.73
676,3024.42,75.73
677,3024.51,75.73
678,3024.61,75.73
679,3024.61,75.73
680,3024.7,75.73
681,3024.8,75.73
682,3024.89,75.73
683,3024.89,75.73
684,3024.99,75.73
685,3025.08,75.73
686,3025.08,75.73
687,3025.18,75.73
688,3025.28,75.73
689,3025.37,75.73
690,3025.47,75.73
691,3025.47,75.73
692,3025.56,75.73
693,3025.56,75.73
694,3025.56,75.73
695,3025.56,75.73
696,3025.56,75.73
697,3025.56,75.73
698,3025.56,75.73
699,3025.56,75.73
700,3025.56,75.73
701,3025.56,75.73
702,3025.56,75.73
703,3025.56,75.73
704,3025.56,75.73
705,3025.56,75.73
706,3025.56,75.73
707,3025.56,75.73
708,3025.56,75.73
709,3025.56,75.73
710,3025.56,75.73
711,3025.56,75.73
712,3025.56,75.73
713,3025.56,75.73
714,3025.56,75.73
715,3025.56,75.73
716,3025.56,75.73
717,3025.56,75.73
718,3025.56,75.73
719,3025.56,75.73
720,3025.56,75.73
721,3025.56,75.73
722,3025.56,75.73
723,3025.56,75.73
724,3025.56,75.73
725,3025.56,75.73
726,3025.56,75.73
727,3025.56,75.73
728,3025.56,75.73
729,3025.56,75.73
730,3025.56,75.73
731,3025.56,75.73
732,3025.56,75.73
733,3025.56,75.73
734,3025.56,75.73
735,3025.56,75.73
736,3025.56,75.73
737,3025.56,75.73
738,3025.56,75.73
739,3025.56,75.73
740,3025.56,75.73
741,3025.56,75.73
742,3025.56,75.73
743,3025.56,75.73
744,3025.56,75.73
745,3025.56,75.73
746,3025.56,75.73
747,3025.56,75.73
748,3025.56,75.73
749,3025.56,75.73
750,3025.56,75.73
751,3025.56,75.73
752,3025.56,75.73
753,3025.56,75.73
754,3025.56,75.73
755,3025.56,75.73
756,3025.56,75.73
757,3025.56,75.73
758,3025.56,75.73
759,3025.56,75.73
760,3025.56,75.73
761,3025.56,75.73
762,3025.56,75.73
763,3025.56,75.73
764,3025.56,75.73
765,3025.56,75.73
766,3025.56,75.73
767,3025.56,75.73
768,3025.56,75.73
769,3025.56,75.73
770,3025.56,75.73
771,3025.56,75.73
772,3025.56,75.73
773,3025.56,75.73
774,3025.56,75.73
775,3025.56,75.73
776,3025.56,75.73
777,3025.56,75.73
778,3025.56,75.73
779,3025.56,75.73
780,3025.56,75.73
781,3025.56,75.73
782,3025.56,75.73
783,3025.56,75.73
784,3025.56,75.73
785,3025.56,75.73
786,3025.56,75.73
787,3025.56,75.73
788,3025.56,75.73
789,3025.56,75.73
790,3025.56,75.73
791,3025.56,75.73
792,3025.56,75.73
793,3025.37,75.95
794,3025.18,76.17
795,3024.99,76.39
796,3024.8,76.5
797,3024.51,76.72
798,3024.32,76.95
799,3024.13,77.17
800,3023.94,77.39
801,3023.75,77.61
802,3023.56,77.83
803,3023.37,77.94
804,3023.18,78.17
805,3022.99,78.39
806,3022.8,78.61
807,3022.61,78.83
808,3022.32,79.05
809,3022.13,79.16
810,3021.94,79.39
811,3021.75,79.61
812,3021.56,79.83
813,3021.56,79.83
814,3021.56,79.83
815,3021.56,79.83
816,3021.56,79.83
817,3021.56,79.83
818,3021.56,79.83
819,3021.56,79.83
820,3021.56,79.83
821,3021.56,79.83
822,3021.56,79.83
823,3021.56,79.83
824,3021.56,79.83
825,3021.56,79.83
826,3021.56,79.83
827,3021.56,79.83
828,3021.56,79.83
829,3021.56,79.83
830,3021.56,79.83
831,3021.56,79.83
832,3021.56,79.83
833,3021.56,79.83
834,3021.56,79.83
835,3021.56,79.83
836,3021.56,79.83
837,3021.56,79.83
838,3021.56,79.83
839,3021.56,79.83
840,3021.56,79.83
841,3021.56,79.83
842,3021.56,79.83
843,3021.56,79.83
844,3021.56,79.83
845,3021.56,79.83
846,3021.56,79.83
847,3021.56,79.83
848,3021.56,79.83
849,3021.56,79.83
850,3021.56,79.83
851,3021.56,79.83
852,3021.56,79.83
853,3021.56,79.83
854,3021.56,79.83
855,3021.56,79.83
856,3021.56,79.83
857,3021.56,79.83
858,3021.56,79.83
859,3021.56,79.83
860,3021.56,79.83
861,3021.56,79.83
862,3021.56,79.83
863,3021.56,79.83
864,3021.56,79.83
865,3021.56,79.83
866,3021.56,79.83
867,3021.56,79.83
868,3021.56,79.83
869,3021.56,79.83
870,3021.56,79.83
871,3021.56,79.83
872,3021.56,79.83
873,3021.56,79.83
874,3021.56,79.83
875,3021.56,79.83
876,3021.56,79.83
877,3021.56,79.83
878,3021.56,79.83
879,3021.56,79.83
880,3021.56,79.83
881,3021.56,79.83
882,3021.56,79.83
883,3021.56,79.83
884,3021.56,79.83
885,3021.56,79.83
886,3021.56,79.83
887,3021.56,79.83
888,3021.56,79.83
889,3021.56,79.83
890,3021.56,79.83
891,3021.56,79.83
892,3021.56,79.83
893,3021.56,79.83
894,3021.56,79.83
895,3021.56,79.83
896,3021.56,79.83
897,3021.56,79.83
898,3021.56,79.83
899,3021.56,79.83
900,3021.56,79.83
901,3021.56,79.83
902,3021.56,79.83
903,3021.56,79.83
904,3021.56,79.83
905,3021.56,79.83
906,3021.56,79.83
907,3021.56,79.83
908,3021.56,79.83
909,3021.56,79.83
910,3021.56,79.83
911,3021.56,79.83
912,3021.56,79.83
913,3021.65,79.83
914,3021.65,79.83
915,3021.65,79.83
916,3021.75,79.72
917,3021.85,79.72
918,3021.85,79.72
919,3021.94,79.72
920,3021.94,79.72
921,3022.04,79.72
922,3022.04,79.72
923,3022.13,79.61
924,3022.13,79.61
925,3022.23,79.61
926,3022.23,79.61
927,3022.23,79.61
928,3022.32,79.61
929,3022.42,79.5
930,3022.42,79.5
931,3022.51,79.5
932,3022.51,79.5
933,3022.51,79.5
934,3022.51,79.5
935,3022.51,79.5
936,3022.51,79.5
937,3022.51,79.5
938,3022.51,79.5
939,3022.51,79.5
940,3022.51,79.5
941,3022.51,79.5
942,3022.51,79.5
943,3022.51,79.5
944,3022.51,79.5
945,3022.51,79.5
