0,1429.36,3103.01
1,1429.36,3103.01
2,1429.36,3103.01
3,1429.36,3103.01
4,1429.36,3103.01
5,1429.36,3103.01
6,1429.36,3103.01
7,1429.36,3103.01
8,1429.36,3103.01
9,1429.36,3103.01
10,1429.36,3103.01
11,1429.36,3102.9
12,1429.36,3102.9
13,1429.36,3102.9
14,1429.36,3102.79
15,1429.36,3102.79
16,1429.36,3102.79
17,1429.36,3102.68
18,1429.36,3102.68
19,1429.36,3102.68
20,1429.36,3102.57
21,1429.36,3102.57
22,1429.36,3102.57
23,1429.36,3102.46
24,1429.36,3102.46
25,1429.36,3102.46
26,1429.36,3102.35
27,1429.36,3102.35
28,1429.36,3102.35
29,1429.36,3102.24
30,1429.36,3102.24
31,1429.36,3102.24
32,1429.36,3102.24
33,1429.36,3102.24
34,1429.36,3102.24
35,1429.36,3102.24
36,1429.36,3102.24
37,1429.36,3102.24
38,1429.36,3102.24
39,1429.36,3102.24
40,1429.36,3102.24
41,1429.36,3102.24
42,1429.36,3102.24
43,1429.36,3102.24
44,1429.36,3102.24
45,1429.36,3102.24
46,1429.36,3102.24
47,1429.36,3102.24
48,1429.36,3102.24
49,1429.36,3102.24
50,1429.36,3102.24
51,1429.36,3102.24
52,1429.36,3102.24
53,1429.36,3102.24
54,1430.22,3101.57
55,1431.08,3100.91
56,1432.03,3100.13
57,1432.89,3099.46
58,1433.75,3098.8
59,1434.6,3098.13
60,1437.08,3097.91
61,1439.56,3097.69
62,1442.04,3097.58
63,1444.51,3097.36
64,1446.9,3097.14
65,1449.37,3096.91
66,1451.85,3096.8
67,1454.33,3096.58
68,1456.8,3096.36
69,1458.9,3098.24
70,1460.9,3100.13
71,1463.0,3102.01
72,1465.0,3103.9
73,1467.09,3105.67
74,1469.19,3107.56
75,1471.19,3109.44
76,1473.29,3111.33
77,1475.29,3113.21
78,1477.38,3115.1
79,1479.39,3116.98
80,1481.48,3118.87
81,1483.58,3120.64
82,1485.58,3122.53
83,1487.67,3124.41
84,1489.68,3126.3
85,1491.77,3128.18
86,1493.87,3130.07
87,1495.87,3131.95
88,1497.96,3133.72
89,1499.97,3135.61
90,1502.06,3137.49
91,1504.06,3139.38
92,1506.16,3141.26
93,1506.06,3141.93
94,1505.97,3142.48
95,1505.87,3143.15
96,1505.78,3143.7
97,1505.59,3144.37
98,1505.49,3145.03
99,1505.4,3145.59
100,1505.3,3146.25
101,1505.21,3146.81
102,1505.11,3147.47
103,1510.26,3150.47
104,1515.31,3153.46
105,1520.45,3156.45
106,1525.6,3159.45
107,1530.65,3162.33
108,1535.79,3165.32
109,1540.94,3168.32
110,1545.98,3171.31
111,1551.13,3174.3
112,1553.32,3175.97
113,1555.51,3177.63
114,1557.7,3179.4
115,1559.9,3181.07
116,1562.09,3182.73
117,1564.18,3184.39
118,1566.37,3186.06
119,1568.57,3187.72
120,1570.76,3189.49
121,1572.95,3191.16
122,1575.14,3192.82
123,1577.71,3192.82
124,1580.29,3192.82
125,1582.95,3192.93
126,1585.53,3192.93
127,1588.1,3192.93
128,1590.1,3189.49
129,1592.19,3185.95
130,1594.2,3182.51
131,1596.2,3179.07
132,1597.15,3171.53
133,1598.01,3164.1
134,1598.96,3156.56
135,1599.82,3149.02
136,1600.77,3141.6
137,1601.72,3134.06
138,1602.58,3126.52
139,1603.53,3119.09
140,1604.39,3111.55
141,1605.34,3104.01
142,1606.3,3096.58
143,1607.15,3089.04
144,1608.11,3081.61
145,1608.96,3074.07
146,1609.92,3066.53
147,1610.87,3059.11
148,1611.73,3051.57
149,1612.68,3044.03
150,1613.54,3036.6
151,1614.49,3029.06
152,1614.87,3024.62
153,1615.16,3020.19
154,1614.87,3018.19
155,1614.59,3016.09
156,1614.3,3014.09
157,1614.01,3012.1
158,1613.73,3009.99
159,1613.44,3007.99
160,1613.16,3006.0
161,1612.87,3004.0
162,1612.58,3001.9
163,1612.3,2999.9
164,1611.44,2997.79
165,1610.49,2995.69
166,1609.63,2993.69
167,1608.68,2991.58
168,1607.82,2989.48
169,1604.3,2986.82
170,1600.67,2984.27
171,1597.15,2981.61
172,1593.53,2979.06
173,1590.0,2976.39
174,1583.72,2975.73
175,1577.43,2975.06
176,1571.14,2974.51
177,1564.85,2973.84
178,1558.47,2973.18
179,1552.18,2972.51
180,1545.89,2971.85
181,1539.6,2971.29
182,1533.31,2970.63
183,1527.02,2969.96
184,1520.83,2968.86
185,1514.54,2967.75
186,1508.35,2966.64
187,1502.06,2965.53
188,1495.87,2964.42
189,1489.68,2963.31
190,1483.39,2962.2
191,1477.19,2961.09
192,1470.91,2959.99
193,1464.71,2958.88
194,1457.0,2959.99
195,1449.28,2961.21
196,1441.56,2962.31
197,1433.84,2963.53
198,1426.12,2964.64
199,1418.41,2965.75
200,1410.69,2966.97
201,1402.97,2968.08
202,1395.25,2969.3
203,1387.54,2970.41
204,1379.82,2971.52
205,1372.1,2972.74
206,1364.38,2973.84
207,1356.67,2975.06
208,1348.95,2976.17
209,1341.23,2977.28
210,1333.51,2978.5
211,1325.8,2979.61
212,1318.08,2980.83
213,1310.36,2981.94
214,1305.69,2981.83
215,1301.02,2981.72
216,1296.26,2981.61
217,1291.59,2981.49
218,1286.92,2981.38
219,1282.25,2981.38
220,1277.59,2981.27
221,1272.92,2981.16
222,1268.15,2981.05
223,1263.48,2980.94
224,1258.82,2980.83
225,1255.01,2980.5
226,1251.1,2980.16
227,1247.29,2979.94
228,1243.38,2979.61
229,1239.57,2979.28
230,1235.76,2978.94
231,1231.85,2978.61
232,1228.04,2978.39
233,1224.13,2978.06
234,1220.32,2977.73
235,1214.99,2979.94
236,1209.65,2982.27
237,1204.32,2984.49
238,1201.27,2989.26
239,1198.31,2993.91
240,1195.27,2998.57
241,1192.31,3003.34
242,1189.26,3008.1
243,1186.31,3012.76
244,1183.36,3017.53
245,1180.31,3022.19
246,1179.64,3024.51
247,1178.97,3026.95
248,1178.31,3029.28
249,1177.64,3031.61
250,1177.07,3033.94
251,1176.4,3036.38
252,1175.73,3038.71
253,1175.07,3041.03
254,1174.4,3043.47
255,1173.73,3045.8
256,1173.07,3048.13
257,1172.4,3050.57
258,1171.73,3052.9
259,1171.16,3055.23
260,1170.49,3057.55
261,1169.83,3059.99
262,1169.16,3062.32
263,1168.49,3064.65
264,1167.83,3067.09
265,1167.16,3069.42
266,1166.49,3071.75
267,1165.82,3074.18
268,1165.25,3076.51
269,1164.59,3078.84
270,1163.92,3081.17
271,1163.25,3083.61
272,1162.59,3085.94
273,1162.39,3086.05
274,1162.2,3086.27
275,1162.01,3086.38
276,1161.82,3086.6
277,1161.63,3086.71
278,1161.54,3086.94
279,1161.35,3087.05
280,1161.16,3087.16
281,1160.97,3087.38
282,1160.77,3087.49
283,1160.58,3087.71
284,1160.39,3087.82
285,1160.2,3088.04
286,1160.01,3088.16
287,1159.82,3088.27
288,1159.63,3088.49
289,1159.44,3088.6
290,1159.35,3088.82
291,1159.16,3088.93
292,1158.96,3089.15
293,1158.77,3089.26
294,1158.58,3089.37
295,1158.39,3089.6
296,1158.2,3089.71
297,1158.01,3089.93
298,1157.82,3090.04
299,1157.63,3090.26
300,1157.44,3090.37
301,1157.34,3090.48
302,1157.15,3090.71
303,1156.96,3090.82
304,1156.77,3091.04
305,1156.58,3091.15
306,1156.39,3091.37
307,1156.2,3091.48
308,1156.01,3091.59
309,1155.82,3091.81
310,1155.63,3091.92
311,1155.44,3092.15
312,1155.34,3092.26
313,1155.15,3092.37
314,1154.96,3092.59
315,1154.77,3092.7
316,1154.58,3092.92
317,1154.39,3093.03
318,1154.2,3093.26
319,1154.01,3093.37
320,1153.82,3093.48
321,1153.63,3093.7
322,1153.44,3093.81
323,1153.25,3094.03
324,1153.15,3094.14
325,1152.96,3094.36
326,1152.77,3094.47
327,1152.58,3094.59
328,1152.39,3094.81
329,1152.2,3094.92
330,1152.01,3095.14
331,1151.82,3095.25
332,1151.63,3095.47
333,1151.44,3095.58
334,1151.25,3095.69
335,1151.15,3095.92
336,1150.96,3096.03
337,1150.77,3096.25
338,1150.58,3096.36
339,1150.39,3096.58
340,1150.2,3096.69
341,1135.05,3153.79
342,1132.19,3162.44
343,1129.43,3170.98
344,1126.57,3179.63
345,1123.81,3188.27
346,1120.95,3196.92
347,1118.09,3205.46
348,1115.33,3214.11
349,1112.47,3222.76
350,1109.71,3231.29
351,1106.85,3239.94
352,1104.56,3244.93
353,1102.27,3249.92
354,1099.99,3254.91
355,1097.7,3259.9
356,1095.41,3264.89
357,1093.13,3269.88
358,1090.84,3274.87
359,1088.55,3279.86
360,1086.27,3284.84
361,1083.98,3289.83
362,1082.46,3293.71
363,1081.03,3297.48
364,1079.5,3301.36
365,1077.98,3305.25
366,1076.55,3309.01
367,1075.02,3312.9
368,1073.6,3316.66
369,1072.07,3320.55
370,1070.55,3324.43
371,1069.12,3328.2
372,1067.59,3332.08
373,1065.78,3336.84
374,1063.97,3341.61
375,1062.07,3346.27
376,1060.26,3351.04
377,1058.45,3355.8
378,1056.64,3360.57
379,1054.83,3365.34
380,1053.02,3370.11
381,1051.11,3374.76
382,1049.3,3379.53
383,1047.49,3384.3
384,1045.68,3389.07
385,1043.87,3393.83
386,1041.96,3398.49
387,1040.15,3403.26
388,1038.34,3408.02
389,1029.1,3431.31
390,1019.76,3454.59
391,1010.43,3477.87
392,1001.18,3501.16
393,997.37,3510.47
394,993.56,3519.78
395,989.75,3529.1
396,985.94,3538.41
397,982.13,3547.72
398,978.32,3557.04
399,974.51,3566.35
400,970.69,3575.67
401,966.88,3584.98
402,963.07,3594.29
403,958.4,3605.27
404,953.64,3616.36
405,948.97,3627.33
406,944.3,3638.42
407,939.54,3649.4
408,934.87,3660.37
409,930.2,3671.46
410,925.53,3682.44
411,920.77,3693.52
412,916.1,3704.5
413,911.15,3717.14
414,906.29,3729.78
415,901.33,3742.31
416,896.38,3754.95
417,891.52,3767.59
418,886.56,3780.23
419,881.61,3792.87
420,876.66,3805.39
421,871.8,3818.03
422,866.84,3830.67
423,862.17,3841.87
424,857.5,3853.07
425,852.84,3864.38
426,848.17,3875.58
427,843.5,3886.78
428,838.73,3897.97
429,834.07,3909.17
430,829.4,3920.48
431,824.73,3931.68
432,820.06,3942.88
433,818.25,3948.64
434,816.44,3954.41
435,814.53,3960.17
436,812.72,3965.94
437,810.91,3971.7
438,809.01,3977.47
439,807.2,3983.24
440,805.39,3989.0
441,803.58,3994.77
442,801.77,4000.53
443,799.86,4006.41
444,798.05,4012.17
445,796.24,4017.94
446,794.43,4023.7
447,792.52,4029.47
448,790.71,4035.24
449,788.9,4041.0
450,787.0,4046.77
451,785.19,4052.53
452,783.38,4058.3
453,783.38,4058.3
454,783.38,4058.3
455,783.38,4058.3
456,783.38,4058.3
457,783.38,4058.3
458,783.38,4058.3
459,783.38,4058.3
460,783.38,4058.3
461,783.38,4058.3
462,783.38,4058.3
463,782.81,4059.29
464,782.23,4060.18
465,781.57,4061.18
466,781.0,4062.18
467,780.42,4063.06
468,779.85,4064.06
469,779.28,4065.06
470,778.61,4066.06
471,778.04,4066.94
472,777.47,4067.94
473,775.85,4074.04
474,774.23,4080.03
475,772.52,4086.13
476,770.9,4092.22
477,769.28,4098.21
478,767.66,4104.31
479,770.8,4109.3
480,774.04,4114.29
481,777.18,4119.28
482,782.71,4125.49
483,788.33,4131.69
484,793.86,4137.9
485,799.38,4144.11
486,805.01,4150.43
487,810.53,4156.64
488,816.06,4162.85
489,821.68,4169.06
490,827.21,4175.27
491,834.26,4177.82
492,841.31,4180.48
493,848.36,4183.03
494,855.41,4185.69
495,862.46,4188.24
496,869.51,4190.79
497,876.56,4193.45
498,883.61,4196.0
499,890.76,4198.55
500,897.81,4201.21
501,904.86,4203.76
502,911.91,4206.31
503,918.96,4208.97
504,926.01,4211.52
505,933.06,4214.18
506,940.11,4216.73
507,944.87,4215.07
508,949.73,4213.41
509,951.83,4211.3
510,953.83,4209.2
511,955.93,4207.09
512,958.02,4204.98
513,960.02,4202.88
514,962.12,4200.77
515,964.22,4198.66
516,966.31,4196.56
517,968.31,4194.45
518,970.41,4192.34
519,970.69,4191.9
520,970.98,4191.34
521,971.27,4190.9
522,971.55,4190.46
523,971.84,4190.01
524,972.03,4189.46
525,972.31,4189.02
526,972.6,4188.57
527,972.89,4188.13
528,973.17,4187.58
529,973.46,4187.13
530,976.22,4184.14
531,978.89,4181.14
532,981.65,4178.04
533,984.32,4175.05
534,987.08,4172.05
535,989.85,4169.06
536,992.51,4166.07
537,995.28,4162.96
538,997.94,4159.97
539,1000.71,4156.97
540,1003.47,4153.65
541,1004.42,4155.42
542,1005.38,4157.31
543,1006.33,4159.08
544,1004.52,4161.3
545,1002.61,4163.52
546,1000.8,4165.62
547,998.9,4167.84
548,997.09,4170.06
549,995.28,4172.27
550,993.37,4174.38
551,991.56,4176.6
552,989.75,4178.82
553,987.84,4181.03
554,986.03,4183.14
555,984.13,4185.36
556,982.32,4187.58
557,980.51,4189.79
558,978.6,4191.9
559,976.79,4194.12
560,974.98,4196.33
561,973.08,4198.55
562,971.27,4200.66
563,969.36,4202.88
564,967.55,4205.09
565,967.36,4206.42
566,967.26,4207.75
567,967.07,4209.08
568,966.88,4210.41
569,966.79,4211.75
570,966.6,4213.19
571,966.41,4214.52
572,966.22,4215.85
573,966.12,4217.18
574,965.93,4218.51
575,965.93,4218.51
576,965.93,4218.51
577,965.93,4218.51
578,965.93,4218.51
579,965.93,4218.51
580,965.93,4218.51
581,965.93,4218.51
582,965.93,4218.51
583,965.93,4218.51
584,965.93,4218.51
585,965.93,4218.51
586,965.93,4218.51
587,965.93,4218.51
588,965.93,4218.51
589,965.93,4218.51
590,965.93,4218.51
591,965.93,4218.51
592,965.93,4218.51
593,965.93,4218.51
594,965.93,4218.51
595,965.93,4218.51
596,965.93,4218.51
597,965.93,4218.51
598,965.93,4218.51
599,965.93,4218.51
600,965.93,4218.51
601,965.93,4218.51
602,965.93,4218.51
603,965.93,4218.51
604,965.93,4218.51
605,965.93,4218.51
606,965.93,4218.51
607,965.93,4218.51
608,965.93,4218.51
609,965.93,4218.51
610,965.93,4218.51
611,965.93,4218.51
612,965.93,4218.51
613,965.93,4218.51
614,965.84,4218.4
615,965.84,4218.29
616,965.74,4218.29
617,965.74,4218.18
618,965.65,4218.07
619,965.65,4217.95
620,965.55,4217.84
621,965.55,4217.84
622,965.45,4217.73
623,965.45,4217.62
624,965.36,4217.51
625,965.26,4217.4
626,965.26,4217.4
627,965.17,4217.29
628,965.17,4217.18
629,965.07,4217.07
630,965.07,4216.96
631,964.98,4216.96
632,964.98,4216.85
633,964.88,4216.73
634,964.88,4216.73
635,964.88,4216.73
636,964.88,4216.73
637,964.88,4216.73
638,964.88,4216.73
639,964.88,4216.73
640,964.88,4216.73
641,964.88,4216.73
642,964.88,4216.73
643,964.88,4216.73
644,964.88,4216.73
645,964.88,4216.73
646,964.88,4216.73
647,964.88,4216.73
648,964.88,4216.73
649,964.88,4216.73
650,964.88,4216.73
651,964.88,4216.73
652,964.88,4216.73
653,964.88,4216.73
654,964.88,4216.73
655,964.88,4216.73
656,964.88,4216.73
657,964.88,4216.73
658,964.88,4216.73
659,964.88,4216.73
660,964.88,4216.73
661,964.88,4216.73
662,964.88,4216.73
663,964.88,4216.73
664,964.88,4216.73
665,964.88,4216.73
666,964.88,4216.73
667,964.88,4216.73
668,964.88,4216.73
669,964.88,4216.73
670,964.88,4216.73
671,964.88,4216.73
672,964.88,4216.73
673,964.88,4216.73
674,964.88,4216.73
675,964.88,4216.73
676,964.88,4216.73
677,964.88,4216.73
678,964.88,4216.73
679,964.88,4216.73
680,964.88,4216.73
681,964.88,4216.73
682,964.88,4216.73
683,964.88,4216.73
684,964.88,4216.73
685,964.6,4217.18
686,964.31,4217.62
687,964.03,4218.07
688,963.74,4218.51
689,963.36,4219.06
690,963.07,4219.51
691,962.79,4219.95
692,962.5,4220.39
693,959.93,4222.94
694,957.26,4225.6
695,954.69,4228.15
696,952.12,4230.82
697,949.54,4233.37
698,946.88,4235.92
699,944.3,4238.58
700,941.73,4241.13
701,939.16,4243.79
702,936.49,4246.34
703,933.92,4248.89
704,931.34,4251.55
705,928.68,4254.1
706,926.1,4256.76
707,923.53,4259.31
708,920.96,4261.97
709,918.29,4264.52
710,915.72,4267.07
711,913.15,4269.73
712,910.57,4272.28
713,907.91,4274.94
714,905.33,4277.49
715,831.49,4354.33
716,822.63,4365.08
717,813.77,4375.95
718,804.91,4386.7
719,796.05,4397.57
720,787.19,4408.32
721,787.19,4411.1
722,787.19,4413.87
723,785.66,4415.31
724,784.24,4416.64
725,782.71,4418.08
726,781.19,4419.52
727,779.66,4420.96
728,778.23,4422.29
729,776.71,4423.74
730,775.18,4425.18
731,773.75,4426.51
732,772.23,4427.95
