0,2574.99,296.48
1,2578.42,297.03
2,2581.75,297.69
3,2583.18,297.92
4,2584.61,298.14
5,2585.95,298.47
6,2587.38,298.69
7,2588.81,298.91
8,2590.23,299.14
9,2591.66,299.36
10,2593.0,299.69
11,2594.43,299.91
12,2595.86,300.13
13,2595.86,300.13
14,2595.86,300.13
15,2595.86,300.13
16,2595.86,300.13
17,2595.86,300.13
18,2595.86,300.13
19,2595.86,300.13
20,2595.86,300.13
21,2595.86,300.13
22,2595.86,300.13
23,2595.86,300.13
24,2595.86,300.13
25,2595.86,300.13
26,2595.86,300.13
27,2595.86,300.13
28,2595.86,300.13
29,2595.86,300.13
30,2595.86,300.13
31,2595.86,300.13
32,2595.86,300.13
33,2595.86,300.13
34,2595.86,300.13
35,2595.86,300.13
36,2595.86,300.13
37,2595.86,300.13
38,2595.86,300.13
39,2595.86,300.13
40,2595.86,300.13
41,2595.86,300.13
42,2595.86,300.13
43,2595.86,300.13
44,2595.86,300.13
45,2595.86,300.13
46,2595.86,300.13
47,2595.86,300.13
48,2595.86,300.13
49,2595.86,300.13
50,2595.86,300.13
51,2595.86,300.13
52,2595.86,300.13
53,2595.86,300.13
54,2595.86,300.13
55,2595.86,300.13
56,2595.86,300.13
57,2595.86,300.13
58,2595.86,300.13
59,2595.86,300.13
60,2595.86,300.13
61,2595.86,300.13
62,2595.86,300.13
63,2598.81,300.69
64,2601.76,301.35
65,2604.81,301.91
66,2607.77,302.46
67,2610.72,303.13
68,2613.67,303.68
69,2616.63,304.24
70,2619.68,304.79
71,2622.63,305.46
72,2625.58,306.01
73,2626.73,307.56
74,2627.87,309.0
75,2628.92,310.56
76,2630.06,312.11
77,2631.2,313.55
78,2632.35,315.1
79,2633.49,316.65
80,2634.63,318.1
81,2635.68,319.65
82,2636.83,321.09
83,2637.97,322.64
84,2639.11,324.19
85,2640.26,325.63
86,2641.4,327.19
87,2642.45,328.74
88,2643.59,330.18
89,2644.73,331.73
90,2644.54,332.95
91,2644.45,334.17
92,2644.26,335.28
93,2644.16,336.5
94,2643.97,337.72
95,2643.78,338.94
96,2643.69,340.16
97,2643.5,341.27
98,2643.4,342.49
99,2643.21,343.71
100,2643.21,343.71
101,2643.21,343.71
102,2643.21,343.71
103,2643.21,343.71
104,2643.21,343.71
105,2643.21,343.71
106,2643.21,343.71
107,2643.21,343.71
108,2643.21,343.71
109,2643.21,343.71
110,2643.21,343.71
111,2643.21,343.71
112,2643.21,343.71
113,2643.21,343.71
114,2643.21,343.71
115,2643.21,343.71
116,2643.21,343.71
117,2643.21,343.71
118,2643.21,343.71
119,2643.21,343.71
120,2643.21,343.71
121,2643.21,343.71
122,2643.21,343.71
123,2643.21,343.71
124,2643.21,343.71
125,2643.21,343.71
126,2643.21,343.71
127,2643.21,343.71
128,2643.21,343.71
129,2643.21,343.71
130,2643.21,343.71
131,2643.21,343.71
132,2643.21,343.71
133,2643.21,343.71
134,2643.21,343.71
135,2643.21,343.71
136,2643.21,343.71
137,2643.21,343.71
138,2643.21,343.71
139,2643.21,343.71
140,2643.21,343.71
141,2643.21,343.71
142,2643.21,343.71
143,2643.21,343.71
144,2643.21,343.71
145,2643.21,343.71
146,2643.21,343.71
147,2643.21,343.71
148,2643.21,343.71
149,2643.21,343.71
150,2643.21,343.71
151,2643.21,343.71
152,2643.21,343.71
153,2643.21,343.71
154,2643.21,343.71
155,2643.21,343.71
156,2643.21,343.71
157,2643.21,343.71
158,2643.21,343.71
159,2643.21,343.71
160,2643.21,343.71
161,2643.21,343.71
162,2643.21,343.71
163,2643.21,343.71
164,2643.21,343.71
165,2643.21,343.71
166,2643.21,343.71
167,2643.21,343.71
168,2643.21,343.71
169,2643.21,343.71
170,2643.21,343.71
171,2643.21,343.71
172,2643.21,343.71
173,2643.21,343.71
174,2643.21,343.71
175,2643.21,343.71
176,2643.21,343.71
177,2643.21,343.71
178,2643.21,343.71
179,2643.21,343.71
180,2643.21,343.71
181,2643.21,343.71
182,2643.21,343.71
183,2643.21,343.71
184,2643.21,343.71
185,2643.21,343.71
186,2643.21,343.71
187,2643.21,343.71
188,2643.21,343.71
189,2643.21,343.71
190,2641.59,348.81
191,2639.97,354.02
192,2638.35,359.12
193,2636.83,364.33
194,2635.21,369.43
195,2633.59,374.64
196,2631.97,379.74
197,2630.35,384.95
198,2628.73,390.05
199,2627.2,395.26
200,2625.58,400.36
201,2623.96,405.57
202,2622.34,410.67
203,2620.72,415.89
204,2619.1,420.99
205,2617.58,426.2
206,2615.96,431.3
207,2614.34,436.51
208,2612.72,441.61
209,2610.62,449.81
210,2608.53,457.91
211,2606.43,466.11
212,2604.34,474.21
213,2602.24,482.41
214,2600.24,490.5
215,2598.14,498.6
216,2596.05,506.8
217,2593.95,515.01
218,2591.85,523.1
219,2589.95,527.2
220,2587.95,531.31
221,2586.04,535.41
222,2584.14,539.51
223,2582.14,543.61
224,2580.23,547.71
225,2578.32,551.82
226,2576.42,555.92
227,2574.42,560.02
228,2572.51,564.12
229,2572.32,564.12
230,2572.23,564.23
231,2572.04,564.23
232,2571.85,564.35
233,2571.66,564.35
234,2571.56,564.46
235,2571.37,564.46
236,2571.18,564.57
237,2570.99,564.57
238,2570.89,564.68
239,2570.7,564.68
240,2570.51,564.79
241,2570.32,564.79
242,2570.23,564.9
243,2570.04,564.9
244,2569.84,565.01
245,2569.65,565.01
246,2569.56,565.12
247,2569.37,565.12
248,2569.18,565.23
249,2568.99,565.23
250,2568.89,565.34
251,2568.7,565.34
252,2568.51,565.34
253,2568.42,565.45
254,2568.23,565.45
255,2568.03,565.56
256,2567.84,565.56
257,2567.75,565.68
258,2567.56,565.68
259,2567.37,565.79
260,2567.18,565.79
261,2567.08,565.9
262,2566.89,565.9
263,2566.7,566.01
264,2566.51,566.01
265,2566.41,566.12
266,2566.22,566.12
267,2566.03,566.23
268,2565.84,566.23
269,2565.75,566.34
270,2565.56,566.34
271,2565.37,566.45
272,2565.18,566.45
273,2565.08,566.56
274,2564.89,566.56
275,2564.7,566.56
276,2564.6,566.67
277,2564.41,566.67
278,2564.22,566.78
279,2564.03,566.78
280,2563.94,566.9
281,2563.75,566.9
282,2563.56,567.01
283,2563.37,567.01
284,2563.27,567.12
285,2563.08,567.12
286,2562.89,567.23
287,2562.7,567.23
288,2562.6,567.34
289,2562.41,567.34
290,2562.22,567.45
291,2562.03,567.45
292,2561.94,567.56
293,2561.75,567.56
294,2561.56,567.67
295,2561.37,567.67
296,2561.27,567.78
297,2561.08,567.78
298,2560.89,567.78
299,2560.79,567.89
300,2560.6,567.89
301,2560.41,568.0
302,2560.22,568.0
303,2560.13,568.11
304,2559.94,568.11
305,2559.75,568.23
306,2559.55,568.23
307,2559.46,568.34
308,2559.27,568.34
309,2559.08,568.45
310,2558.89,568.45
311,2558.79,568.56
312,2558.6,568.56
313,2558.41,568.67
314,2558.22,568.67
315,2558.13,568.78
316,2557.94,568.78
317,2557.74,568.89
318,2557.55,568.89
319,2557.46,569.0
320,2557.27,569.0
321,2557.08,569.0
322,2556.98,569.11
323,2556.79,569.11
324,2556.6,569.22
325,2556.41,569.22
326,2556.32,569.33
327,2556.12,569.33
328,2555.93,569.45
329,2555.74,569.45
330,2555.65,569.56
331,2555.46,569.56
332,2555.27,569.67
333,2555.08,569.67
334,2554.98,569.78
335,2554.79,569.78
336,2554.6,569.89
337,2554.41,569.89
338,2554.31,570.0
339,2554.12,570.0
340,2553.93,570.11
341,2553.74,570.11
342,2553.65,570.22
343,2553.46,570.22
344,2462.37,662.47
345,2371.19,754.83
346,2280.1,847.07
347,2189.02,939.32
348,2097.84,1031.68
349,2006.75,1123.92
350,2010.28,1145.32
351,2013.8,1166.72
352,2017.33,1188.12
353,2020.95,1209.52
354,2024.47,1230.92
355,2028.0,1252.31
356,2029.43,1259.19
357,2030.95,1266.17
358,2032.38,1273.05
359,2033.9,1280.03
360,2035.33,1286.91
361,2036.86,1293.89
362,2038.29,1300.88
363,2039.81,1307.75
364,2041.24,1314.74
365,2042.67,1321.61
366,2044.19,1328.6
367,2045.62,1335.47
368,2047.15,1342.45
369,2048.58,1349.33
370,2050.1,1356.31
371,2051.53,1363.19
372,2055.15,1379.26
373,2058.77,1395.34
374,2062.39,1411.42
375,2066.01,1427.38
376,2069.63,1443.46
377,2073.25,1459.54
378,2076.88,1475.61
379,2080.5,1491.69
380,2084.12,1507.77
381,2087.74,1523.84
382,2091.36,1539.92
383,2094.88,1555.89
384,2098.5,1571.96
385,2102.12,1588.04
386,2105.74,1604.12
387,2109.37,1620.19
388,2112.99,1636.27
389,2116.61,1652.35
390,2120.23,1668.42
391,2123.85,1684.39
392,2127.47,1700.46
393,2131.09,1716.54
394,2134.71,1732.62
395,2135.09,1743.26
396,2135.47,1753.91
397,2135.85,1764.55
398,2136.23,1775.19
399,2136.61,1785.84
400,2135.57,1795.26
401,2134.52,1804.57
402,2133.47,1814.0
403,2132.42,1823.31
404,2131.37,1832.74
405,2130.33,1842.16
406,2129.28,1851.47
407,2128.23,1860.9
408,2127.18,1870.21
409,2126.13,1879.64
410,2123.28,1889.39
411,2120.51,1899.15
412,2117.65,1908.91
413,2114.8,1918.66
414,2112.03,1928.42
415,2109.17,1938.18
416,2106.32,1947.93
417,2103.55,1957.69
418,2100.69,1967.45
419,2095.45,1977.76
420,2090.31,1987.96
421,2085.07,1998.27
422,2079.92,2008.58
423,2074.68,2018.89
424,2069.44,2029.09
425,2064.3,2039.4
426,2059.06,2049.72
427,2053.91,2059.92
428,2048.67,2070.23
429,2039.43,2078.88
430,2030.09,2087.52
431,2020.85,2096.06
432,2011.51,2104.71
433,2002.27,2113.36
434,1992.94,2121.89
435,1983.69,2130.54
436,1974.36,2139.19
437,1965.11,2147.84
438,1955.87,2156.49
439,1946.53,2165.02
440,1937.29,2173.67
441,1927.96,2182.32
442,1918.71,2190.86
443,1909.38,2199.51
444,1900.13,2208.15
445,1890.8,2216.8
446,1881.55,2225.45
447,1872.22,2233.99
448,1862.98,2242.63
449,1849.45,2240.86
450,1836.01,2239.09
451,1822.58,2237.31
452,1809.05,2235.54
453,1792.47,2232.66
454,1775.89,2229.66
455,1759.31,2226.78
456,1742.73,2223.9
457,1726.25,2220.9
458,1709.67,2218.02
459,1693.09,2215.14
460,1676.52,2212.26
461,1659.94,2209.26
462,1643.36,2206.38
463,1624.78,2207.38
464,1606.2,2208.49
465,1587.62,2209.48
466,1569.04,2210.48
467,1550.46,2211.48
468,1531.88,2212.59
469,1513.3,2213.59
470,1494.73,2214.58
471,1476.15,2215.69
472,1457.57,2216.69
473,1448.13,2216.58
474,1438.8,2216.58
475,1429.36,2216.47
476,1419.93,2216.47
477,1410.59,2216.36
478,1401.16,2216.36
479,1391.82,2216.25
480,1382.39,2216.14
481,1372.96,2216.14
482,1363.62,2216.03
483,1354.19,2216.03
484,1344.76,2215.91
485,1335.42,2215.91
486,1325.99,2215.8
487,1299.31,2214.03
488,1272.63,2212.26
489,1245.95,2210.59
490,1219.28,2208.82
491,1192.6,2207.04
492,1165.92,2205.27
493,1149.82,2204.94
494,1133.72,2204.61
495,1117.61,2204.16
496,1101.51,2203.83
497,1085.41,2203.5
498,1069.31,2203.16
499,1053.21,2202.83
500,1037.1,2202.39
501,1021.0,2202.06
502,1004.9,2201.72
503,988.8,2201.39
504,972.7,2201.06
505,956.59,2200.72
506,940.49,2200.28
507,924.39,2199.95
508,908.29,2199.62
509,892.19,2199.28
510,876.08,2198.95
511,859.98,2198.51
512,843.88,2198.17
513,827.78,2197.84
514,811.01,2197.62
515,794.24,2197.51
516,777.57,2197.29
517,760.8,2197.18
518,744.03,2196.96
519,727.26,2196.84
520,710.49,2196.62
521,693.82,2196.51
522,677.05,2196.4
523,660.28,2196.18
524,643.51,2194.52
525,626.65,2192.96
526,609.88,2191.3
527,593.11,2189.75
528,576.24,2188.09
529,559.47,2186.42
530,542.7,2184.87
531,525.94,2183.21
532,509.07,2181.65
533,492.3,2179.99
534,483.16,2176.44
535,474.01,2172.78
536,464.86,2169.24
537,455.72,2165.58
538,446.47,2162.03
539,437.33,2158.37
540,428.18,2154.82
541,419.03,2151.16
542,409.89,2147.62
543,400.74,2144.07
544,391.59,2140.41
545,382.45,2136.86
546,373.3,2133.2
547,364.06,2129.66
548,354.91,2126.0
549,345.76,2122.45
550,336.62,2118.79
551,327.47,2115.24
552,149.3,2036.19
