0,2931.14,3197.81
1,2927.04,3196.15
2,2922.85,3194.48
3,2918.56,3193.15
4,2912.66,3190.49
5,2906.75,3187.83
6,2900.75,3185.17
7,2894.84,3182.51
8,2888.93,3179.74
9,2883.02,3177.08
10,2877.02,3174.41
11,2871.11,3171.75
12,2865.21,3169.09
13,2859.3,3166.43
14,2853.3,3163.77
15,2847.39,3161.11
16,2841.48,3158.45
17,2835.58,3155.79
18,2829.67,3153.02
19,2823.67,3150.35
20,2817.76,3147.69
21,2811.85,3145.03
22,2805.94,3142.37
23,2799.94,3139.71
24,2794.03,3137.05
25,2788.13,3134.39
26,2782.22,3131.73
27,2776.22,3129.07
28,2770.31,3126.41
29,2764.4,3123.63
30,2758.5,3120.97
31,2752.49,3118.31
32,2746.59,3115.65
33,2740.68,3112.99
34,2738.01,3112.1
35,2735.25,3111.33
36,2732.58,3110.44
37,2729.91,3109.55
38,2727.24,3108.78
39,2724.48,3107.89
40,2721.81,3107.0
41,2719.15,3106.12
42,2716.38,3105.34
43,2713.72,3104.45
44,2713.72,3104.45
45,2713.62,3104.34
46,2713.62,3104.34
47,2713.62,3104.23
48,2713.52,3104.23
49,2713.52,3104.12
50,2713.43,3104.12
51,2713.43,3104.01
52,2713.43,3104.01
53,2713.33,3103.9
54,2713.33,3103.9
55,2712.86,3104.01
56,2712.48,3104.23
57,2712.0,3104.34
58,2711.62,3104.45
59,2711.14,3104.56
60,2710.67,3104.79
61,2710.29,3104.9
62,2709.81,3105.01
63,2709.43,3105.23
64,2708.95,3105.34
65,2704.38,3103.01
66,2699.8,3100.79
67,2695.33,3098.47
68,2690.75,3096.25
69,2686.18,3093.92
70,2681.7,3091.92
71,2677.32,3089.93
72,2672.84,3087.93
73,2668.46,3085.94
74,2668.65,3082.94
75,2668.84,3080.06
76,2669.03,3077.07
77,2669.22,3074.07
78,2669.41,3071.19
79,2669.6,3068.2
80,2669.79,3065.2
81,2669.98,3062.32
82,2670.17,3059.33
83,2670.36,3056.45
84,2670.55,3053.45
85,2670.74,3050.46
86,2670.94,3047.58
87,2671.13,3044.58
88,2670.94,3045.69
89,2672.36,3039.37
90,2670.84,3040.15
91,2669.22,3040.81
92,2667.7,3041.48
93,2666.17,3042.25
94,2664.65,3043.03
95,2663.03,3043.69
96,2661.5,3044.47
97,2659.98,3045.14
98,2658.36,3045.91
99,2656.83,3046.58
100,2656.26,3047.35
101,2655.6,3048.24
102,2655.02,3049.02
103,2654.45,3049.79
104,2652.17,3048.57
105,2649.78,3047.46
106,2647.4,3046.24
107,2645.11,3045.03
108,2642.73,3043.81
109,2640.45,3042.7
110,2638.16,3041.48
111,2635.78,3040.26
112,2633.4,3039.15
113,2631.11,3037.93
114,2631.11,3037.93
115,2631.11,3037.93
116,2631.11,3037.93
117,2631.11,3037.93
118,2631.11,3037.93
119,2631.11,3037.93
120,2631.11,3037.93
121,2631.11,3037.93
122,2631.11,3037.93
123,2631.11,3037.93
124,2631.11,3037.93
125,2631.2,3038.04
126,2631.2,3038.04
127,2631.2,3038.15
128,2631.3,3038.26
129,2631.3,3038.26
130,2631.3,3038.37
131,2631.3,3038.37
132,2631.39,3038.48
133,2631.39,3038.48
134,2631.01,3038.82
135,2630.54,3039.15
136,2630.16,3039.48
137,2629.68,3039.7
138,2629.3,3040.04
139,2628.92,3040.37
140,2628.44,3040.7
141,2628.06,3041.03
142,2627.58,3041.37
143,2627.2,3041.7
144,2626.82,3041.92
145,2626.35,3042.25
146,2625.96,3042.59
147,2625.49,3042.92
148,2625.11,3043.25
149,2624.73,3043.58
150,2624.25,3043.81
151,2623.87,3044.14
152,2623.39,3044.47
153,2623.01,3044.8
154,2623.01,3044.8
155,2623.01,3044.8
156,2623.01,3044.8
157,2623.01,3044.8
158,2623.01,3044.8
159,2623.01,3044.8
160,2623.01,3044.8
161,2623.01,3044.8
162,2623.01,3044.8
163,2623.01,3044.8
164,2623.01,3044.8
165,2623.01,3044.8
166,2623.01,3044.8
167,2623.01,3044.8
168,2623.01,3044.8
169,2623.01,3044.8
170,2623.01,3044.8
171,2623.01,3044.8
172,2623.01,3044.8
173,2623.01,3044.8
174,2623.01,3044.8
175,2623.01,3044.8
176,2623.01,3044.8
177,2623.01,3044.8
178,2623.01,3044.8
179,2623.01,3044.8
180,2623.01,3044.8
181,2623.01,3044.8
182,2623.01,3044.8
183,2623.01,3044.8
184,2623.01,3044.8
185,2623.01,3044.8
186,2623.01,3044.8
187,2623.01,3044.8
188,2623.01,3044.8
189,2623.01,3044.8
190,2623.01,3044.8
191,2623.01,3044.8
192,2623.01,3044.8
193,2623.01,3044.8
194,2622.91,3044.91
195,2622.91,3045.03
196,2622.82,3045.25
197,2622.72,3045.36
198,2622.63,3045.47
199,2622.63,3045.58
200,2622.53,3045.69
201,2622.44,3045.8
202,2622.34,3046.02
203,2622.34,3046.13
204,2622.25,3046.24
205,2622.25,3046.24
206,2622.25,3046.24
207,2622.25,3046.24
208,2622.25,3046.24
209,2622.25,3046.24
210,2622.25,3046.24
211,2622.25,3046.24
212,2622.25,3046.24
213,2622.25,3046.24
214,2622.25,3046.24
215,2622.25,3046.24
216,2622.25,3046.24
217,2622.25,3046.24
218,2622.25,3046.24
219,2622.25,3046.24
220,2622.25,3046.24
221,2622.25,3046.24
222,2622.25,3046.24
223,2622.25,3046.24
224,2622.25,3046.24
225,2622.25,3046.24
226,2622.25,3046.24
227,2622.25,3046.24
228,2622.25,3046.24
229,2622.25,3046.24
230,2622.25,3046.24
231,2622.25,3046.24
232,2622.25,3046.24
233,2622.25,3046.24
234,2622.25,3046.24
235,2622.25,3046.24
236,2622.25,3046.24
237,2622.25,3046.24
238,2622.25,3046.24
239,2622.25,3046.24
240,2622.25,3046.24
241,2622.25,3046.24
242,2622.25,3046.24
243,2622.25,3046.24
244,2622.25,3046.24
245,2622.25,3046.24
246,2622.25,3046.24
247,2622.25,3046.36
248,2622.25,3046.36
249,2622.25,3046.36
250,2622.25,3046.36
251,2622.25,3046.47
252,2622.15,3046.47
253,2622.15,3046.47
254,2622.15,3046.47
255,2622.15,3046.58
256,2622.15,3046.58
257,2622.15,3046.58
258,2622.15,3046.58
259,2622.15,3046.69
260,2622.15,3046.69
261,2622.15,3046.69
262,2622.15,3046.69
263,2622.15,3046.8
264,2622.15,3046.8
265,2622.15,3046.8
266,2622.06,3046.8
267,2622.06,3046.91
268,2622.06,3046.91
269,2622.06,3046.91
270,2622.06,3046.91
271,2622.06,3047.02
272,2622.06,3047.02
273,2622.06,3047.02
274,2622.06,3047.02
275,2622.06,3047.02
276,2622.06,3047.02
277,2622.06,3047.02
278,2622.06,3047.02
279,2622.06,3047.02
280,2622.06,3047.02
281,2622.06,3047.02
282,2622.06,3047.02
283,2622.06,3047.02
284,2622.06,3047.02
285,2622.06,3047.02
286,2622.06,3047.02
287,2622.06,3047.02
288,2622.06,3047.02
289,2622.06,3047.02
290,2622.06,3047.02
291,2622.06,3047.02
292,2622.06,3047.02
293,2622.06,3047.02
294,2622.06,3047.02
295,2622.06,3047.02
296,2622.06,3047.02
297,2622.06,3047.02
298,2622.06,3047.02
299,2622.06,3047.02
300,2622.06,3047.02
301,2622.06,3047.02
302,2622.06,3047.02
303,2622.06,3047.02
304,2622.06,3047.02
305,2621.39,3047.02
306,2620.72,3047.02
307,2620.06,3047.13
308,2619.39,3047.13
309,2618.72,3047.13
310,2618.06,3047.13
311,2617.39,3047.13
312,2616.72,3047.13
313,2616.05,3047.24
314,2615.39,3047.24
315,2614.72,3047.24
316,2614.05,3047.24
317,2613.39,3047.24
318,2612.72,3047.24
319,2612.15,3047.35
320,2611.48,3047.35
321,2610.81,3047.35
322,2610.15,3047.35
323,2609.48,3047.35
324,2608.81,3047.35
325,2608.15,3047.46
326,2607.48,3047.46
327,2606.81,3047.46
328,2606.15,3047.46
329,2605.48,3047.46
330,2604.81,3047.46
331,2604.15,3047.58
332,2603.48,3047.58
333,2602.81,3047.58
334,2601.29,3047.8
335,2599.76,3048.13
336,2598.24,3048.35
337,2596.62,3048.68
338,2595.09,3048.91
339,2593.57,3049.13
340,2592.04,3049.46
341,2590.52,3049.68
342,2589.0,3049.9
343,2587.38,3050.24
344,2585.85,3050.46
345,2584.33,3050.79
346,2582.8,3051.01
347,2582.8,3051.01
348,2582.8,3051.01
349,2582.8,3051.01
350,2582.8,3051.01
351,2582.8,3051.01
352,2582.8,3051.01
353,2582.8,3051.01
354,2582.8,3051.01
355,2582.8,3051.01
356,2582.8,3051.01
357,2582.8,3051.01
358,2582.8,3051.01
359,2582.8,3051.01
360,2582.8,3051.01
361,2582.8,3051.01
362,2582.8,3051.01
363,2582.8,3051.01
364,2582.8,3051.01
365,2582.8,3051.01
366,2582.8,3051.01
367,2582.8,3051.01
368,2582.8,3051.01
369,2582.8,3051.01
370,2582.8,3051.01
371,2582.8,3051.01
372,2582.8,3051.01
373,2581.28,3051.68
374,2579.66,3052.34
375,2578.13,3053.01
376,2576.51,3053.67
377,2574.99,3054.23
378,2573.37,3054.89
379,2571.85,3055.56
380,2570.32,3056.22
381,2568.7,3056.89
382,2567.18,3057.55
383,2565.56,3058.22
384,2564.03,3058.77
385,2562.41,3059.44
386,2560.89,3060.1
387,2559.27,3060.77
388,2557.74,3061.43
389,2554.22,3067.64
390,2550.69,3073.85
391,2547.17,3080.06
392,2543.74,3086.27
393,2540.21,3092.48
394,2536.69,3098.8
395,2533.16,3105.01
396,2529.64,3111.22
397,2526.21,3117.43
398,2522.68,3123.63
399,2519.16,3129.84
400,2515.63,3136.05
401,2514.39,3138.6
402,2513.06,3141.15
403,2511.82,3143.7
404,2510.58,3146.25
405,2509.34,3148.8
406,2508.01,3151.35
407,2506.77,3153.9
408,2505.53,3156.45
409,2504.29,3159.0
410,2502.96,3161.55
411,2501.72,3164.1
412,2501.72,3164.1
413,2501.72,3164.1
414,2501.72,3164.1
415,2501.72,3164.1
416,2501.72,3164.1
417,2501.72,3164.1
418,2501.72,3164.1
419,2500.96,3165.32
420,2500.2,3166.54
421,2499.43,3167.76
422,2498.77,3168.87
423,2498.01,3170.09
424,2497.24,3171.31
425,2493.15,3179.18
426,2489.14,3187.05
427,2485.05,3194.93
428,2481.05,3202.8
429,2476.95,3210.78
430,2472.95,3218.65
431,2468.85,3226.52
432,2464.85,3234.4
433,2460.75,3242.27
434,2459.7,3244.15
435,2458.66,3246.04
436,2457.61,3247.81
437,2456.56,3249.7
438,2455.51,3251.58
439,2454.46,3253.36
440,2453.41,3255.24
441,2452.37,3257.13
442,2451.32,3259.01
443,2450.37,3260.9
444,2449.32,3262.67
445,2448.27,3264.55
446,2447.22,3266.44
447,2446.17,3268.32
448,2445.13,3270.1
449,2444.08,3271.98
450,2443.03,3273.87
451,2441.98,3275.64
452,2440.93,3277.53
453,2439.89,3279.41
454,2439.89,3279.41
455,2439.89,3279.41
456,2439.89,3279.41
457,2439.89,3279.41
458,2439.89,3279.41
459,2439.89,3279.41
460,2439.89,3279.41
461,2439.89,3279.41
462,2439.89,3279.41
463,2439.89,3279.41
464,2438.36,3282.07
465,2436.84,3284.62
466,2435.31,3287.17
467,2433.79,3289.83
468,2432.26,3292.38
469,2430.64,3295.04
470,2429.12,3297.71
471,2427.59,3300.26
472,2426.07,3302.81
473,2424.55,3305.47
474,2422.07,3309.9
475,2419.59,3314.34
476,2417.02,3318.77
477,2414.54,3323.21
478,2412.06,3327.64
479,2409.59,3331.97
480,2407.11,3336.4
481,2404.54,3340.84
482,2402.06,3345.27
483,2399.58,3349.71
484,2396.15,3358.24
485,2392.82,3366.78
486,2389.39,3375.32
487,2385.96,3383.85
488,2382.62,3392.39
489,2379.19,3400.93
490,2375.76,3409.47
491,2372.33,3418.0
492,2369.0,3426.54
493,2365.57,3435.08
494,2362.33,3443.06
495,2359.09,3451.04
496,2355.85,3458.92
497,2352.52,3466.9
498,2349.28,3474.88
499,2346.04,3482.86
500,2342.8,3490.74
501,2339.56,3498.72
502,2336.32,3506.7
503,2332.98,3514.68
504,2329.74,3522.56
505,2326.5,3530.54
506,2323.36,3539.96
507,2320.22,3549.39
508,2317.17,3558.81
509,2314.02,3568.24
510,2310.88,3577.66
511,2307.73,3587.09
512,2304.69,3596.51
513,2301.54,3605.93
514,2298.4,3615.36
515,2296.59,3616.36
516,2294.78,3617.24
517,2292.97,3618.24
518,2291.16,3619.13
519,2289.35,3620.13
520,2287.63,3621.01
521,2285.82,3622.01
522,2284.01,3622.9
523,2282.2,3623.89
524,2280.39,3624.78
525,2278.58,3625.78
526,2275.91,3634.1
527,2273.15,3642.41
528,2270.48,3650.73
529,2267.81,3659.04
530,2268.29,3667.91
531,2268.77,3676.78
532,2269.15,3685.65
533,2269.62,3694.52
534,2270.1,3703.39
535,2270.58,3712.26
536,2271.05,3721.13
537,2271.43,3730.0
538,2271.91,3738.87
539,2272.39,3747.74
540,2268.19,3759.94
541,2264.0,3772.02
542,2259.9,3784.22
543,2255.71,3796.3
544,2251.52,3808.5
545,2247.33,3820.7
546,2243.14,3832.78
547,2239.04,3844.98
548,2234.85,3857.06
549,2230.65,3869.26
550,2224.08,3884.56
551,2217.41,3899.75
552,2210.84,3915.05
553,2204.26,3930.35
554,2197.59,3945.65
555,2191.02,3960.84
556,2184.44,3976.14
557,2177.77,3991.44
558,2171.2,4006.63
559,2164.63,4021.93
560,2157.96,4037.23
561,2151.38,4052.42
562,2144.71,4067.72
563,2138.14,4083.02
564,2131.57,4098.32
565,2124.9,4113.51
566,2118.32,4128.81
567,2111.75,4144.11
568,2105.08,4159.3
569,2098.5,4174.6
570,2097.55,4185.91
571,2096.69,4197.22
572,2095.74,4208.53
573,2094.88,4219.84
574,2093.93,4231.15
575,2093.07,4242.57
576,2092.12,4253.88
577,2091.26,4265.19
578,2090.31,4276.5
579,2089.45,4287.8
580,2088.5,4299.11
581,2087.55,4306.99
582,2086.69,4314.86
583,2085.83,4322.62
584,2084.88,4330.49
585,2084.88,4330.82
586,2084.88,4331.16
587,2084.88,4331.6
588,2084.88,4331.93
589,2084.88,4332.26
590,2084.88,4332.6
591,2084.97,4333.04
592,2084.97,4333.37
593,2084.97,4333.71
594,2084.97,4334.04
595,2084.97,4334.48
596,2084.97,4334.81
597,2084.97,4335.15
598,2084.97,4335.15
599,2084.97,4335.15
600,2084.97,4335.15
601,2084.97,4335.15
602,2084.97,4335.15
603,2084.97,4335.15
604,2084.97,4335.15
605,2084.97,4335.15
606,2084.97,4335.15
607,2084.97,4335.37
608,2084.88,4335.59
609,2084.88,4335.92
610,2084.88,4336.15
611,2084.78,4336.37
612,2084.78,4336.59
613,2084.78,4336.81
614,2084.69,4337.14
615,2084.69,4337.36
616,2084.69,4337.59
617,2084.59,4337.81
618,2084.59,4338.03
619,2084.59,4338.36
620,2084.5,4338.58
621,2084.5,4338.81
622,2084.5,4339.03
623,2084.4,4339.36
624,2084.4,4339.58
625,2084.4,4339.8
626,2084.31,4340.03
627,2084.31,4340.25
628,2084.31,4340.58
629,2084.21,4340.8
630,2084.21,4341.02
631,2083.16,4345.79
632,2082.12,4350.45
633,2081.07,4355.22
634,2080.02,4359.98
635,2078.97,4364.64
636,2077.92,4369.41
637,2076.88,4374.17
638,2075.83,4378.94
639,2074.78,4383.6
640,2073.73,4388.37
641,2072.68,4393.13
642,2071.64,4397.79
643,2070.59,4402.56
