0,2050.29,916.26
1,2042.48,931.45
2,2034.67,946.64
3,2026.85,961.83
4,2024.09,973.58
5,2021.33,985.33
6,2018.57,996.97
7,2015.8,1008.73
8,2012.94,1020.48
9,2010.18,1032.23
10,2007.42,1043.98
11,2004.65,1055.63
12,2001.89,1067.38
13,1999.13,1079.13
14,2000.37,1089.22
15,2001.61,1099.31
16,2002.94,1109.4
17,2004.18,1119.38
18,2005.42,1129.47
19,2006.66,1139.56
20,2007.89,1149.65
21,2009.23,1159.74
22,2010.47,1169.82
23,2011.71,1179.91
24,2012.94,1190.0
25,2014.18,1200.09
26,2015.42,1210.07
27,2016.75,1220.16
28,2017.99,1230.25
29,2019.23,1240.34
30,2022.66,1254.42
31,2026.09,1268.39
32,2029.52,1282.47
33,2032.95,1296.44
34,2036.38,1310.52
35,2039.72,1324.6
36,2043.15,1338.57
37,2046.58,1352.65
38,2050.01,1366.62
39,2053.44,1380.71
40,2056.77,1394.45
41,2060.11,1408.09
42,2063.35,1421.84
43,2066.68,1435.48
44,2070.02,1449.23
45,2073.35,1462.86
46,2076.59,1476.61
47,2079.92,1490.25
48,2083.26,1504.0
49,2087.07,1519.96
50,2090.98,1535.93
51,2094.79,1551.89
52,2098.6,1567.86
53,2102.51,1583.71
54,2106.32,1599.68
55,2110.13,1615.65
56,2114.03,1631.61
57,2117.84,1647.58
58,2119.75,1663.54
59,2121.56,1679.51
60,2123.47,1695.48
61,2125.37,1711.44
62,2127.18,1727.3
63,2129.09,1743.26
64,2130.99,1759.23
65,2132.8,1775.19
66,2134.71,1791.16
67,2135.0,1804.24
68,2131.47,1811.12
69,2127.94,1817.88
70,2124.42,1824.75
71,2120.89,1831.52
72,2117.37,1838.39
73,2113.84,1845.26
74,2110.32,1852.03
75,2106.79,1858.9
76,2103.27,1865.78
77,2099.74,1872.54
78,2096.12,1879.41
79,2092.6,1886.18
80,2089.07,1893.05
81,2085.55,1899.93
82,2082.02,1906.69
83,2078.5,1913.56
84,2074.97,1920.33
85,2071.44,1927.2
86,2067.92,1934.07
87,2064.39,1940.84
88,2060.87,1947.71
89,2057.34,1954.59
90,2053.82,1961.35
91,2050.29,1968.22
92,2046.77,1974.99
93,2043.24,1981.86
94,2039.72,1988.74
95,2036.19,1995.5
96,2032.67,2002.37
97,2029.05,2009.25
98,2025.52,2016.01
99,2022.0,2022.88
100,2018.47,2029.65
101,2014.94,2036.52
102,2011.42,2043.4
103,2007.89,2050.16
104,2004.37,2057.03
105,2000.84,2063.8
106,1997.32,2070.67
107,1993.79,2077.54
108,1990.27,2084.31
109,1986.74,2091.18
110,1983.22,2098.06
111,1979.69,2104.82
112,1976.17,2111.69
113,1972.64,2118.46
114,1969.12,2125.33
115,1965.59,2132.21
116,1962.07,2138.97
117,1958.54,2145.84
118,1954.92,2152.61
119,1951.39,2159.48
120,1947.87,2166.35
121,1944.34,2173.12
122,1940.82,2179.99
123,1937.29,2186.87
124,1933.77,2193.63
125,1930.24,2200.5
126,1926.72,2207.27
127,1923.19,2214.14
128,1710.53,2211.04
129,1680.9,2209.59
130,1651.27,2208.15
131,1621.54,2206.82
132,1591.91,2205.38
133,1562.28,2203.94
134,1548.84,2204.38
135,1535.41,2204.72
136,1521.97,2205.16
137,1508.54,2205.49
138,1495.11,2205.94
139,1481.67,2206.38
140,1468.24,2206.71
141,1454.8,2207.16
142,1441.37,2207.49
143,1427.94,2207.93
144,1414.5,2208.38
145,1401.07,2208.71
146,1387.63,2209.15
147,1374.2,2209.48
148,1360.76,2209.93
149,1347.33,2210.37
150,1333.9,2210.7
151,1320.46,2211.15
152,1307.03,2211.48
153,1293.59,2211.92
154,1285.88,2211.81
155,1278.16,2211.59
156,1270.54,2211.48
157,1262.82,2211.37
158,1255.1,2211.15
159,1247.38,2211.04
160,1239.76,2210.93
161,1232.04,2210.81
162,1224.33,2210.59
163,1216.61,2210.48
164,1208.99,2210.37
165,1201.27,2210.15
166,1193.55,2210.04
167,1173.16,2209.71
168,1152.87,2209.48
169,1132.48,2209.15
170,1112.18,2208.93
171,1091.79,2208.6
172,1071.5,2208.38
173,1051.11,2208.04
174,1034.82,2207.82
175,1018.43,2207.71
176,1002.14,2207.49
177,985.84,2207.27
178,969.46,2207.16
179,953.16,2206.93
180,936.87,2206.71
181,920.48,2206.6
182,904.19,2206.38
183,893.42,2206.27
184,882.66,2206.16
185,871.89,2205.94
186,861.12,2205.83
187,850.36,2205.71
188,839.69,2205.6
189,828.92,2205.49
190,818.15,2205.38
191,807.39,2205.16
192,796.62,2205.05
193,785.86,2204.94
194,776.04,2204.61
195,766.23,2204.38
196,756.41,2204.05
197,746.6,2203.83
198,736.79,2203.5
199,726.97,2203.16
200,717.16,2202.94
201,707.35,2202.61
202,697.53,2202.39
203,687.72,2202.06
204,677.9,2201.72
205,668.0,2201.5
206,658.18,2201.17
207,648.37,2200.84
208,638.55,2200.61
209,628.74,2200.28
210,618.93,2200.06
211,609.11,2199.73
212,599.3,2199.39
213,589.49,2199.17
214,579.67,2198.84
215,569.86,2198.62
216,560.05,2198.29
217,546.8,2195.85
218,533.65,2193.41
219,520.41,2190.97
220,507.17,2188.53
221,493.92,2186.09
222,480.77,2183.65
223,467.53,2181.21
224,458.76,2177.55
225,450.09,2173.78
226,441.33,2170.12
227,432.66,2166.35
228,423.89,2162.7
229,415.22,2158.93
230,406.46,2155.27
231,397.79,2151.5
232,389.02,2147.84
233,380.35,2144.07
234,371.59,2140.41
235,360.91,2135.75
236,350.15,2130.99
237,339.48,2126.33
238,328.71,2121.56
239,318.04,2116.9
240,307.27,2112.14
241,296.6,2107.48
242,285.83,2102.71
243,275.16,2098.06
244,266.49,2094.18
245,257.82,2090.29
246,249.25,2086.41
247,240.58,2082.53
248,231.91,2078.54
249,223.24,2074.66
250,214.57,2070.78
251,205.99,2066.9
252,197.32,2063.02
253,188.65,2059.14
254,177.6,2054.93
255,166.55,2050.82
256,155.49,2046.61
257,144.44,2042.4
258,133.39,2038.18
259,122.43,2034.08
260,111.38,2029.87
261,100.33,2025.66
262,89.28,2021.44
263,78.22,2017.34
264,67.17,2013.13
265,67.17,2013.9
266,67.17,2014.68
267,67.27,2015.46
268,67.27,2016.23
269,67.27,2017.01
270,67.27,2017.78
271,67.36,2018.56
272,67.36,2019.34
273,67.36,2020.11
274,67.36,2020.89
275,67.46,2021.66
276,67.46,2022.44
277,67.46,2023.22
278,67.46,2023.99
279,67.46,2024.77
280,67.55,2025.54
281,67.55,2026.32
282,67.55,2027.1
283,67.55,2027.87
284,67.65,2028.65
285,67.65,2029.43
286,67.65,2030.2
287,67.65,2030.98
288,67.65,2031.75
289,67.74,2032.53
290,67.74,2033.31
291,67.74,2034.08
292,67.74,2034.86
293,67.84,2035.63
294,67.84,2036.41
295,67.84,2037.19
296,67.84,2037.96
297,67.93,2038.74
298,67.93,2039.52
299,67.93,2040.29
300,67.93,2041.07
301,67.93,2041.84
302,68.03,2042.62
303,68.03,2043.4
304,68.03,2044.17
305,68.03,2044.95
306,68.12,2045.72
307,68.12,2046.5
308,68.12,2047.28
309,68.12,2048.05
310,68.12,2048.83
311,68.22,2049.6
312,68.22,2050.38
313,68.22,2051.16
314,68.22,2051.93
315,68.31,2052.71
316,68.31,2053.49
317,68.31,2054.26
318,68.31,2055.04
319,68.41,2055.81
320,68.41,2056.59
321,68.41,2057.37
322,68.41,2058.14
323,68.41,2058.92
324,68.51,2059.69
325,68.51,2060.47
326,68.51,2061.25
327,68.51,2062.02
328,68.6,2062.8
329,68.6,2063.57
330,68.6,2064.35
331,68.6,2065.13
332,68.6,2065.9
333,68.7,2066.68
334,68.7,2067.46
335,68.7,2068.23
336,68.7,2069.01
337,68.79,2069.78
338,68.79,2070.56
339,68.79,2071.34
340,68.79,2072.11
341,68.89,2072.89
342,68.89,2073.66
343,68.89,2074.44
344,68.89,2075.22
345,68.89,2075.99
346,68.98,2076.77
347,68.98,2077.54
348,68.98,2078.32
349,68.98,2079.1
350,69.08,2079.87
351,69.08,2080.65
352,69.08,2081.43
353,69.08,2082.2
354,69.08,2082.98
355,69.17,2083.75
356,69.17,2084.53
357,69.17,2085.31
358,69.17,2086.08
359,69.27,2086.86
360,69.27,2087.63
361,69.27,2088.41
362,69.27,2089.19
363,69.36,2089.96
364,69.36,2090.74
365,69.36,2091.51
366,69.36,2092.29
367,69.36,2093.07
368,69.46,2093.84
369,69.46,2094.62
370,69.46,2095.4
371,69.46,2096.17
372,69.55,2096.95
373,69.55,2097.72
374,69.55,2098.5
375,69.55,2099.28
376,69.65,2100.05
377,69.65,2100.83
378,69.65,2101.6
379,69.65,2102.38
380,69.65,2103.16
381,69.74,2103.93
382,69.74,2104.71
383,69.74,2105.48
384,69.74,2106.26
385,69.84,2107.04
386,69.84,2107.81
387,69.84,2108.59
388,69.84,2109.37
389,69.84,2110.14
390,69.93,2110.92
391,69.93,2111.69
392,69.93,2112.47
393,69.93,2113.25
394,70.03,2114.02
395,70.03,2114.8
396,70.03,2115.57
397,70.03,2116.35
398,70.12,2117.13
399,70.12,2117.9
400,70.12,2118.68
401,70.12,2119.45
402,70.12,2120.23
403,70.22,2121.01
404,70.22,2121.78
405,70.22,2122.56
406,70.22,2123.34
407,70.32,2124.11
408,70.32,2124.89
409,70.32,2125.66
410,70.32,2126.44
411,70.32,2127.22
412,70.41,2127.99
413,70.41,2128.77
414,70.41,2129.54
415,70.41,2130.32
416,70.51,2131.1
417,70.51,2131.87
418,70.51,2132.65
419,70.51,2133.42
420,70.6,2134.2
421,70.6,2134.98
422,70.6,2135.75
423,70.6,2136.53
424,70.6,2137.31
425,70.7,2138.08
426,70.7,2138.86
427,70.7,2139.63
428,70.7,2140.41
429,70.79,2141.19
430,70.79,2141.96
431,70.79,2142.74
432,70.79,2143.51
433,70.79,2144.29
434,70.89,2145.07
435,70.89,2145.84
436,70.89,2146.62
437,70.89,2147.39
438,70.98,2148.17
439,70.98,2148.95
440,70.98,2149.72
441,70.98,2150.5
442,71.08,2151.28
443,71.08,2152.05
444,71.08,2152.83
445,71.08,2153.6
446,71.08,2154.38
447,71.17,2155.16
448,71.17,2155.93
449,71.17,2156.71
450,71.17,2157.48
451,71.27,2158.26
452,71.27,2159.04
453,71.27,2159.81
454,71.27,2160.59
455,71.27,2161.36
456,71.36,2162.14
457,71.36,2162.92
458,71.36,2163.69
459,71.36,2164.47
460,71.46,2165.25
461,71.46,2166.02
462,71.46,2166.8
463,71.46,2167.57
464,71.55,2168.35
465,71.55,2169.13
466,71.55,2169.9
467,71.55,2170.68
468,71.55,2171.45
469,71.65,2172.23
470,71.65,2173.01
471,71.65,2173.78
472,71.65,2174.56
473,71.74,2175.33
474,71.74,2176.11
475,71.74,2176.89
476,71.74,2177.66
477,71.74,2178.44
478,71.84,2179.33
479,71.84,2180.1
480,71.84,2180.88
481,71.84,2181.65
482,71.94,2182.43
483,71.94,2183.21
484,71.94,2183.98
485,71.94,2184.76
486,72.03,2185.54
487,72.03,2186.31
488,72.03,2187.09
489,72.03,2187.86
490,72.03,2188.64
491,72.13,2189.42
492,72.13,2190.19
493,72.13,2190.97
494,72.13,2191.74
495,72.22,2192.52
496,72.22,2193.3
497,72.22,2194.07
498,72.22,2194.85
499,72.32,2195.62
500,72.32,2196.4
501,72.32,2197.18
502,72.32,2197.95
503,72.32,2198.73
504,72.41,2199.51
505,72.41,2200.28
506,72.41,2201.06
507,72.41,2201.83
508,72.51,2202.61
509,72.51,2203.39
510,72.51,2204.16
511,72.51,2204.94
512,72.51,2205.71
513,72.6,2206.49
514,72.6,2207.27
515,72.6,2208.04
516,72.6,2208.82
517,72.7,2209.59
518,72.7,2210.37
519,72.7,2211.15
520,72.7,2211.92
521,72.79,2212.7
522,72.79,2213.48
523,72.79,2214.25
524,72.79,2215.03
525,72.79,2215.8
526,72.89,2216.58
527,72.89,2217.36
528,72.89,2218.13
529,72.89,2218.91
530,72.98,2219.68
531,72.98,2220.46
532,72.98,2221.24
533,72.98,2222.01
534,72.98,2222.79
535,73.08,2223.56
536,73.08,2224.34
537,73.08,2225.12
538,73.08,2225.89
539,73.17,2226.67
540,73.17,2227.45
541,73.17,2228.22
542,73.17,2229.0
543,73.27,2229.77
544,73.27,2230.55
545,73.27,2231.33
546,73.27,2232.1
547,73.27,2232.88
548,73.36,2233.65
549,73.36,2234.43
550,73.36,2235.21
551,73.36,2235.98
552,73.46,2236.76
553,73.46,2237.53
554,73.46,2238.31
555,73.46,2239.09
556,73.46,2239.86
557,73.55,2240.64
558,73.55,2241.42
559,73.55,2242.19
560,73.55,2242.97
561,73.65,2243.74
562,73.65,2244.52
563,73.65,2245.3
564,73.65,2246.07
565,73.75,2246.85
566,73.75,2247.62
567,73.75,2248.4
568,73.75,2249.18
569,73.75,2249.95
570,73.84,2250.73
571,73.84,2251.5
572,73.84,2252.28
573,73.84,2253.06
574,73.94,2253.83
575,73.94,2254.61
576,73.94,2255.39
577,73.94,2256.16
578,73.94,2256.94
579,74.03,2257.71
580,74.03,2258.49
581,74.03,2259.27
582,74.03,2260.04
583,74.13,2260.82
584,74.13,2261.59
585,74.13,2262.37
586,74.13,2263.15
587,74.22,2263.92
588,74.22,2264.7
589,74.22,2265.47
590,74.22,2266.25
591,74.22,2267.03
592,74.32,2267.8
593,74.32,2268.58
594,74.32,2269.36
595,74.32,2270.13
596,74.41,2270.91
597,74.41,2271.68
598,74.41,2272.46
599,74.41,2273.24
600,74.51,2274.01
601,74.51,2274.79
602,74.51,2275.56
603,74.51,2276.34
604,74.51,2277.12
605,74.6,2277.89
606,74.6,2278.67
607,74.6,2279.44
608,74.6,2280.22
609,74.7,2281.0
610,74.7,2281.77
611,74.7,2282.55
612,74.7,2283.33
613,74.7,2284.1
614,74.79,2284.88
615,74.79,2285.65
616,74.79,2286.43
617,74.79,2287.21
618,74.89,2287.98
619,74.89,2288.76
620,74.89,2289.53
621,74.89,2290.31
622,74.98,2291.09
623,74.98,2291.86
624,74.98,2292.64
625,74.98,2293.41
626,74.98,2294.19
627,75.08,2294.97
628,75.08,2295.74
629,75.08,2296.52
630,75.08,2297.3
631,75.17,2298.07
632,75.17,2298.85
633,75.17,2299.62
634,75.17,2300.4
635,75.17,2301.18
636,75.27,2301.95
637,75.27,2302.73
638,75.27,2303.5
639,75.27,2304.28
640,75.37,2305.06
641,75.37,2305.83
642,75.37,2306.61
643,75.37,2307.38
644,75.46,2308.16
645,75.46,2308.94
646,75.46,2309.71
647,75.46,2310.49
648,75.46,2311.27
649,75.56,2312.04
650,75.56,2312.82
651,75.56,2313.59
652,75.56,2314.37
653,75.65,2315.15
654,75.65,2315.92
655,75.65,2316.7
656,75.65,2317.47
657,75.65,2318.25
658,75.75,2319.03
659,75.75,2319.8
660,75.75,2320.58
661,75.75,2321.36
662,75.84,2322.13
663,75.84,2322.91
664,75.84,2323.68
665,75.84,2324.46
666,75.94,2325.24
667,75.94,2326.01
668,75.94,2326.79
669,75.94,2327.56
670,75.94,2328.34
671,76.03,2329.12
672,76.03,2329.89
673,76.03,2330.67
674,76.03,2331.44
675,76.13,2332.22
676,76.13,2333.0
677,76.13,2333.77
678,76.13,2334.55
679,76.13,2335.33
680,76.22,2336.1
681,76.22,2336.88
682,76.22,2337.65
683,76.22,2338.43
684,76.32,2339.21
685,76.32,2339.98
686,76.32,2340.76
687,76.32,2341.53
688,76.41,2342.31
689,76.41,2343.09
690,76.41,2343.86
691,80.03,2346.3
692,83.75,2348.74
693,87.37,2351.18
694,90.99,2353.62
695,94.71,2356.06
696,98.33,2358.5
697,101.95,2360.94
698,105.66,2363.38
699,109.28,2365.82
700,119.76,2371.8
701,130.25,2377.79
702,140.63,2383.89
703,151.11,2389.87
704,161.59,2395.86
705,172.07,2401.85
706,182.55,2407.84
707,192.94,2413.93
708,203.42,2419.92
709,213.9,2425.91
710,220.0,2430.01
711,226.1,2434.11
712,232.29,2438.1
713,238.39,2442.21
714,244.48,2446.31
715,250.58,2450.41
716,256.68,2454.51
717,262.87,2458.51
718,268.97,2462.61
719,275.07,2466.71
720,275.64,2467.26
721,276.31,2467.71
722,276.88,2468.26
723,277.45,2468.82
724,278.12,2469.26
725,278.69,2469.81
726,279.26,2470.37
727,279.83,2470.92
728,280.5,2471.37
729,281.07,2471.92
730,281.07,2471.92
731,281.07,2471.92
732,281.07,2471.92
733,281.07,2471.92
734,281.07,2471.92
735,281.07,2471.92
736,281.07,2471.92
737,281.07,2471.92
738,281.07,2471.92
739,281.07,2471.92
740,281.07,2471.92
741,281.07,2471.92
742,281.07,2471.92
743,281.07,2471.92
744,281.07,2471.92
745,281.07,2471.92
746,281.07,2471.92
747,281.07,2471.92
748,281.07,2471.92
749,281.07,2471.92
750,281.07,2471.92
751,281.07,2471.92
752,281.07,2471.92
753,281.07,2471.92
754,281.07,2471.92
755,281.07,2471.92
756,281.07,2471.92
757,281.07,2471.92
758,281.07,2471.92
759,281.07,2471.92
760,281.07,2471.92
761,281.07,2471.92
762,281.07,2471.92
763,281.07,2471.92
764,281.07,2471.92
765,281.07,2471.92
766,281.07,2471.92
767,281.07,2471.92
768,281.07,2471.92
769,281.07,2471.92
770,281.07,2471.92
771,281.07,2471.92
772,281.07,2471.92
773,281.07,2471.92
774,281.07,2471.92
775,281.07,2471.92
776,281.07,2471.92
777,281.07,2471.92
778,281.07,2471.92
779,281.07,2471.92
780,281.07,2471.81
781,281.07,2471.7
782,281.07,2471.7
783,281.07,2471.59
784,281.07,2471.48
785,281.07,2471.37
786,281.07,2471.26
787,281.07,2471.26
788,281.07,2471.14
789,281.07,2471.03
790,282.69,2472.48
791,284.31,2473.92
792,285.93,2475.36
793,287.55,2476.91
794,289.17,2478.35
795,290.79,2479.79
796,292.41,2481.23
797,294.03,2482.68
798,295.65,2484.12
799,297.27,2485.67
800,298.89,2487.11
801,300.51,2488.55
802,302.13,2489.99
803,303.75,2491.43
804,305.37,2492.88
805,306.99,2494.32
806,308.61,2495.87
807,310.23,2497.31
808,311.85,2498.75
809,313.47,2500.19
810,315.66,2505.07
811,317.94,2509.95
812,316.42,2514.72
813,314.99,2519.49
814,313.47,2524.25
815,311.94,2529.13
816,310.51,2533.9
817,308.99,2538.67
818,307.56,2543.43
819,306.03,2548.2
820,302.89,2554.52
821,299.75,2560.95
822,296.6,2567.27
823,293.46,2573.59
824,290.22,2580.02
825,287.07,2586.34
826,283.93,2592.77
827,280.79,2599.09
828,282.12,2600.2
829,283.45,2601.2
830,284.79,2602.31
831,286.03,2603.42
832,287.36,2604.41
833,288.69,2605.52
834,290.6,2608.07
835,293.74,2610.18
836,294.6,2611.07
837,295.36,2611.95
838,296.12,2612.84
839,296.98,2613.73
840,297.84,2614.62
841,298.6,2615.61
842,299.36,2616.5
843,300.22,2617.39
844,301.08,2618.27
845,301.84,2619.16
846,302.98,2620.38
847,304.22,2621.71
848,305.37,2622.93
849,306.61,2624.15
850,307.75,2625.37
851,308.89,2626.7
852,310.13,2627.92
853,311.27,2629.14
854,312.42,2630.47
855,313.66,2631.69
856,314.8,2632.91
857,316.04,2634.13
858,317.18,2635.46
859,318.32,2636.68
860,319.56,2637.9
861,320.71,2639.23
862,321.85,2640.45
863,323.09,2641.67
864,324.23,2642.89
865,325.47,2644.22
866,326.61,2645.44
867,334.81,2646.66
868,343.0,2647.77
869,351.2,2648.99
870,359.39,2650.21
871,362.06,2653.53
872,364.63,2656.75
873,367.3,2660.07
874,369.87,2663.4
875,372.54,2666.73
876,375.21,2669.94
877,377.78,2673.27
878,380.45,2676.59
879,383.02,2679.81
880,385.69,2683.13
881,387.5,2684.58
882,389.21,2686.13
883,391.02,2687.57
884,392.74,2689.01
885,394.45,2690.45
886,396.26,2692.0
887,398.07,2693.45
888,399.79,2694.89
889,401.6,2696.44
890,403.31,2697.88
891,404.17,2697.99
892,405.03,2698.1
893,405.89,2698.1
894,406.74,2698.21
895,407.7,2698.32
896,408.55,2698.44
897,409.41,2698.55
898,410.27,2698.66
899,411.13,2698.66
900,411.98,2698.77
901,412.84,2698.88
902,413.7,2698.99
903,414.65,2699.1
904,415.51,2699.21
905,416.37,2699.21
906,417.22,2699.32
907,418.08,2699.43
908,419.13,2698.88
909,420.18,2698.21
910,421.23,2697.66
911,422.27,2696.99
912,423.32,2696.44
913,424.37,2695.77
914,425.42,2695.22
915,426.47,2694.55
916,427.51,2694.0
917,428.56,2693.34
918,429.51,2692.78
919,430.56,2692.23
920,431.61,2691.56
921,432.66,2691.01
922,433.71,2690.34
923,434.75,2689.79
924,435.8,2689.12
925,436.85,2688.57
926,437.9,2687.9
927,438.95,2687.35
928,444.09,2681.36
929,449.24,2675.37
930,454.29,2669.39
931,459.43,2663.4
932,464.58,2657.41
933,469.72,2651.31
934,474.87,2645.33
935,479.92,2639.34
936,485.06,2633.35
937,490.21,2627.37
938,491.45,2625.04
939,492.78,2622.82
940,494.02,2620.49
941,495.26,2618.16
942,496.49,2615.95
943,497.83,2613.62
944,499.07,2611.29
945,500.31,2608.96
