0,1238.14,2988.59
1,1238.14,2988.59
2,1238.14,2988.59
3,1238.14,2988.59
4,1238.14,2988.59
5,1238.14,2988.59
6,1238.14,2988.59
7,1238.14,2988.59
8,1238.14,2988.59
9,1238.14,2988.59
10,1238.14,2988.59
11,1238.14,2988.59
12,1238.14,2988.59
13,1238.14,2988.59
14,1242.33,2989.37
15,1246.62,2990.14
16,1250.81,2990.92
17,1255.01,2991.7
18,1259.29,2992.47
19,1263.48,2993.25
20,1267.77,2994.02
21,1271.96,2994.8
22,1276.16,2995.58
23,1280.44,2996.35
24,1284.64,2997.13
25,1300.74,2998.35
26,1311.98,2995.91
27,1323.22,2993.47
28,1334.47,2991.14
29,1345.71,2988.7
30,1356.95,2986.26
31,1368.2,2983.82
32,1379.44,2981.38
33,1390.68,2979.06
34,1401.92,2976.62
35,1413.17,2974.18
36,1425.93,2973.4
37,1438.7,2972.74
38,1451.47,2971.96
39,1464.24,2971.29
40,1477.0,2970.52
41,1489.77,2969.85
42,1502.54,2969.08
43,1515.31,2968.41
44,1528.07,2967.75
45,1540.84,2966.97
46,1546.08,2968.63
47,1551.32,2970.3
48,1556.47,2972.07
49,1561.71,2973.73
50,1566.95,2975.4
51,1572.19,2977.06
52,1577.43,2978.72
53,1582.57,2980.5
54,1587.81,2982.16
55,1593.05,2983.82
56,1593.05,2983.82
57,1593.05,2983.82
58,1593.05,2983.82
59,1593.05,2983.82
60,1593.05,2983.82
61,1593.05,2983.82
62,1593.05,2983.82
63,1593.05,2983.82
64,1593.05,2983.82
65,1593.05,2983.82
66,1593.05,2983.82
67,1593.05,2983.82
68,1593.05,2983.82
69,1593.05,2983.82
70,1593.05,2983.82
71,1593.05,2983.82
72,1593.05,2983.82
73,1593.05,2983.82
74,1593.05,2983.82
75,1593.05,2983.82
76,1593.05,2983.82
77,1593.05,2983.82
78,1593.05,2983.82
79,1593.05,2983.82
80,1593.05,2983.82
81,1593.05,2983.82
82,1593.05,2983.82
83,1593.05,2983.82
84,1593.05,2983.82
85,1593.05,2983.82
86,1593.05,2983.82
87,1593.05,2983.82
88,1593.05,2983.82
89,1593.05,2983.82
90,1593.05,2983.82
91,1593.05,2983.82
92,1593.05,2983.82
93,1593.05,2983.82
94,1593.05,2983.82
95,1593.05,2983.82
96,1593.05,2983.82
97,1593.05,2983.82
98,1593.05,2983.82
99,1593.05,2983.82
100,1593.05,2983.82
101,1593.05,2983.82
102,1593.05,2983.82
103,1593.05,2983.82
104,1593.05,2983.82
105,1593.05,2983.82
106,1592.96,2983.93
107,1592.86,2983.93
108,1592.67,2984.04
109,1592.58,2984.04
110,1592.48,2984.16
111,1592.39,2984.27
112,1592.29,2984.27
113,1592.1,2984.38
114,1592.0,2984.38
115,1591.91,2984.49
116,1591.91,2984.49
117,1591.91,2984.49
118,1591.91,2984.49
119,1591.91,2984.49
120,1591.91,2984.49
121,1591.91,2984.49
122,1591.91,2984.49
123,1591.91,2984.49
124,1591.91,2984.49
125,1591.91,2984.49
126,1592.0,2984.49
127,1592.0,2984.6
128,1592.0,2984.6
129,1592.1,2984.71
130,1592.19,2984.71
131,1592.19,2984.82
132,1592.29,2984.82
133,1592.29,2984.93
134,1592.39,2984.93
135,1592.39,2985.04
136,1592.48,2985.04
137,1592.48,2985.04
138,1592.48,2985.15
139,1592.58,2985.15
140,1592.58,2985.26
141,1592.67,2985.26
142,1592.77,2985.38
143,1592.77,2985.38
144,1592.86,2985.49
145,1592.86,2985.49
146,1594.1,2986.26
147,1595.43,2986.93
148,1599.91,2986.26
149,1604.39,2985.6
150,1608.87,2985.04
151,1613.35,2984.38
152,1617.73,2983.71
153,1622.21,2983.05
154,1626.69,2982.49
155,1631.16,2981.83
156,1635.64,2981.16
157,1637.36,2979.5
158,1639.07,2977.84
159,1640.79,2976.17
160,1642.5,2974.51
161,1644.22,2972.85
162,1646.03,2971.18
163,1647.74,2969.52
164,1649.46,2967.86
165,1651.17,2966.19
166,1652.89,2964.53
167,1655.36,2961.09
168,1657.75,2957.55
169,1660.13,2954.11
170,1662.61,2950.67
171,1659.37,2947.35
172,1656.13,2943.91
173,1652.89,2940.58
174,1652.32,2923.06
175,1651.74,2905.66
176,1651.17,2888.14
177,1650.6,2870.73
178,1650.03,2853.33
179,1649.46,2835.81
180,1648.89,2818.4
181,1648.31,2800.88
182,1647.74,2783.48
183,1647.17,2765.96
184,1647.84,2750.99
185,1648.5,2736.13
186,1649.17,2721.16
187,1649.84,2706.2
188,1650.41,2691.34
189,1651.08,2676.37
190,1651.74,2661.4
191,1652.41,2646.44
192,1653.08,2631.58
193,1653.74,2616.61
194,1653.74,2616.61
195,1653.74,2616.5
196,1653.74,2616.5
197,1653.74,2616.39
198,1653.65,2616.39
199,1653.65,2616.39
200,1653.65,2616.28
201,1653.65,2616.28
202,1653.65,2616.17
203,1653.65,2616.17
204,1653.65,2616.17
205,1653.65,2616.06
206,1653.65,2616.06
207,1653.65,2615.95
208,1653.65,2615.95
209,1653.55,2615.95
210,1653.55,2615.83
211,1653.55,2615.83
212,1653.55,2615.72
213,1653.55,2615.72
214,1653.55,2615.72
215,1653.55,2615.61
216,1653.55,2615.61
217,1653.55,2615.5
218,1653.55,2615.5
219,1653.55,2615.39
220,1653.55,2615.39
221,1653.55,2615.28
222,1653.55,2615.28
223,1653.55,2615.17
224,1653.55,2615.17
225,1653.55,2615.06
226,1653.55,2615.06
227,1653.55,2614.95
228,1653.55,2614.95
229,1653.65,2614.84
230,1653.65,2614.84
231,1653.65,2614.73
232,1653.65,2614.73
233,1653.65,2614.62
234,1653.65,2614.62
235,1653.65,2614.62
236,1653.65,2614.5
237,1653.65,2614.5
238,1653.65,2614.39
239,1653.65,2614.39
240,1653.65,2614.28
241,1653.65,2614.28
242,1653.65,2614.17
243,1653.65,2614.17
244,1653.65,2614.06
245,1653.65,2614.06
246,1653.65,2613.95
247,1653.65,2613.95
248,1653.65,2613.84
249,1653.65,2613.84
250,1653.65,2613.73
251,1653.65,2613.73
252,1653.65,2613.62
253,1653.65,2613.62
254,1653.65,2613.62
255,1653.65,2613.51
256,1653.65,2613.51
257,1653.65,2613.4
258,1653.65,2613.4
259,1653.74,2613.28
260,1653.74,2613.28
261,1653.74,2613.17
262,1653.74,2613.17
263,1653.74,2613.06
264,1653.74,2613.06
265,1653.74,2612.95
266,1653.74,2612.95
267,1653.74,2612.84
268,1653.74,2612.84
269,1653.74,2612.73
270,1653.74,2612.73
271,1653.74,2612.62
272,1653.74,2612.62
273,1653.74,2612.51
274,1653.74,2612.51
275,1653.74,2612.51
276,1653.74,2612.51
277,1653.74,2612.51
278,1653.74,2612.51
279,1653.74,2612.51
280,1653.74,2612.51
281,1653.74,2612.51
282,1653.74,2612.51
283,1653.74,2612.51
284,1653.74,2612.51
285,1653.74,2612.51
286,1653.74,2612.51
287,1653.74,2612.51
288,1653.74,2612.51
289,1653.74,2612.51
290,1653.74,2612.51
291,1653.74,2612.51
292,1653.74,2612.51
293,1653.74,2612.51
294,1653.74,2612.51
295,1653.17,2610.85
296,1652.7,2609.07
297,1652.12,2607.41
298,1647.84,2606.19
299,1643.55,2605.08
300,1639.26,2603.86
301,1638.98,2609.18
302,1643.84,2608.3
303,1643.55,2612.95
304,1643.84,2616.5
305,1644.03,2619.94
306,1639.07,2623.48
307,1634.21,2627.14
308,1629.26,2630.69
309,1623.64,2620.6
310,1618.02,2610.51
311,1619.92,2606.3
312,1621.73,2602.09
313,1623.64,2597.76
314,1625.54,2593.55
315,1627.45,2589.34
316,1629.26,2585.12
317,1631.16,2580.91
318,1633.07,2576.59
319,1634.88,2572.37
320,1636.79,2568.16
321,1638.69,2563.95
322,1640.6,2559.62
323,1642.41,2555.41
324,1644.31,2551.2
325,1652.6,2536.67
326,1660.99,2522.04
327,1669.37,2507.51
328,1677.66,2492.99
329,1685.95,2478.35
330,1694.33,2463.83
331,1702.72,2449.3
332,1711.01,2434.78
333,1719.3,2420.14
334,1727.68,2405.62
335,1738.26,2393.53
336,1748.83,2381.56
337,1759.31,2369.47
338,1769.89,2357.39
339,1780.46,2345.41
340,1791.04,2333.33
341,1801.62,2321.36
342,1812.19,2309.27
343,1822.67,2297.18
344,1833.25,2285.21
345,1843.82,2273.13
346,1858.12,2256.94
347,1872.41,2240.75
348,1886.6,2224.56
349,1900.9,2208.38
350,1915.19,2192.19
351,1929.48,2176.0
352,1943.68,2159.81
353,1957.97,2143.63
354,1972.26,2127.44
355,1979.6,2116.46
356,1986.93,2105.6
357,1994.27,2094.62
358,2001.61,2083.64
359,2008.94,2072.67
360,2016.37,2061.8
361,2023.71,2050.82
362,2031.05,2039.85
363,2038.38,2028.87
364,2045.72,2018.01
365,2053.06,2007.03
366,2053.15,2006.81
367,2053.15,2006.47
368,2053.15,2006.25
369,2053.25,2006.03
370,2053.34,2005.7
371,2053.34,2005.48
372,2053.44,2005.26
373,2053.44,2004.92
374,2053.53,2004.7
375,2053.53,2004.37
376,2053.63,2004.15
377,2053.63,2003.92
378,2053.72,2003.59
379,2053.72,2003.37
380,2053.72,2003.15
381,2053.82,2002.82
382,2053.91,2002.59
383,2053.91,2002.37
384,2054.01,2002.04
385,2054.01,2001.82
386,2054.01,2001.82
387,2054.01,2001.82
388,2054.01,2001.82
389,2054.01,2001.82
390,2054.01,2001.82
391,2054.01,2001.82
392,2054.01,2001.82
393,2054.01,2001.82
394,2054.01,2001.82
395,2054.01,2001.82
396,2054.01,2001.82
397,2054.01,2001.82
398,2054.01,2001.82
399,2054.01,2001.82
400,2054.01,2001.82
401,2054.01,2001.82
402,2054.01,2001.82
403,2054.01,2001.82
404,2054.01,2001.82
405,2054.01,2001.82
406,2054.01,2001.82
407,2054.01,2001.82
408,2054.01,2001.82
409,2054.01,2001.82
410,2054.01,2001.82
411,2054.01,2001.82
412,2054.01,2001.82
413,2054.01,2001.82
414,2054.01,2001.82
415,2054.01,2001.82
416,2054.01,2001.82
417,2054.01,2001.82
418,2054.01,2001.82
419,2054.01,2001.82
420,2054.01,2001.82
421,2054.01,2001.82
422,2054.01,2001.82
423,2054.01,2001.82
424,2054.01,2001.82
425,2054.01,2001.82
426,2054.01,2001.71
427,2054.1,2001.71
428,2054.1,2001.6
429,2054.2,2001.6
430,2054.2,2001.49
431,2054.29,2001.37
432,2054.29,2001.37
433,2054.39,2001.26
434,2054.39,2001.15
435,2054.48,2001.15
436,2054.48,2001.04
437,2054.58,2001.04
438,2054.58,2000.93
439,2054.68,2000.82
440,2054.68,2000.82
441,2054.77,2000.71
442,2054.77,2000.6
443,2054.87,2000.6
444,2054.87,2000.49
445,2054.96,2000.49
446,2054.96,2000.38
447,2054.96,2000.38
448,2054.96,2000.38
449,2054.96,2000.38
450,2054.96,2000.38
451,2054.96,2000.38
452,2054.96,2000.38
453,2054.96,2000.38
454,2054.96,2000.38
455,2054.96,2000.38
456,2054.96,2000.38
457,2055.06,2000.27
458,2055.06,2000.27
459,2055.06,2000.27
460,2055.15,2000.15
461,2055.15,2000.15
462,2055.25,2000.04
463,2055.25,2000.04
464,2055.25,2000.04
465,2055.34,1999.93
466,2055.34,1999.93
467,2053.06,1998.05
468,2050.67,1996.16
469,2048.39,1994.28
470,2046.1,1992.39
471,2044.77,1985.96
472,2043.43,1979.64
473,2042.1,1973.21
474,2047.34,1970.88
475,2052.58,1968.56
476,2055.72,1958.02
477,2058.96,1947.38
478,2062.11,1936.85
479,2065.35,1926.31
480,2068.49,1915.67
481,2071.64,1905.14
482,2074.87,1894.6
483,2078.02,1884.07
484,2081.26,1873.43
485,2084.4,1862.89
486,2083.54,1847.04
487,2082.59,1831.18
488,2081.73,1815.22
489,2080.78,1799.36
490,2079.92,1783.51
491,2078.97,1767.65
492,2078.11,1751.8
493,2077.16,1735.83
494,2076.3,1719.98
495,2075.35,1704.12
496,2074.49,1688.27
497,2073.54,1672.41
498,2072.68,1656.56
499,2071.73,1640.59
500,2070.87,1624.74
501,2069.92,1608.88
502,2069.06,1593.03
503,2068.11,1577.17
504,2067.25,1561.21
505,2066.3,1545.35
506,2065.44,1529.5
507,2062.68,1514.64
508,2059.92,1499.67
509,2057.06,1484.82
510,2054.29,1469.85
511,2051.53,1454.99
512,2048.77,1440.02
513,2045.91,1425.17
514,2043.15,1410.2
515,2040.38,1395.34
516,2038.1,1383.14
517,2035.91,1370.84
518,2033.62,1358.64
519,2031.33,1346.45
520,2029.14,1334.25
521,2026.85,1321.94
522,2024.66,1309.75
523,2022.38,1297.55
524,2020.09,1285.35
525,2017.9,1273.05
526,2015.61,1260.85
527,2013.42,1248.43
528,2011.13,1236.13
529,2008.85,1223.71
530,2006.66,1211.29
531,2004.37,1198.98
532,2002.18,1186.57
533,1999.99,1174.15
534,1997.7,1161.73
535,1995.41,1149.42
536,1993.22,1137.01
537,1994.75,1121.59
538,1996.27,1106.18
539,1997.7,1090.77
540,1999.22,1075.36
541,2000.75,1060.06
542,2002.27,1044.65
543,2003.7,1029.24
544,2005.23,1013.83
545,2006.75,998.41
546,2011.99,988.55
547,2017.23,978.57
548,2022.38,968.7
549,2027.62,958.72
550,2032.86,948.85
551,2038.1,938.88
552,2043.34,929.01
553,2048.48,919.03
554,2053.72,909.05
555,2058.96,899.18
556,2064.2,889.32
557,2069.44,879.34
558,2074.59,869.47
559,2079.83,859.49
560,2085.07,849.62
561,2090.31,839.64
562,2095.55,829.78
563,2100.79,819.8
564,2105.94,809.82
565,2111.18,799.95
566,2116.42,790.08
567,2121.66,780.1
568,2126.9,770.24
569,2132.04,760.26
570,2137.28,750.39
571,2142.52,740.41
572,2147.76,730.54
573,2153.0,720.57
574,2158.15,710.59
575,2163.39,700.72
576,2168.63,690.85
577,2173.87,680.87
578,2179.11,671.01
579,2184.25,661.03
580,2189.49,651.16
581,2194.73,641.18
582,2195.5,639.52
583,2196.35,637.85
584,2197.12,636.08
585,2197.97,634.42
586,2198.74,632.75
587,2200.45,628.54
588,2202.17,624.33
589,2203.88,620.0
590,2205.6,615.79
591,2207.31,611.58
592,2209.12,607.36
593,2210.84,603.15
594,2212.55,598.83
595,2214.27,594.61
596,2215.98,590.4
597,2218.17,584.97
598,2220.36,579.65
599,2222.46,574.21
600,2224.65,568.78
601,2226.84,563.46
602,2229.03,558.03
603,2231.13,552.59
604,2233.32,547.27
605,2235.51,541.84
606,2236.37,539.07
607,2237.32,536.18
608,2238.18,533.41
609,2239.04,530.64
610,2239.99,527.76
611,2240.85,524.99
612,2241.71,522.21
613,2242.66,519.33
614,2243.52,516.56
615,2244.37,513.79
616,2245.23,510.9
617,2246.18,508.13
618,2247.04,505.36
619,2247.9,502.59
620,2248.85,499.71
621,2249.71,496.93
622,2250.57,494.16
623,2251.52,491.28
624,2252.38,488.51
625,2253.24,485.74
626,2254.19,482.85
627,2255.05,480.08
628,2255.9,477.31
629,2256.76,474.65
630,2257.62,471.88
631,2258.48,469.22
632,2259.33,466.44
633,2260.19,463.78
634,2261.14,461.01
635,2262.0,458.35
636,2262.86,455.58
637,2263.72,452.92
638,2264.57,450.15
639,2265.43,447.48
640,2266.29,444.71
641,2267.15,442.05
642,2268.0,439.28
643,2268.86,436.62
644,2269.72,433.85
645,2270.58,431.19
646,2271.53,428.41
647,2272.39,425.75
648,2273.24,422.98
649,2274.1,420.32
650,2274.96,417.55
651,2275.82,414.89
652,2276.67,412.12
653,2277.53,409.46
654,2278.39,406.68
655,2279.25,404.02
656,2280.1,401.25
657,2280.96,398.59
658,2281.91,395.82
659,2282.77,393.16
660,2283.63,390.39
661,2284.49,387.72
662,2285.34,384.95
663,2286.2,382.29
664,2287.06,379.52
665,2287.92,376.86
666,2288.77,374.09
667,2289.63,371.43
668,2290.49,368.65
669,2291.35,365.99
670,2292.3,363.22
671,2293.16,360.56
672,2294.01,357.79
673,2294.87,355.13
674,2295.73,352.36
675,2296.59,349.69
676,2297.44,346.92
677,2298.3,344.26
678,2299.16,341.49
679,2300.02,338.83
680,2300.87,336.06
681,2301.73,333.4
682,2302.68,330.62
683,2303.54,327.96
684,2304.4,325.19
685,2305.26,322.53
686,2306.11,319.76
687,2306.97,317.1
688,2307.83,314.33
689,2348.61,187.15
690,2366.9,125.51
691,2369.19,118.52
692,2371.57,111.43
693,2373.86,104.44
694,2376.24,97.46
695,2378.62,90.36
696,2380.91,83.38
697,2383.29,76.28
698,2385.58,69.3
