0,1645.84,2945.02
1,1648.03,2921.62
2,1650.22,2898.12
3,1652.41,2874.72
4,1653.55,2856.1
5,1654.7,2837.47
6,1655.94,2818.95
7,1657.08,2800.33
8,1658.22,2781.7
9,1659.37,2763.07
10,1660.51,2744.45
11,1661.75,2725.93
12,1662.89,2707.31
13,1664.03,2688.68
14,1666.42,2673.6
15,1668.7,2658.63
16,1671.09,2643.55
17,1673.47,2628.47
18,1675.85,2613.51
19,1678.14,2598.43
20,1680.52,2583.35
21,1682.9,2568.38
22,1685.28,2553.3
23,1687.57,2538.33
24,1689.95,2523.26
25,1692.33,2508.18
26,1694.71,2493.21
27,1697.1,2478.13
28,1699.38,2463.05
29,1701.76,2448.08
30,1704.15,2433.0
31,1706.43,2417.93
32,1708.82,2402.96
33,1711.2,2387.88
34,1719.58,2378.01
35,1727.97,2368.03
36,1736.45,2358.16
37,1744.83,2348.19
38,1753.22,2338.32
39,1761.6,2328.45
40,1769.98,2318.47
41,1778.46,2308.6
42,1786.85,2298.63
43,1795.23,2288.76
44,1796.09,2287.43
45,1797.04,2286.1
46,1797.9,2284.77
47,1798.76,2283.44
48,1799.71,2282.11
49,1800.57,2280.66
50,1801.52,2279.33
51,1802.38,2278.0
52,1803.24,2276.67
53,1804.19,2275.34
54,1805.05,2274.01
55,1805.05,2274.01
56,1805.05,2274.01
57,1805.05,2274.01
58,1805.05,2274.01
59,1805.05,2274.01
60,1805.05,2274.01
61,1805.05,2274.01
62,1805.05,2274.01
63,1805.05,2274.01
64,1805.05,2274.01
65,1805.05,2274.01
66,1805.05,2274.01
67,1805.05,2274.01
68,1805.05,2274.01
69,1805.05,2274.01
70,1805.05,2274.01
71,1805.05,2274.01
72,1805.05,2274.01
73,1805.05,2274.01
74,1805.05,2274.01
75,1805.05,2274.01
76,1805.05,2274.01
77,1805.05,2274.01
78,1805.05,2274.01
79,1805.05,2274.01
80,1805.05,2274.01
81,1805.05,2274.01
82,1805.05,2274.01
83,1805.05,2274.01
84,1805.05,2274.01
85,1805.05,2274.01
86,1805.05,2274.01
87,1805.05,2274.01
88,1805.05,2274.01
89,1805.05,2274.01
90,1805.05,2274.01
91,1805.05,2274.01
92,1805.05,2274.01
93,1805.05,2274.01
94,1805.43,2274.34
95,1805.71,2274.68
96,1806.09,2275.01
97,1806.38,2275.34
98,1806.76,2275.79
99,1807.05,2276.12
100,1807.43,2276.45
101,1807.71,2276.78
102,1808.1,2277.12
103,1808.38,2276.89
104,1808.67,2276.56
105,1808.95,2276.34
106,1809.24,2276.01
107,1809.52,2275.79
108,1809.81,2275.45
109,1810.1,2275.12
110,1810.38,2274.9
111,1810.67,2274.68
112,1810.95,2274.34
113,1813.15,2273.01
114,1815.24,2271.68
115,1817.43,2270.35
116,1819.62,2269.02
117,1821.82,2267.69
118,1823.91,2266.25
119,1826.1,2264.92
120,1828.29,2263.59
121,1830.49,2262.26
122,1832.58,2260.93
123,1834.77,2259.6
124,1842.97,2252.06
125,1851.16,2244.63
126,1859.36,2237.09
127,1867.55,2229.66
128,1875.74,2222.12
129,1883.94,2214.69
130,1892.13,2207.27
131,1900.32,2199.73
132,1908.52,2192.3
133,1916.71,2184.76
134,1924.33,2173.23
135,1931.96,2161.81
136,1939.48,2150.28
137,1947.11,2138.86
138,1954.73,2127.33
139,1962.35,2115.8
140,1969.88,2104.38
141,1977.5,2092.85
142,1985.12,2081.43
143,1992.65,2069.89
144,2000.27,2058.36
145,2007.89,2046.94
146,2015.52,2035.41
147,2023.14,2023.99
148,2030.67,2012.46
149,2038.29,2000.93
150,2045.91,1989.51
151,2053.53,1977.98
152,2061.06,1966.56
153,2068.68,1955.03
154,2071.44,1941.39
155,2074.11,1927.87
156,2076.88,1914.34
157,2079.54,1900.7
158,2082.31,1887.18
159,2085.07,1873.54
160,2087.74,1860.01
161,2090.5,1846.37
162,2093.17,1832.85
163,2095.93,1819.21
164,2096.5,1813.33
165,2096.98,1807.46
166,2097.55,1801.58
167,2098.12,1795.7
168,2098.69,1789.83
169,2099.17,1783.95
170,2099.74,1778.08
171,2100.31,1772.2
172,2100.79,1766.32
173,2101.36,1760.45
174,2101.17,1756.9
175,2101.08,1753.35
176,2100.89,1749.8
177,2100.69,1746.26
178,2100.6,1742.71
179,2100.41,1739.16
180,2100.22,1735.61
181,2100.03,1732.06
182,2099.93,1728.52
183,2099.74,1724.97
184,2099.65,1723.3
185,2099.65,1721.53
186,2099.55,1719.87
187,2099.55,1718.09
188,2099.46,1716.32
189,2099.36,1714.66
190,2099.36,1712.88
191,2099.27,1711.22
192,2099.27,1709.45
193,2099.17,1707.78
194,2099.17,1707.78
195,2099.17,1707.78
196,2099.17,1707.78
197,2099.17,1707.78
198,2099.17,1707.78
199,2099.17,1707.78
200,2099.17,1707.78
201,2099.17,1707.78
202,2099.17,1707.78
203,2099.17,1707.78
204,2099.17,1707.78
205,2099.17,1707.78
206,2099.17,1707.78
207,2099.17,1707.78
208,2099.17,1707.78
209,2099.17,1707.78
210,2099.17,1707.78
211,2099.17,1707.78
212,2099.17,1707.78
213,2099.17,1707.78
214,2098.88,1706.9
215,2098.6,1705.9
216,2098.31,1705.01
217,2098.03,1704.12
218,2097.74,1703.24
219,2097.46,1702.24
220,2097.17,1701.35
221,2096.88,1700.46
222,2096.6,1699.47
223,2096.31,1698.58
224,2094.12,1693.15
225,2091.83,1687.71
226,2089.64,1682.28
227,2087.36,1676.85
228,2085.16,1671.42
229,2082.97,1665.98
230,2080.69,1660.55
231,2078.5,1655.12
232,2076.21,1649.68
233,2074.02,1644.25
234,2071.44,1631.28
235,2068.97,1618.42
236,2066.49,1605.45
237,2063.92,1592.47
238,2061.34,1579.61
239,2058.87,1566.64
240,2056.39,1553.67
241,2053.82,1540.7
242,2051.34,1527.83
243,2048.77,1514.86
244,2045.72,1495.35
245,2042.58,1475.95
246,2039.53,1456.43
247,2036.48,1437.03
248,2033.33,1417.52
249,2030.28,1398.0
250,2027.24,1378.6
251,2024.19,1359.09
252,2021.04,1339.68
253,2017.99,1320.17
254,2016.66,1313.85
255,2015.33,1307.64
256,2013.99,1301.32
257,2012.66,1295.0
258,2011.42,1288.79
259,2010.09,1282.47
260,2008.75,1276.15
261,2007.42,1269.94
262,2006.08,1263.62
263,2004.75,1257.3
264,2003.42,1251.09
265,2002.08,1244.77
266,2000.75,1238.46
267,1999.51,1232.25
268,1998.18,1225.93
269,1996.84,1219.61
270,1995.51,1213.4
271,1994.17,1207.08
272,1992.84,1200.76
273,1991.51,1194.55
274,1990.17,1188.23
275,1988.84,1181.91
276,1987.6,1175.7
277,1986.27,1169.38
278,1984.93,1163.06
279,1983.6,1156.85
280,1982.26,1150.53
281,1982.26,1150.09
282,1982.17,1149.53
283,1982.17,1149.09
284,1982.17,1148.65
285,1982.07,1148.09
286,1982.07,1147.65
287,1982.07,1147.21
288,1981.98,1146.65
289,1981.98,1146.21
290,1981.98,1146.21
291,1981.98,1146.21
292,1981.98,1146.21
293,1981.98,1146.21
294,1981.98,1146.21
295,1981.98,1146.21
296,1981.98,1146.21
297,1981.98,1146.21
298,1981.98,1146.21
299,1981.98,1146.21
300,1981.98,1146.21
301,1981.98,1146.21
302,1981.98,1146.21
303,1981.98,1146.21
304,1981.98,1146.21
305,1980.55,1137.23
306,1979.12,1128.36
307,1983.6,1127.14
308,1988.08,1126.03
309,1992.55,1124.81
310,1997.03,1123.7
311,2001.51,1122.48
312,2005.99,1121.37
313,2010.47,1120.15
314,2014.94,1119.04
315,2019.42,1117.82
316,2023.9,1116.72
317,2028.38,1115.5
318,2032.86,1114.39
319,2037.33,1113.17
320,2041.81,1112.06
321,2046.29,1110.84
322,2050.77,1109.73
323,2055.25,1108.51
324,2059.73,1107.4
325,2064.2,1106.18
326,2068.68,1105.07
327,2073.16,1103.85
328,2077.73,1102.64
329,2082.21,1101.53
330,2086.69,1100.31
331,2091.17,1099.2
332,2095.65,1097.98
333,2100.12,1096.87
334,2104.6,1095.65
335,2109.08,1094.54
336,2113.56,1093.32
337,2118.04,1092.21
338,2122.51,1090.99
339,2126.99,1089.88
340,2131.47,1088.67
341,2135.95,1087.56
342,2140.43,1086.34
343,2144.9,1085.23
344,2149.38,1084.01
345,2153.86,1082.9
346,2158.34,1081.68
347,2162.82,1080.57
348,2167.29,1079.35
349,2186.16,1082.9
350,2204.93,1086.34
351,2223.79,1089.88
352,2242.66,1093.43
353,2253.33,1096.2
354,2254.57,1096.54
355,2255.71,1096.98
356,2256.95,1097.31
357,2258.09,1097.76
358,2259.33,1098.09
359,2260.48,1098.53
360,2261.72,1098.87
361,2262.86,1099.31
362,2264.1,1099.64
363,2265.24,1100.09
364,2266.48,1100.42
365,2269.34,1101.53
366,2272.1,1102.75
367,2274.96,1103.85
368,2277.72,1104.96
369,2280.58,1106.18
370,2283.34,1107.29
371,2286.2,1108.51
372,2288.96,1109.62
373,2291.82,1110.73
374,2294.59,1111.95
375,2297.44,1113.06
376,2300.3,1114.17
377,2303.07,1115.39
378,2305.92,1116.49
379,2308.69,1117.6
380,2311.55,1118.82
381,2314.31,1119.93
382,2317.17,1121.15
383,2319.93,1122.26
384,2322.79,1123.37
385,2325.55,1124.59
386,2328.41,1125.7
387,2332.6,1127.47
388,2336.79,1129.24
389,2341.08,1131.02
390,2345.27,1132.79
391,2349.47,1134.57
392,2353.66,1136.34
393,2357.85,1138.11
394,2362.14,1139.89
395,2366.33,1141.66
396,2370.52,1143.44
397,2372.24,1143.88
398,2374.05,1144.43
399,2375.76,1144.88
400,2377.57,1145.32
401,2379.29,1145.88
402,2381.0,1146.32
403,2382.81,1146.87
404,2384.53,1147.32
405,2384.53,1147.32
406,2384.53,1147.32
407,2384.53,1147.32
408,2384.53,1147.32
409,2384.53,1147.32
410,2384.53,1147.32
411,2384.53,1147.32
412,2384.53,1147.32
413,2384.53,1147.32
414,2384.53,1147.32
415,2384.53,1147.32
416,2384.53,1147.32
417,2384.53,1147.32
418,2384.53,1147.32
419,2384.53,1147.32
420,2384.72,1147.43
421,2384.91,1147.54
422,2385.01,1147.65
423,2385.2,1147.76
424,2385.39,1147.87
425,2385.58,1147.98
426,2385.67,1148.09
427,2385.86,1148.2
428,2386.05,1148.32
429,2386.24,1148.43
430,2386.43,1148.54
431,2386.53,1148.65
432,2386.72,1148.76
433,2386.91,1148.87
434,2388.82,1149.98
435,2390.72,1151.09
436,2392.63,1152.2
437,2394.44,1153.3
438,2396.34,1154.41
439,2398.25,1155.52
440,2400.15,1156.63
441,2402.06,1157.74
442,2403.97,1158.96
443,2405.87,1160.07
444,2407.78,1161.18
445,2409.68,1162.29
446,2411.49,1163.39
447,2413.4,1164.5
448,2415.3,1165.61
449,2417.21,1166.72
450,2420.64,1167.72
451,2424.16,1168.72
452,2427.59,1169.82
453,2431.02,1170.82
454,2434.45,1171.82
455,2437.88,1172.93
456,2441.41,1173.93
457,2444.84,1174.92
458,2446.46,1172.26
459,2448.08,1169.6
460,2449.7,1166.83
461,2451.32,1164.17
462,2452.75,1158.18
463,2454.18,1152.31
464,2455.61,1146.32
465,2457.04,1140.33
466,2458.37,1134.35
467,2459.8,1128.47
468,2461.23,1122.48
469,2462.66,1116.49
470,2464.09,1110.62
471,2465.52,1104.63
472,2466.75,1096.76
473,2467.99,1088.78
474,2469.23,1080.9
475,2470.47,1073.03
476,2471.71,1065.05
477,2472.95,1057.18
478,2474.19,1049.31
479,2475.42,1041.43
480,2476.66,1033.45
481,2477.9,1025.58
482,2479.04,1018.15
483,2480.19,1010.83
484,2481.33,1003.4
485,2482.47,995.98
486,2483.71,988.66
487,2484.86,981.23
488,2486.0,973.8
489,2487.14,966.37
490,2488.29,959.05
491,2489.43,951.63
492,2489.81,949.74
493,2490.19,947.75
494,2490.48,945.86
495,2490.86,943.86
496,2491.24,941.98
497,2491.62,940.1
498,2492.0,938.1
499,2492.38,936.21
500,2492.67,934.22
501,2493.05,932.33
502,2493.43,930.45
503,2493.81,928.45
504,2494.19,926.57
505,2494.48,924.57
506,2494.86,922.69
507,2495.24,920.69
508,2495.62,918.81
509,2496.0,916.92
510,2496.39,914.93
511,2496.67,913.04
512,2497.05,911.05
513,2497.43,909.16
514,2497.43,909.16
515,2497.43,909.16
516,2497.43,909.16
517,2497.43,909.16
518,2497.43,909.16
519,2497.43,909.16
520,2497.43,909.16
521,2497.43,909.16
522,2497.43,909.16
523,2497.43,909.16
524,2497.43,909.16
525,2497.43,909.16
526,2497.43,909.16
527,2497.43,909.16
528,2497.43,909.16
529,2497.43,909.16
530,2497.43,909.16
531,2497.43,909.16
532,2497.43,909.16
533,2497.43,909.16
534,2497.43,909.16
535,2497.43,909.16
536,2497.43,909.16
537,2497.43,909.16
538,2497.43,909.16
539,2497.43,909.16
540,2497.43,909.16
541,2497.43,909.16
542,2497.43,909.16
543,2497.43,909.16
544,2497.43,909.16
545,2497.43,909.16
546,2497.43,909.16
547,2497.43,909.16
548,2497.43,909.16
549,2497.43,909.16
550,2497.43,909.16
551,2497.43,909.16
552,2498.01,905.5
553,2498.67,901.84
554,2499.24,898.18
555,2499.82,894.64
556,2500.39,890.98
557,2501.05,887.32
558,2501.63,883.66
559,2502.2,880.0
560,2502.86,876.34
561,2503.44,872.79
562,2504.01,869.14
563,2504.67,865.48
564,2505.25,861.82
565,2505.82,858.16
566,2506.39,854.5
567,2507.06,850.84
568,2507.63,847.29
569,2508.2,843.64
570,2508.87,839.98
571,2509.44,836.32
572,2510.77,827.45
573,2512.2,818.47
574,2513.54,809.6
575,2514.96,800.73
576,2516.3,791.75
577,2517.63,782.88
578,2519.06,774.01
579,2520.4,765.14
580,2521.82,756.16
581,2523.16,747.29
582,2524.11,741.74
583,2525.06,736.2
584,2525.92,730.54
585,2526.87,725.0
586,2527.83,719.46
587,2528.78,713.91
588,2529.73,708.37
589,2530.59,702.72
590,2531.54,697.17
591,2532.5,691.63
592,2532.59,691.3
593,2532.59,690.96
594,2532.59,690.74
595,2532.69,690.41
596,2532.78,690.08
597,2532.78,689.74
598,2532.88,689.41
599,2532.88,689.19
600,2532.97,688.86
601,2532.97,688.52
602,2533.07,687.86
603,2533.16,687.3
604,2533.35,686.64
605,2533.45,685.97
606,2533.54,685.31
607,2533.64,684.75
608,2533.73,684.09
609,2533.93,683.42
610,2534.02,682.87
611,2534.12,682.2
612,2534.12,682.2
613,2534.12,682.2
614,2534.12,682.2
615,2534.12,682.2
616,2534.12,682.2
617,2534.12,682.2
618,2534.12,682.2
619,2534.12,682.2
620,2534.12,682.2
621,2534.12,682.2
622,2534.12,682.2
623,2534.12,682.2
624,2534.12,682.2
625,2534.12,682.2
626,2534.12,682.2
627,2534.12,682.2
628,2534.12,682.2
629,2534.12,682.2
630,2534.12,682.2
631,2534.12,682.2
632,2534.12,682.2
633,2534.12,682.2
634,2534.12,682.2
635,2534.12,682.2
636,2534.12,682.2
637,2534.12,682.2
638,2534.12,682.2
639,2534.12,682.2
640,2534.12,682.2
641,2534.12,682.2
642,2534.12,682.2
643,2534.12,682.2
644,2534.12,682.2
645,2534.12,682.2
646,2534.12,682.2
647,2534.12,682.2
648,2534.12,682.2
649,2534.12,682.2
650,2534.12,682.2
651,2534.12,682.2
652,2534.12,682.2
653,2534.12,682.2
654,2534.12,682.2
655,2534.12,682.2
656,2534.12,682.2
657,2534.12,682.2
658,2534.12,682.2
659,2534.12,682.2
660,2534.12,682.2
661,2534.12,682.2
662,2534.02,681.87
663,2534.02,681.65
664,2533.93,681.32
665,2533.83,681.09
666,2533.73,680.76
667,2533.73,680.54
668,2533.64,680.21
669,2533.54,679.99
670,2533.45,679.65
671,2533.45,679.43
672,2533.35,679.1
673,2533.26,678.88
674,2533.16,678.54
675,2533.16,678.32
676,2533.07,677.99
677,2532.97,677.77
678,2532.88,677.44
679,2532.88,677.21
680,2532.78,676.88
681,2532.69,676.66
682,2532.59,676.33
683,2532.59,676.11
684,2532.5,675.77
685,2532.4,675.55
686,2532.31,675.22
687,2532.31,675.0
688,2532.21,674.66
689,2530.97,665.35
690,2529.83,655.93
691,2528.59,646.61
692,2527.35,637.3
693,2526.11,627.88
694,2524.97,618.56
695,2523.73,609.14
696,2522.49,599.82
697,2521.25,590.51
698,2520.11,581.09
699,2518.87,571.77
700,2504.29,568.78
701,2489.72,565.79
702,2475.23,562.79
703,2460.66,559.91
704,2446.08,556.92
705,2431.5,553.92
706,2417.02,550.93
707,2402.44,547.94
708,2396.34,554.37
709,2390.34,560.91
710,2384.24,567.34
711,2378.15,573.88
712,2372.05,580.31
713,2366.04,586.74
714,2359.95,593.28
715,2353.85,599.71
716,2347.85,606.26
717,2341.75,612.69
718,2335.65,619.12
719,2329.55,625.66
720,2323.55,632.09
721,2317.45,638.63
722,2311.36,645.06
723,2305.35,651.49
724,2299.25,658.03
725,2293.16,664.46
726,2287.06,671.01
727,2281.06,677.44
728,2274.96,683.87
729,2268.86,690.41
730,2262.86,696.84
731,2256.76,703.38
732,2250.66,709.81
733,2244.57,716.24
734,2238.56,722.78
735,2232.46,729.21
736,2226.37,735.64
737,2220.27,742.19
738,2214.27,748.62
739,2208.17,755.16
740,2202.07,761.59
741,2196.07,768.02
742,2189.97,774.56
743,2183.87,780.99
744,2177.77,787.53
745,2171.77,793.96
746,2165.67,800.39
747,2159.58,806.94
748,2153.57,813.37
749,2147.48,819.91
750,2141.38,826.34
751,2135.28,832.77
752,2129.28,839.31
753,2123.18,845.74
754,2117.08,852.28
755,2111.08,858.71
756,2104.98,865.14
757,2098.88,871.69
758,2092.79,878.12
759,2086.78,884.66
760,2080.69,891.09
761,2068.68,911.05
762,2056.68,931.0
763,2044.67,950.96
764,2041.62,958.06
765,2038.57,965.04
766,2035.62,972.14
767,2032.57,979.12
768,2029.52,986.22
769,2026.47,993.31
770,2023.42,1000.3
771,2020.47,1007.4
772,2017.42,1014.38
773,2014.37,1021.48
774,2012.94,1034.56
775,2011.51,1047.64
776,2010.09,1060.73
777,2008.66,1073.81
778,2007.32,1086.89
779,2005.89,1099.97
780,2004.46,1113.06
781,2003.03,1126.14
782,2001.61,1139.22
783,2003.89,1151.97
784,2006.27,1164.72
785,2008.56,1177.47
786,2010.85,1190.23
787,2013.13,1202.98
788,2015.52,1215.73
789,2017.8,1228.48
790,2020.09,1241.23
791,2022.38,1253.98
792,2024.76,1266.73
793,2027.04,1279.48
794,2028.66,1286.57
795,2030.38,1293.67
796,2032.0,1300.88
797,2033.71,1307.97
798,2035.33,1315.07
799,2037.05,1322.16
800,2038.67,1329.26
801,2040.38,1336.47
802,2042.0,1343.56
803,2043.62,1350.66
804,2045.34,1357.75
805,2046.96,1364.85
806,2048.67,1372.06
807,2050.29,1379.15
808,2052.01,1386.25
809,2053.63,1393.35
810,2055.34,1400.55
811,2056.96,1407.65
812,2058.58,1414.74
813,2060.3,1421.84
814,2061.92,1428.94
815,2063.63,1436.14
816,2065.25,1443.24
817,2066.97,1450.33
818,2068.59,1457.43
819,2070.21,1464.53
820,2071.92,1471.73
821,2073.54,1478.83
822,2075.26,1485.92
823,2076.88,1493.02
824,2078.59,1500.12
825,2080.21,1507.32
826,2081.93,1514.42
827,2083.54,1521.51
828,2101.08,1598.02
829,2118.7,1674.52
830,2119.18,1680.51
831,2119.66,1686.49
832,2120.13,1692.48
833,2120.61,1698.36
834,2121.08,1704.34
835,2121.47,1710.33
836,2121.94,1716.32
837,2122.42,1722.31
838,2122.89,1728.29
839,2123.37,1734.28
840,2123.85,1740.16
841,2124.32,1746.14
842,2124.8,1752.13
843,2125.28,1758.12
844,2125.66,1764.11
845,2126.13,1770.09
846,2126.61,1775.97
847,2127.09,1781.96
848,2127.56,1787.94
849,2128.04,1793.93
850,2000.56,2111.36
851,1998.46,2113.8
852,1996.27,2116.24
853,1994.17,2118.68
854,1991.98,2121.12
855,1989.89,2123.56
856,1987.79,2126.0
857,1985.6,2128.44
858,1983.5,2130.87
859,1981.31,2133.31
860,1979.22,2135.75
861,1977.12,2138.19
862,1974.93,2140.63
863,1972.83,2143.18
864,1970.64,2145.62
865,1968.54,2148.06
866,1966.45,2150.5
867,1964.26,2152.94
868,1962.16,2155.38
869,1959.97,2157.82
870,1957.87,2160.26
871,1955.78,2162.7
872,1953.59,2165.13
873,1951.49,2167.57
874,1949.3,2170.01
875,1947.2,2172.45
876,1945.11,2174.89
877,1942.91,2177.33
878,1940.82,2179.77
879,1938.63,2182.21
880,1936.53,2184.65
881,1934.34,2187.09
882,1932.24,2189.53
883,1930.15,2191.97
884,1927.96,2194.41
885,1925.86,2196.84
886,1923.67,2199.28
887,1921.57,2201.72
888,1919.48,2204.16
889,1917.28,2206.71
890,1915.19,2209.15
891,1913.0,2211.59
892,1910.9,2214.03
893,1908.8,2216.47
894,1906.61,2218.91
895,1904.52,2221.35
896,1902.33,2223.79
897,1900.23,2226.23
898,1898.13,2228.66
899,1895.94,2231.1
900,1893.85,2233.54
901,1891.65,2235.98
902,1889.56,2238.42
903,1887.46,2240.86
904,1885.27,2243.3
905,1883.17,2245.74
906,1880.98,2248.18
907,1878.89,2250.62
908,1876.79,2253.06
909,1874.6,2255.5
910,1872.5,2257.94
911,1870.31,2260.37
912,1868.22,2262.81
913,1866.12,2265.25
914,1863.93,2267.69
915,1861.83,2270.13
916,1859.64,2272.68
917,1857.54,2275.12
918,1855.45,2277.56
919,1853.26,2280.0
920,1851.16,2282.44
921,1848.97,2284.88
922,1846.87,2287.32
923,1844.78,2289.76
924,1842.59,2292.2
925,1840.49,2294.63
926,1838.3,2297.07
927,1836.2,2299.51
928,1834.11,2301.95
929,1831.91,2304.39
930,1829.82,2306.83
931,1827.63,2309.27
932,1825.53,2311.71
933,1823.34,2314.15
934,1821.24,2316.59
935,1819.15,2319.03
936,1816.96,2321.47
937,1814.86,2323.91
938,1812.67,2326.34
939,1810.57,2328.78
940,1808.48,2331.22
941,1806.29,2333.66
942,1804.19,2336.21
943,1802.0,2338.65
944,1799.9,2341.09
945,1797.81,2343.53
