0,2426.17,1935.29
1,2427.5,1935.63
2,2428.83,1935.96
3,2430.17,1936.4
4,2431.5,1936.74
5,2432.07,1935.4
6,2432.55,1934.19
7,2433.12,1932.85
8,2433.6,1931.64
9,2434.17,1930.3
10,2434.74,1928.97
11,2435.22,1927.75
12,2435.79,1926.42
13,2436.26,1925.2
14,2436.84,1923.87
15,2437.41,1922.54
16,2437.88,1921.32
17,2438.46,1919.99
18,2438.93,1918.77
19,2439.5,1917.44
20,2440.08,1916.11
21,2440.55,1914.89
22,2441.12,1913.56
23,2441.6,1912.34
24,2442.17,1911.01
25,2442.74,1909.68
26,2443.22,1908.46
27,2443.79,1907.13
28,2444.27,1905.91
29,2444.84,1904.58
30,2445.41,1903.25
31,2445.89,1902.03
32,2446.46,1900.7
33,2446.94,1899.48
34,2447.51,1898.15
35,2448.17,1895.49
36,2448.94,1892.72
37,2449.6,1890.06
38,2450.27,1887.29
39,2451.03,1884.62
40,2451.7,1881.85
41,2452.37,1879.19
42,2453.13,1876.42
43,2453.8,1873.76
44,2454.46,1870.99
45,2455.23,1868.33
46,2455.89,1865.55
47,2456.56,1862.89
48,2457.32,1860.12
49,2457.99,1857.46
50,2458.75,1854.69
51,2459.42,1852.03
52,2460.08,1849.37
53,2460.85,1846.6
54,2461.51,1843.93
55,2462.18,1841.16
56,2462.94,1838.5
57,2463.61,1835.73
58,2464.28,1833.07
59,2465.04,1830.3
60,2465.71,1827.64
61,2466.37,1824.86
62,2467.14,1822.2
63,2467.8,1819.43
64,2468.47,1816.77
65,2469.23,1814.0
66,2469.9,1811.34
67,2470.57,1808.68
68,2471.33,1805.9
69,2471.99,1803.24
70,2472.66,1800.47
71,2473.42,1797.81
72,2474.09,1795.04
73,2474.76,1792.38
74,2475.52,1789.61
75,2476.19,1786.95
76,2476.95,1784.17
77,2477.62,1781.51
78,2478.28,1778.74
79,2479.04,1776.08
80,2479.71,1773.31
81,2480.38,1770.65
82,2481.14,1767.88
83,2481.81,1765.21
84,2482.47,1762.55
85,2483.24,1759.78
86,2483.9,1757.12
87,2484.57,1754.35
88,2485.33,1751.69
89,2486.0,1748.92
90,2486.67,1746.26
91,2487.43,1743.48
92,2488.1,1740.82
93,2488.76,1738.05
94,2489.53,1735.39
95,2490.19,1732.62
96,2490.86,1729.96
97,2491.62,1727.18
98,2492.29,1724.52
99,2492.96,1721.86
100,2493.72,1719.09
101,2494.38,1716.43
102,2495.15,1713.66
103,2495.81,1711.0
104,2496.48,1708.23
105,2497.24,1705.56
106,2497.91,1702.79
107,2498.58,1700.13
108,2499.34,1697.36
109,2500.01,1694.7
110,2500.67,1691.93
111,2501.44,1689.27
112,2502.1,1686.49
113,2502.77,1683.83
114,2503.53,1681.06
115,2504.2,1678.4
116,2514.58,1620.64
117,2517.16,1607.33
118,2519.73,1594.03
119,2522.4,1580.83
120,2524.97,1567.53
121,2527.54,1554.22
122,2530.11,1547.68
123,2532.69,1541.14
124,2535.26,1534.49
125,2537.83,1527.95
126,2540.4,1521.4
127,2538.88,1516.41
128,2536.02,1515.2
129,2533.16,1513.98
130,2533.93,1511.2
131,2534.69,1508.43
132,2535.45,1505.66
133,2536.31,1503.0
134,2537.07,1500.23
135,2537.83,1497.46
136,2538.59,1494.68
137,2539.36,1491.91
138,2540.12,1489.14
139,2540.88,1486.37
140,2541.74,1483.71
141,2542.5,1480.94
142,2543.26,1478.16
143,2544.02,1475.39
144,2544.79,1472.62
145,2545.55,1469.85
146,2546.41,1467.19
147,2547.17,1464.42
148,2547.93,1461.64
149,2548.69,1458.87
150,2548.69,1458.87
151,2548.69,1458.87
152,2548.69,1458.87
153,2548.69,1458.87
154,2548.69,1458.87
155,2548.69,1458.87
156,2548.69,1458.87
157,2548.69,1458.87
158,2548.69,1458.87
159,2548.69,1458.87
160,2548.69,1458.87
161,2548.69,1458.87
162,2548.69,1458.87
163,2548.69,1458.87
164,2548.69,1458.87
165,2548.69,1458.87
166,2548.69,1458.87
167,2548.69,1458.87
168,2548.69,1458.87
169,2548.69,1458.87
170,2548.69,1458.87
171,2548.69,1458.87
172,2548.69,1458.87
173,2548.69,1458.87
174,2548.69,1458.87
175,2548.69,1458.87
176,2548.69,1458.87
177,2548.69,1458.87
178,2548.69,1458.87
179,2548.69,1458.87
180,2548.69,1458.87
181,2548.69,1458.87
182,2548.69,1458.87
183,2548.69,1458.87
184,2548.69,1458.87
185,2548.69,1458.87
186,2548.69,1458.87
187,2548.69,1458.87
188,2548.69,1458.87
189,2548.69,1458.87
190,2548.98,1457.76
191,2549.17,1456.54
192,2549.46,1455.43
193,2549.74,1454.21
194,2549.93,1453.11
195,2550.22,1452.0
196,2550.5,1450.78
197,2550.69,1449.67
198,2550.98,1448.45
199,2551.27,1447.34
200,2551.46,1446.23
201,2551.74,1445.01
202,2551.93,1443.9
203,2552.22,1442.68
204,2552.5,1441.58
205,2552.69,1440.47
206,2552.98,1439.25
207,2553.27,1438.14
208,2553.46,1436.92
209,2553.74,1435.81
210,2556.03,1427.72
211,2558.32,1419.62
212,2560.7,1411.42
213,2562.98,1403.32
214,2565.27,1395.23
215,2567.56,1387.14
216,2569.84,1379.04
217,2572.23,1370.84
218,2574.51,1362.74
219,2576.8,1354.65
220,2578.13,1348.11
221,2579.37,1341.57
222,2580.71,1335.03
223,2582.04,1328.48
224,2583.37,1321.94
225,2584.61,1315.29
226,2585.95,1308.75
227,2587.28,1302.21
228,2588.52,1295.67
229,2589.85,1289.12
230,2591.19,1284.8
231,2592.43,1280.48
232,2593.76,1276.15
233,2595.0,1271.83
234,2596.33,1267.5
235,2597.67,1263.18
236,2598.9,1258.86
237,2600.24,1254.53
238,2601.48,1250.21
239,2602.81,1245.88
240,2603.86,1239.56
241,2604.91,1233.35
242,2605.86,1227.04
243,2606.91,1220.72
244,2607.96,1214.51
245,2609.0,1208.19
246,2609.96,1201.87
247,2611.01,1195.66
248,2612.05,1189.34
249,2610.15,1181.47
250,2608.24,1173.59
251,2610.72,1163.73
252,2613.1,1153.86
253,2615.58,1143.99
254,2617.96,1134.12
255,2620.44,1124.26
256,2622.91,1114.39
257,2625.3,1104.52
258,2627.77,1094.65
259,2630.16,1084.78
260,2632.63,1074.92
261,2635.02,1065.05
262,2637.49,1055.18
263,2639.97,1045.31
264,2642.35,1035.45
265,2644.83,1025.58
266,2647.21,1015.71
267,2649.69,1005.84
268,2650.07,1004.29
269,2650.45,1002.74
270,2650.83,1001.19
271,2651.21,999.63
272,2651.59,998.08
273,2651.97,996.64
274,2652.36,995.09
275,2652.74,993.54
276,2653.12,991.98
277,2653.5,990.43
278,2653.5,990.43
279,2653.5,990.43
280,2653.5,990.43
281,2653.5,990.43
282,2653.5,990.43
283,2653.5,990.43
284,2653.5,990.43
285,2653.5,990.43
286,2653.5,990.43
287,2653.5,990.43
288,2653.5,990.43
289,2653.5,990.43
290,2653.5,990.43
291,2653.5,990.43
292,2653.5,990.43
293,2653.5,990.43
294,2653.5,990.43
295,2653.5,990.43
296,2653.5,990.43
297,2653.5,990.43
298,2653.5,990.43
299,2653.5,990.43
300,2653.5,990.43
301,2653.5,990.43
302,2653.5,990.43
303,2653.5,990.43
304,2653.5,990.43
305,2653.5,990.43
306,2653.5,990.43
307,2653.5,990.43
308,2653.59,990.21
309,2653.59,989.88
310,2653.69,989.66
311,2653.69,989.43
312,2653.79,989.21
313,2653.88,988.88
314,2653.88,988.66
315,2653.98,988.44
316,2653.98,988.21
317,2654.07,987.88
318,2654.17,987.66
319,2654.17,987.44
320,2654.26,987.22
321,2654.26,986.88
322,2654.36,986.66
323,2654.45,986.44
324,2654.45,986.22
325,2654.55,985.89
326,2654.55,985.66
327,2654.64,985.44
328,2655.98,980.56
329,2657.41,975.8
330,2658.74,970.92
331,2660.07,966.15
332,2661.5,961.27
333,2662.84,956.39
334,2664.17,951.63
335,2665.5,946.75
336,2666.93,941.98
337,2668.27,937.1
338,2671.03,927.46
339,2673.79,917.81
340,2676.46,908.16
341,2679.22,898.52
342,2681.99,888.87
343,2684.75,879.23
344,2687.51,869.58
345,2690.18,859.93
346,2692.94,850.29
347,2695.71,840.64
348,2702.19,830.55
349,2708.76,820.57
350,2715.24,810.48
351,2721.81,800.39
352,2728.29,790.31
353,2734.77,780.33
354,2741.35,770.24
355,2747.82,760.15
356,2754.4,750.17
357,2760.88,740.08
358,2765.64,734.42
359,2770.5,728.66
360,2775.26,723.01
361,2780.03,717.24
362,2784.89,711.59
363,2789.65,705.82
364,2794.42,700.17
365,2799.28,694.4
366,2804.04,688.75
367,2804.23,688.52
368,2804.42,688.3
369,2804.61,688.08
370,2804.9,687.86
371,2805.09,687.64
372,2805.28,687.53
373,2805.47,687.3
374,2805.66,687.08
375,2805.85,686.86
376,2806.04,686.64
377,2806.33,686.42
378,2806.52,686.2
379,2806.71,685.97
380,2806.9,685.75
381,2807.09,685.53
382,2807.28,685.42
383,2807.47,685.2
384,2807.75,684.98
385,2807.95,684.75
386,2808.14,684.53
387,2808.33,684.31
388,2813.38,680.1
389,2818.43,675.77
390,2823.38,671.56
391,2828.43,667.35
392,2833.48,663.02
393,2838.53,658.81
394,2841.77,658.81
395,2845.1,658.81
396,2848.34,658.81
397,2852.15,661.14
398,2855.97,663.47
399,2859.68,665.68
400,2863.49,668.01
401,2867.3,670.34
402,2871.11,672.67
403,2874.93,675.0
404,2878.64,677.21
405,2882.45,679.54
406,2886.26,681.87
407,2886.26,681.87
408,2886.26,681.87
409,2886.26,681.87
410,2886.26,681.87
411,2886.26,681.87
412,2886.26,681.87
413,2886.26,681.87
414,2886.26,681.87
415,2886.26,681.87
416,2886.26,681.87
417,2889.41,684.09
418,2892.55,686.2
419,2895.7,688.41
420,2898.84,690.63
421,2901.98,692.85
422,2905.03,694.95
423,2908.18,697.17
424,2911.32,699.39
425,2914.47,701.5
426,2917.61,703.71
427,2932.0,709.48
428,2946.38,715.35
429,2960.68,721.12
430,2975.06,727.0
431,2989.45,732.76
432,3003.84,738.53
433,3018.13,744.4
434,3032.52,750.17
435,3046.9,756.05
436,3061.29,761.81
437,3075.58,767.58
438,3089.97,773.45
439,3104.36,779.22
440,3118.74,785.09
441,3133.03,790.86
442,3147.42,796.62
443,3161.81,802.5
444,3176.2,808.27
445,3190.49,814.14
446,3204.87,819.91
447,3219.07,821.79
448,3233.36,823.68
449,3247.56,825.56
450,3261.76,827.45
451,3276.05,829.33
452,3290.24,831.22
453,3304.44,833.1
454,3318.64,834.99
455,3332.93,836.87
456,3347.12,838.76
457,3361.04,840.64
458,3374.95,842.64
459,3388.76,844.52
460,3402.67,846.41
461,3416.58,848.29
462,3430.49,850.29
463,3444.4,852.17
464,3458.22,854.06
465,3472.13,856.05
466,3486.04,857.94
467,3500.05,859.82
468,3514.05,861.6
469,3528.06,863.48
470,3542.06,865.37
471,3556.07,867.25
472,3569.98,869.03
473,3583.99,870.91
474,3597.99,872.79
475,3612.0,874.57
476,3626.0,876.45
477,3638.77,878.45
478,3651.63,880.56
479,3664.4,882.55
480,3677.17,884.55
481,3690.03,886.65
482,3702.8,888.65
483,3715.66,890.76
484,3728.43,892.75
485,3741.2,894.75
486,3754.06,896.85
487,3766.83,898.85
