0,3107.5,3853.74
1,3109.69,3854.62
2,3111.98,3855.51
3,3114.26,3856.29
4,3116.46,3857.17
5,3118.74,3858.06
6,3120.93,3858.95
7,3123.13,3859.72
8,3125.41,3860.61
9,3128.08,3861.61
10,3130.84,3862.49
11,3133.51,3863.49
12,3136.27,3864.38
13,3138.94,3865.38
14,3141.71,3866.37
15,3144.37,3867.26
16,3147.14,3868.26
17,3149.8,3869.15
18,3152.47,3870.14
19,3155.23,3871.14
20,3157.9,3872.03
21,3160.67,3873.03
22,3163.33,3873.91
23,3166.1,3874.91
24,3168.76,3875.91
25,3171.53,3876.8
26,3174.19,3877.79
27,3176.96,3878.68
28,3179.63,3879.68
29,3185.63,3880.9
30,3191.63,3882.12
31,3197.54,3883.23
32,3203.54,3884.45
33,3209.54,3885.67
34,3215.55,3886.89
35,3221.55,3888.11
36,3227.46,3889.21
37,3233.46,3890.43
38,3239.46,3891.65
39,3243.94,3892.32
40,3248.42,3892.98
41,3252.89,3893.76
42,3257.37,3894.43
43,3261.85,3895.09
44,3266.33,3895.76
45,3270.81,3896.42
46,3275.29,3897.2
47,3279.76,3897.86
48,3284.24,3898.53
49,3285.48,3898.31
50,3286.81,3897.97
51,3288.05,3897.75
52,3289.29,3897.53
53,3290.62,3897.31
54,3291.86,3896.98
55,3293.2,3896.75
56,3294.44,3896.53
57,3295.67,3896.31
58,3297.01,3895.98
59,3298.25,3895.76
60,3303.49,3886.33
61,3304.63,3884.0
62,3305.68,3881.79
63,3306.82,3879.46
64,3307.87,3877.24
65,3309.01,3874.91
66,3310.16,3872.69
67,3311.21,3870.37
68,3312.35,3868.15
69,3313.4,3865.93
70,3314.54,3863.6
71,3314.54,3863.6
72,3314.54,3863.6
73,3314.54,3863.6
74,3314.54,3863.6
75,3314.54,3863.6
76,3314.54,3863.6
77,3314.54,3863.6
78,3314.54,3863.6
79,3314.54,3863.6
80,3314.54,3863.6
81,3314.54,3863.6
82,3314.54,3863.6
83,3314.54,3863.6
84,3314.54,3863.6
85,3314.54,3863.6
86,3314.54,3863.6
87,3314.54,3863.6
88,3314.54,3863.6
89,3314.54,3863.6
90,3314.54,3863.6
91,3314.54,3863.6
92,3314.83,3863.05
93,3315.11,3862.38
94,3315.49,3861.83
95,3315.78,3861.16
96,3316.06,3860.61
97,3316.35,3860.06
98,3316.64,3859.39
99,3317.02,3858.84
100,3317.3,3858.17
101,3317.59,3857.62
102,3318.54,3854.4
103,3319.49,3851.19
104,3320.45,3847.97
105,3321.4,3844.75
106,3322.35,3841.54
107,3323.31,3838.21
108,3324.26,3835.0
109,3325.21,3831.78
110,3326.16,3828.57
111,3327.12,3825.35
112,3327.12,3825.35
113,3327.12,3825.35
114,3327.12,3825.35
115,3327.12,3825.35
116,3327.12,3825.35
117,3327.12,3825.35
118,3327.12,3825.35
119,3327.12,3825.35
120,3327.12,3825.35
121,3327.12,3825.35
122,3328.16,3823.58
123,3329.12,3821.91
124,3330.07,3820.14
125,3331.12,3818.37
126,3332.17,3816.59
127,3333.12,3814.93
128,3334.17,3813.16
129,3335.12,3811.38
130,3336.07,3809.72
131,3337.12,3807.94
132,3338.84,3802.07
133,3340.65,3796.3
134,3342.36,3790.43
135,3344.17,3784.55
136,3345.98,3778.79
137,3347.7,3772.91
138,3349.41,3767.03
139,3351.22,3761.27
140,3353.03,3755.39
141,3354.75,3749.51
142,3356.46,3743.75
143,3358.27,3737.87
144,3360.08,3732.11
145,3361.8,3726.23
146,3363.51,3720.35
147,3365.32,3714.59
148,3367.04,3708.71
149,3368.85,3702.84
150,3370.66,3697.07
151,3372.37,3691.2
152,3374.28,3683.54
153,3376.18,3675.78
154,3378.09,3668.13
155,3380.0,3660.37
156,3381.9,3652.72
157,3383.81,3645.07
158,3385.71,3637.31
159,3387.62,3629.66
160,3389.52,3621.9
161,3391.43,3614.25
162,3393.43,3607.71
163,3395.34,3601.06
164,3397.34,3594.51
165,3399.34,3587.97
166,3401.24,3581.32
167,3403.24,3574.78
168,3405.24,3568.24
169,3407.25,3561.7
170,3409.15,3555.04
171,3411.15,3548.5
172,3413.72,3538.97
173,3416.39,3529.43
174,3418.96,3520.01
175,3421.54,3510.47
176,3424.21,3500.94
177,3426.78,3491.4
178,3429.35,3481.87
179,3431.92,3472.44
180,3434.59,3462.91
181,3437.16,3453.37
182,3438.02,3449.82
183,3438.97,3446.28
184,3439.83,3442.73
185,3440.69,3439.18
186,3441.64,3435.63
187,3442.5,3432.19
188,3443.36,3428.65
189,3444.21,3425.1
190,3445.17,3421.55
191,3446.02,3418.0
192,3446.02,3418.0
193,3446.02,3418.0
194,3446.02,3418.0
195,3446.02,3418.0
196,3446.02,3418.0
197,3446.02,3418.0
198,3446.02,3418.0
199,3446.02,3418.0
200,3446.02,3418.0
201,3446.02,3418.0
202,3446.02,3418.0
203,3446.02,3418.0
204,3446.02,3418.0
205,3446.02,3418.0
206,3446.02,3418.0
207,3446.02,3418.0
208,3446.02,3418.0
209,3446.02,3418.0
210,3446.02,3418.0
211,3446.02,3418.0
212,3446.02,3418.0
213,3446.02,3418.0
214,3446.02,3418.0
215,3446.02,3418.0
216,3446.02,3418.0
217,3446.02,3418.0
218,3446.02,3418.0
219,3446.02,3418.0
220,3446.02,3418.0
221,3446.02,3418.0
222,3446.02,3418.0
223,3446.02,3418.0
224,3446.02,3418.0
225,3446.02,3418.0
226,3446.02,3418.0
227,3446.02,3418.0
228,3446.02,3418.0
229,3446.02,3418.0
230,3446.02,3418.0
231,3446.02,3418.0
232,3446.02,3418.0
233,3446.02,3418.0
234,3446.02,3418.0
235,3446.02,3418.0
236,3446.02,3418.0
237,3446.02,3418.0
238,3446.02,3418.0
239,3446.02,3418.0
240,3446.02,3418.0
241,3446.02,3418.0
242,3446.02,3418.0
243,3446.02,3418.0
244,3446.02,3418.0
245,3446.02,3418.0
246,3446.02,3418.0
247,3446.02,3418.0
248,3446.02,3418.0
249,3446.02,3418.0
250,3446.02,3418.0
251,3446.02,3418.0
252,3446.02,3418.0
253,3446.02,3418.0
254,3446.02,3418.0
255,3446.02,3418.0
256,3446.02,3418.0
257,3446.02,3418.0
258,3446.02,3418.0
259,3446.02,3418.0
260,3446.02,3418.0
261,3446.02,3418.0
262,3446.02,3418.0
263,3446.02,3418.0
264,3446.02,3418.0
265,3446.02,3418.0
266,3446.02,3418.0
267,3446.02,3418.0
268,3446.02,3418.0
269,3446.02,3418.0
270,3446.02,3418.0
271,3446.02,3418.0
272,3446.02,3418.0
273,3446.02,3418.0
274,3446.02,3418.0
275,3446.02,3418.0
276,3446.02,3418.0
277,3446.02,3418.0
278,3446.02,3418.0
279,3446.02,3418.0
280,3446.02,3418.0
281,3446.02,3418.0
282,3446.02,3418.0
283,3446.02,3418.0
284,3446.02,3418.0
285,3446.02,3418.0
286,3446.02,3418.0
287,3446.02,3418.0
288,3446.02,3418.0
289,3446.02,3418.0
290,3446.02,3418.0
291,3446.02,3418.0
292,3446.02,3418.0
293,3446.02,3418.0
294,3446.02,3418.0
295,3446.02,3418.0
296,3446.02,3418.0
297,3446.02,3418.0
298,3446.02,3418.0
299,3446.02,3418.0
300,3446.02,3418.0
301,3446.02,3418.0
302,3446.02,3417.78
303,3446.12,3417.56
304,3446.12,3417.34
305,3446.21,3417.12
306,3446.21,3416.89
307,3446.31,3416.56
308,3446.4,3416.34
309,3446.4,3416.12
310,3446.4,3415.9
311,3446.5,3415.67
312,3444.5,3413.35
313,3442.5,3411.13
314,3440.5,3408.8
315,3438.4,3406.47
316,3436.4,3404.25
317,3434.4,3401.93
318,3432.4,3399.71
319,3430.4,3397.38
320,3428.4,3395.05
321,3426.4,3392.83
322,3424.3,3390.51
323,3422.3,3388.18
324,3420.3,3385.96
325,3418.3,3383.63
326,3413.15,3382.08
327,3408.1,3380.53
328,3402.96,3379.09
329,3397.91,3377.53
330,3392.76,3375.98
331,3387.71,3374.43
332,3382.66,3372.88
333,3377.52,3371.44
334,3372.47,3369.88
335,3367.32,3368.33
336,3360.18,3366.67
337,3352.94,3365.12
338,3345.79,3363.45
339,3338.55,3361.79
340,3331.4,3360.13
341,3324.26,3358.58
342,3317.02,3356.91
343,3309.87,3355.25
344,3302.63,3353.7
345,3295.48,3352.03
346,3291.2,3350.7
347,3286.91,3349.26
348,3282.62,3347.93
349,3278.24,3346.49
350,3273.95,3345.16
351,3269.66,3343.83
352,3265.38,3342.39
353,3261.09,3341.06
354,3256.8,3339.62
355,3252.42,3338.29
356,3248.13,3336.95
357,3243.84,3335.51
358,3239.56,3334.18
359,3235.27,3332.85
360,3230.89,3331.41
361,3226.6,3330.08
362,3222.31,3328.64
363,3218.02,3327.31
364,3179.34,3311.68
365,3140.66,3296.04
366,3139.51,3295.6
367,3138.37,3295.16
368,3137.23,3294.6
369,3136.08,3294.16
370,3134.94,3293.71
371,3133.89,3293.27
372,3132.75,3292.72
373,3131.61,3292.27
374,3130.46,3291.83
375,3129.32,3291.39
376,3128.18,3290.83
377,3127.03,3290.39
378,3125.89,3289.94
379,3124.75,3289.39
380,3123.7,3288.95
381,3122.55,3288.5
382,3121.41,3288.06
383,3120.27,3287.51
384,3119.12,3287.06
385,3117.98,3286.62
386,3113.88,3285.18
387,3109.69,3283.74
388,3105.59,3282.29
389,3101.5,3280.85
390,3097.31,3279.41
391,3093.21,3277.97
392,3089.11,3276.53
393,3085.01,3275.09
394,3080.82,3273.65
395,3076.73,3272.2
396,3072.72,3270.76
397,3068.72,3269.43
398,3064.72,3267.99
399,3060.81,3266.55
400,3056.81,3265.22
401,3052.81,3263.78
402,3048.81,3262.34
403,3044.81,3260.9
404,3040.81,3259.57
405,3036.8,3258.12
406,3032.8,3256.68
407,3028.9,3255.35
408,3024.89,3253.91
409,3020.89,3252.47
410,3016.89,3251.14
411,3012.89,3249.7
412,3001.07,3245.15
413,2989.36,3240.61
414,2977.54,3235.95
415,2965.73,3231.4
416,2961.72,3229.85
417,2957.63,3228.41
418,2953.63,3226.86
419,2949.53,3225.31
420,2945.53,3223.75
421,2941.53,3222.31
422,2937.43,3220.76
423,2933.43,3219.21
424,2929.33,3217.77
425,2925.33,3216.21
426,2925.14,3216.21
427,2924.95,3216.1
428,2924.85,3216.1
429,2924.66,3215.99
430,2924.47,3215.99
431,2924.28,3215.88
432,2924.09,3215.88
433,2923.99,3215.77
434,2923.8,3215.77
435,2923.61,3215.66
436,2923.42,3215.66
437,2923.23,3215.55
438,2923.04,3215.55
439,2922.95,3215.44
440,2922.76,3215.44
441,2922.57,3215.33
442,2922.37,3215.33
443,2922.18,3215.22
444,2922.09,3215.22
445,2921.9,3215.1
446,2921.71,3215.1
447,2921.71,3215.1
448,2921.71,3215.1
449,2921.71,3215.1
450,2921.71,3215.1
451,2921.71,3215.1
452,2921.71,3215.1
453,2921.71,3215.1
454,2921.71,3215.1
455,2921.71,3215.1
456,2921.04,3214.66
457,2920.28,3214.22
458,2919.61,3213.89
459,2918.85,3213.44
460,2918.18,3213.0
461,2917.42,3212.55
462,2916.66,3212.11
463,2915.99,3211.78
464,2915.23,3211.34
465,2914.56,3210.89
466,2913.7,3210.12
467,2912.75,3209.23
468,2911.89,3208.45
469,2911.04,3207.57
470,2910.08,3206.68
471,2909.23,3205.9
472,2908.37,3205.13
473,2907.42,3204.24
474,2906.56,3203.46
475,2905.7,3202.58
476,2904.75,3201.69
477,2903.89,3200.91
478,2901.13,3199.58
479,2898.36,3198.14
480,2895.6,3196.81
481,2892.84,3195.37
482,2890.08,3194.04
483,2887.41,3192.6
484,2884.64,3191.27
485,2881.88,3189.83
486,2879.12,3188.5
487,2876.36,3187.05
488,2873.59,3185.72
489,2872.93,3185.06
490,2872.26,3184.5
491,2871.59,3183.84
492,2870.92,3183.28
493,2870.26,3182.62
494,2869.59,3181.95
495,2868.92,3181.4
496,2868.16,3180.73
497,2867.49,3180.07
498,2866.83,3179.51
499,2866.16,3178.85
500,2865.49,3178.3
501,2864.83,3177.63
502,2864.16,3176.96
503,2863.49,3176.41
504,2862.83,3175.74
505,2862.16,3175.08
506,2861.49,3174.53
507,2860.82,3173.86
508,2860.16,3173.31
509,2859.49,3172.64
510,2858.73,3171.98
511,2858.06,3171.42
512,2857.39,3170.76
513,2856.73,3170.09
514,2856.06,3169.54
515,2855.39,3168.87
516,2854.73,3168.32
517,2854.06,3167.65
518,2863.49,3153.13
519,2873.02,3138.49
520,2882.45,3123.97
521,2891.89,3109.44
522,2892.84,3108.33
523,2893.7,3107.23
524,2894.65,3106.12
525,2895.51,3105.01
526,2896.46,3103.9
527,2897.32,3102.79
528,2898.27,3101.68
529,2899.22,3100.57
530,2900.08,3099.46
531,2901.03,3098.36
532,2901.89,3097.25
533,2902.84,3096.14
534,2905.61,3092.81
535,2908.27,3089.6
536,2911.04,3086.27
537,2913.7,3083.05
538,2916.47,3079.84
539,2919.23,3076.51
540,2921.9,3073.3
541,2924.66,3069.97
542,2927.33,3066.76
543,2930.09,3063.43
544,2930.28,3063.21
545,2930.57,3062.88
546,2930.76,3062.65
547,2930.95,3062.32
548,2931.24,3062.1
549,2931.43,3061.88
550,2931.62,3061.55
551,2931.9,3061.32
552,2932.09,3060.99
553,2932.28,3060.77
554,2932.57,3060.55
555,2932.76,3060.21
556,2933.05,3059.99
557,2933.24,3059.77
558,2933.43,3059.44
559,2933.71,3059.22
560,2933.9,3058.88
561,2934.09,3058.66
562,2934.38,3058.44
563,2934.57,3058.11
564,2934.76,3057.89
565,2935.05,3057.55
566,2935.24,3057.33
567,2935.24,3057.33
568,2935.24,3057.33
569,2935.24,3057.33
570,2935.24,3057.33
571,2935.24,3057.33
572,2936.76,3055.67
573,2938.19,3053.9
574,2939.72,3052.23
575,2941.14,3050.57
576,2942.67,3048.79
577,2944.1,3047.13
578,2945.62,3045.47
579,2947.05,3043.69
580,2948.58,3042.03
581,2949.72,3040.48
582,2950.86,3039.04
583,2952.01,3037.49
584,2953.15,3036.04
585,2954.29,3034.49
586,2955.34,3033.05
587,2956.48,3031.5
588,2957.63,3030.06
589,2958.77,3028.51
590,2959.91,3027.06
591,2961.06,3025.51
592,2961.06,3025.51
593,2961.06,3025.51
594,2961.06,3025.51
595,2961.06,3025.51
596,2961.06,3025.51
597,2961.06,3025.51
598,2961.06,3025.51
599,2961.06,3025.51
600,2961.06,3025.51
601,2961.06,3025.51
602,2961.06,3025.51
603,2961.06,3025.51
604,2961.06,3025.51
605,2961.06,3025.51
606,2961.06,3025.51
607,2961.06,3025.51
608,2961.06,3025.51
609,2961.06,3025.51
610,2961.06,3025.51
611,2961.06,3025.51
612,2961.06,3025.51
613,2961.06,3025.51
614,2961.06,3025.51
615,2961.06,3025.51
616,2961.06,3025.51
617,2961.06,3025.51
618,2961.06,3025.51
619,2961.06,3025.51
620,2961.06,3025.51
621,2961.06,3025.51
622,2961.06,3025.51
623,2961.06,3025.51
624,2961.06,3025.51
625,2961.06,3025.51
626,2961.06,3025.51
627,2961.06,3025.51
628,2961.06,3025.51
629,2961.06,3025.51
630,2961.06,3025.51
631,2961.06,3025.51
632,2961.25,3025.18
633,2961.53,3024.96
634,2961.72,3024.62
635,2961.92,3024.29
636,2962.11,3023.96
637,2962.39,3023.74
638,2962.58,3023.4
639,2962.77,3023.07
640,2962.96,3022.74
641,2963.25,3022.52
642,2963.44,3022.19
643,2966.2,3019.08
644,2968.97,3016.09
645,2971.73,3012.98
646,2974.49,3009.99
647,2977.16,3006.88
648,2979.92,3003.89
649,2982.69,3000.79
650,2985.45,2997.79
651,2988.21,2994.69
652,2993.07,2988.04
653,2997.93,2981.38
654,3002.79,2974.62
655,3007.65,2967.97
656,3012.51,2961.32
657,3017.27,2954.66
658,3022.13,2948.01
659,3026.99,2941.36
660,3031.85,2934.6
661,3036.71,2927.94
662,3041.57,2921.29
663,3046.24,2914.64
664,3051.0,2907.99
665,3055.67,2901.44
666,3060.34,2894.79
667,3065.1,2888.14
668,3069.77,2881.49
669,3074.44,2874.95
670,3079.2,2868.29
671,3083.87,2861.64
672,3085.97,2857.87
673,3088.16,2854.21
674,3090.25,2850.55
675,3092.45,2846.78
676,3094.54,2843.01
677,3096.64,2839.36
678,3098.83,2835.59
679,3100.93,2831.93
680,3103.12,2828.27
681,3105.21,2824.5
682,3107.31,2820.73
683,3109.5,2817.07
684,3111.6,2813.41
685,3113.79,2809.64
686,3115.88,2805.87
687,3117.98,2802.21
688,3120.17,2798.44
689,3122.27,2794.78
690,3124.46,2791.13
691,3126.56,2787.36
692,3128.94,2783.48
693,3131.32,2779.71
694,3133.7,2775.82
695,3136.08,2771.94
696,3138.47,2768.17
697,3140.85,2764.29
698,3143.23,2760.41
699,3145.61,2756.53
700,3147.99,2752.76
701,3150.38,2748.88
702,3151.71,2746.55
703,3152.95,2744.23
704,3154.28,2741.9
705,3155.62,2739.57
706,3156.85,2737.24
707,3158.19,2734.91
708,3159.52,2732.58
709,3160.86,2730.26
710,3162.09,2727.93
711,3163.43,2725.6
712,3165.33,2722.27
713,3167.24,2719.06
714,3169.05,2715.73
715,3170.96,2712.52
716,3172.86,2709.19
717,3174.77,2705.97
718,3176.67,2702.76
719,3178.48,2699.43
720,3180.39,2696.22
721,3182.29,2692.89
722,3185.06,2690.78
723,3187.82,2688.57
724,3190.58,2686.46
725,3193.73,2686.46
726,3196.78,2686.46
727,3202.78,2690.01
728,3208.69,2693.45
729,3214.69,2696.99
730,3220.69,2700.43
731,3226.6,2703.98
732,3232.6,2707.42
733,3238.6,2710.96
734,3244.51,2714.51
735,3250.51,2717.95
736,3256.52,2721.5
737,3262.42,2724.93
738,3268.43,2728.48
739,3274.43,2731.92
740,3280.33,2735.47
741,3286.34,2739.01
742,3292.34,2742.45
743,3298.25,2746.0
744,3304.25,2749.44
745,3310.25,2752.98
746,3316.16,2756.42
747,3322.16,2759.97
748,3329.31,2764.52
749,3336.45,2769.06
750,3343.6,2773.72
751,3350.75,2778.26
752,3357.89,2782.81
753,3364.94,2787.36
754,3372.09,2791.9
755,3379.23,2796.56
756,3386.38,2801.1
757,3393.53,2805.65
758,3401.62,2810.53
759,3409.72,2815.3
760,3417.73,2820.17
761,3425.82,2825.05
762,3433.92,2829.93
763,3442.02,2834.7
764,3450.12,2839.58
765,3458.12,2844.46
766,3466.22,2849.22
767,3474.32,2854.1
768,3481.37,2856.65
769,3488.42,2859.31
770,3495.57,2861.86
771,3502.62,2864.41
772,3509.67,2867.07
773,3516.72,2869.62
774,3523.77,2872.17
775,3530.92,2874.72
776,3537.97,2877.38
777,3545.02,2879.93
778,3545.88,2880.16
779,3546.73,2880.27
780,3547.59,2880.49
781,3548.45,2880.6
782,3549.31,2880.82
783,3550.26,2880.93
784,3551.12,2881.15
785,3551.97,2881.27
786,3552.83,2881.49
787,3553.69,2881.6
788,3554.55,2881.82
789,3556.07,2880.38
790,3557.5,2878.83
791,3559.02,2877.38
792,3560.45,2875.83
793,3561.98,2874.39
794,3563.69,2865.63
795,3565.41,2856.76
796,3567.12,2848.0
797,3568.93,2839.24
798,3570.65,2830.37
799,3572.36,2821.62
800,3574.08,2812.86
801,3575.79,2803.99
802,3577.51,2795.23
803,3579.22,2786.47
804,3581.03,2777.6
805,3582.75,2768.84
806,3584.46,2759.97
807,3586.18,2751.21
808,3587.89,2742.45
809,3589.61,2733.58
810,3591.42,2724.82
811,3593.13,2716.06
812,3594.85,2707.19
813,3596.56,2698.44
814,3598.09,2689.9
815,3599.61,2681.36
816,3601.04,2672.82
817,3602.57,2664.29
818,3604.09,2655.75
819,3605.61,2647.32
820,3607.14,2638.79
821,3608.66,2630.25
822,3610.09,2621.71
823,3611.62,2613.17
824,3613.14,2604.64
825,3615.05,2593.44
826,3617.05,2582.24
827,3618.95,2571.04
828,3620.86,2559.84
829,3622.86,2548.65
830,3624.77,2537.45
831,3626.67,2526.25
832,3628.67,2515.05
833,3630.58,2503.85
834,3631.82,2497.42
835,3633.06,2490.88
836,3634.39,2484.45
837,3635.63,2478.02
838,3636.87,2471.59
839,3638.1,2465.05
840,3639.34,2458.62
841,3640.68,2452.19
842,3641.92,2445.64
843,3643.15,2439.21
844,3643.15,2439.1
845,3643.15,2438.99
846,3643.25,2438.88
847,3643.25,2438.88
848,3643.25,2438.77
849,3643.25,2438.66
850,3643.35,2438.55
851,3643.35,2438.44
852,3643.35,2438.33
853,3643.35,2438.22
854,3643.44,2438.22
855,3643.44,2438.1
856,3643.44,2437.99
857,3643.44,2437.88
858,3643.54,2437.77
859,3643.54,2437.66
860,3643.54,2437.55
861,3643.54,2437.55
862,3643.63,2437.44
863,3643.63,2437.33
864,3643.63,2437.22
865,3643.63,2437.22
866,3643.63,2437.22
867,3643.63,2437.22
868,3643.63,2437.22
869,3643.63,2437.22
870,3643.63,2437.22
871,3643.63,2437.22
872,3643.63,2437.22
873,3643.63,2437.22
874,3643.63,2437.22
875,3644.01,2435.33
876,3644.49,2433.34
877,3644.87,2431.45
878,3645.25,2429.46
879,3645.63,2427.57
880,3646.11,2425.69
881,3646.49,2423.69
882,3646.87,2421.81
883,3647.35,2419.81
884,3647.73,2417.93
885,3648.87,2415.15
886,3650.11,2412.27
887,3651.25,2409.5
888,3652.49,2406.62
889,3653.64,2403.84
890,3654.87,2401.07
891,3656.02,2398.19
892,3657.26,2395.42
893,3658.4,2392.54
894,3659.64,2389.76
895,3660.78,2386.99
896,3662.02,2384.11
897,3663.16,2381.34
898,3664.4,2378.45
899,3665.54,2375.68
900,3666.78,2372.91
901,3667.93,2370.03
902,3669.17,2367.26
903,3670.31,2364.37
904,3671.55,2361.6
905,3672.69,2358.83
906,3673.93,2355.95
907,3675.07,2353.18
908,3676.31,2350.29
909,3677.45,2347.52
910,3678.69,2344.75
911,3679.84,2341.87
912,3681.08,2339.09
913,3682.22,2336.21
914,3683.46,2333.44
915,3684.6,2330.67
916,3685.84,2327.79
917,3686.98,2325.01
918,3688.22,2322.24
919,3689.36,2319.36
920,3690.6,2316.59
921,3691.75,2313.7
922,3692.99,2310.93
923,3694.13,2308.16
924,3695.37,2305.28
925,3696.51,2302.51
926,3697.75,2299.62
927,3698.89,2296.85
928,3700.13,2294.08
929,3701.27,2291.2
930,3702.51,2288.43
931,3703.66,2285.54
932,3704.89,2282.77
933,3706.04,2280.0
934,3707.28,2277.12
935,3708.42,2274.34
936,3709.66,2271.46
937,3710.8,2268.69
938,3712.04,2265.92
939,3713.18,2263.04
940,3714.42,2260.26
941,3715.57,2257.38
942,3716.8,2254.61
943,3717.95,2251.84
944,3719.19,2248.95
945,3720.33,2246.18
