0,1344.57,2985.6
1,1353.05,2983.38
2,1361.53,2981.16
3,1370.01,2978.94
4,1378.49,2976.73
5,1389.82,2975.95
6,1401.16,2975.18
7,1412.5,2974.4
8,1418.79,2976.28
9,1425.17,2978.06
10,1432.32,2978.17
11,1439.56,2978.28
12,1446.7,2978.39
13,1453.95,2978.5
14,1461.09,2978.61
15,1468.33,2978.72
16,1475.57,2978.83
17,1482.72,2978.94
18,1489.96,2979.06
19,1497.11,2979.17
20,1504.25,2979.28
21,1511.49,2979.39
22,1518.64,2979.5
23,1525.88,2979.61
24,1533.03,2979.72
25,1540.27,2979.83
26,1547.41,2979.94
27,1554.66,2980.05
28,1561.9,2980.16
29,1569.04,2980.28
30,1570.38,2980.72
31,1571.61,2981.16
32,1572.95,2981.61
33,1574.28,2982.05
34,1575.52,2982.49
35,1576.86,2982.83
36,1578.09,2983.27
37,1579.43,2983.71
38,1580.76,2984.16
39,1582.0,2984.6
40,1583.33,2985.04
41,1583.33,2985.04
42,1583.33,2985.04
43,1583.33,2985.04
44,1583.33,2985.04
45,1583.33,2985.04
46,1583.33,2985.04
47,1583.33,2985.04
48,1583.33,2985.04
49,1583.33,2985.04
50,1583.33,2985.04
51,1583.33,2985.04
52,1583.33,2985.04
53,1583.33,2985.04
54,1583.33,2985.04
55,1583.33,2985.04
56,1583.33,2985.04
57,1583.33,2985.04
58,1583.33,2985.04
59,1583.33,2985.04
60,1583.33,2985.04
61,1583.33,2985.04
62,1583.33,2985.04
63,1583.33,2985.04
64,1583.33,2985.04
65,1583.33,2985.04
66,1583.33,2985.04
67,1583.33,2985.04
68,1583.33,2985.04
69,1583.33,2985.04
70,1583.33,2985.04
71,1583.33,2985.04
72,1583.33,2985.04
73,1583.33,2985.04
74,1583.33,2985.04
75,1583.33,2985.04
76,1583.33,2985.04
77,1583.33,2985.04
78,1583.33,2985.04
79,1583.33,2985.04
80,1583.33,2985.04
81,1583.33,2985.04
82,1583.33,2985.04
83,1583.33,2985.04
84,1583.33,2985.04
85,1583.33,2985.04
86,1583.33,2985.04
87,1583.33,2985.04
88,1583.33,2985.04
89,1583.33,2985.04
90,1583.33,2985.04
91,1583.33,2985.38
92,1583.33,2985.82
93,1583.33,2986.26
94,1583.33,2986.6
95,1583.33,2986.93
96,1583.24,2987.37
97,1583.24,2987.81
98,1583.24,2988.15
99,1583.24,2988.48
100,1583.24,2988.92
101,1583.24,2988.92
102,1583.24,2988.92
103,1583.24,2988.92
104,1583.24,2988.92
105,1583.24,2988.92
106,1583.24,2988.92
107,1583.24,2988.92
108,1583.24,2988.92
109,1583.24,2988.92
110,1583.24,2988.92
111,1583.24,2988.92
112,1583.24,2988.92
113,1583.24,2988.92
114,1583.24,2988.92
115,1583.24,2988.92
116,1583.24,2988.92
117,1583.24,2988.92
118,1583.24,2988.92
119,1583.24,2988.92
120,1583.24,2988.92
121,1583.24,2988.92
122,1583.24,2988.92
123,1583.24,2988.92
124,1583.24,2988.92
125,1583.24,2988.92
126,1583.24,2988.92
127,1583.24,2988.92
128,1583.24,2988.92
129,1583.24,2988.92
130,1583.24,2988.92
131,1583.52,2989.15
132,1583.72,2989.37
133,1584.0,2989.59
134,1584.19,2989.81
135,1584.48,2990.03
136,1584.67,2990.25
137,1584.95,2990.48
138,1585.14,2990.7
139,1585.43,2990.92
140,1585.62,2991.14
141,1585.91,2991.36
142,1586.1,2991.58
143,1586.38,2991.81
144,1586.57,2992.03
145,1586.86,2992.25
146,1592.77,2989.81
147,1598.77,2987.48
148,1604.68,2985.04
149,1606.96,2983.93
150,1609.15,2982.83
151,1611.44,2981.72
152,1613.63,2980.61
153,1615.92,2979.39
154,1618.21,2978.28
155,1620.4,2977.17
156,1622.68,2976.06
157,1624.88,2974.95
158,1627.16,2973.84
159,1627.16,2973.84
160,1627.16,2973.84
161,1627.16,2973.84
162,1627.16,2973.84
163,1627.16,2973.84
164,1627.16,2973.84
165,1627.16,2973.84
166,1627.16,2973.84
167,1627.16,2973.84
168,1627.16,2973.84
169,1627.16,2973.84
170,1629.45,2970.52
171,1631.74,2967.19
172,1634.02,2963.76
173,1636.31,2960.43
174,1638.6,2957.1
175,1640.88,2953.78
176,1643.17,2950.45
177,1645.46,2947.01
178,1647.74,2943.69
179,1650.03,2940.36
180,1650.31,2928.94
181,1650.51,2917.63
182,1650.79,2906.21
183,1651.08,2894.79
184,1651.36,2883.48
185,1651.55,2872.06
186,1651.84,2860.64
187,1652.12,2849.22
188,1652.32,2837.91
189,1652.6,2826.49
190,1652.79,2817.62
191,1652.89,2808.75
192,1653.08,2799.88
193,1653.17,2791.01
194,1653.36,2782.26
195,1653.55,2773.39
196,1653.65,2764.52
197,1653.84,2755.65
198,1653.94,2746.78
199,1654.13,2737.91
200,1654.32,2729.04
201,1654.41,2720.17
202,1654.6,2711.3
203,1654.7,2702.43
204,1654.89,2693.56
205,1655.08,2684.8
206,1655.17,2675.93
207,1655.36,2667.06
208,1655.46,2658.19
209,1655.65,2649.32
210,1655.55,2648.1
211,1655.46,2646.77
212,1655.36,2645.55
213,1655.27,2644.33
214,1655.27,2643.0
215,1655.17,2641.78
216,1655.08,2640.56
217,1654.98,2639.34
218,1654.89,2638.01
219,1654.79,2636.79
220,1654.79,2636.79
221,1654.79,2636.79
222,1654.79,2636.79
223,1654.79,2636.79
224,1654.79,2636.79
225,1654.79,2636.79
226,1654.79,2636.79
227,1654.79,2636.79
228,1654.79,2636.79
229,1654.79,2636.79
230,1654.79,2636.79
231,1654.79,2636.79
232,1654.79,2636.79
233,1654.79,2636.79
234,1654.79,2636.79
235,1654.79,2636.79
236,1654.79,2636.79
237,1654.79,2636.79
238,1654.79,2636.79
239,1654.79,2636.79
240,1654.79,2636.79
241,1654.79,2636.79
242,1654.79,2636.79
243,1654.79,2636.79
244,1654.79,2636.79
245,1654.79,2636.79
246,1654.79,2636.79
247,1654.79,2636.79
248,1654.79,2636.79
249,1654.79,2636.79
250,1654.79,2636.79
251,1654.79,2636.79
252,1654.79,2636.79
253,1654.79,2636.79
254,1654.79,2636.79
255,1654.79,2636.79
256,1654.79,2636.79
257,1654.79,2636.79
258,1654.79,2636.79
259,1654.79,2636.79
260,1654.79,2636.79
261,1654.79,2636.79
262,1654.79,2636.79
263,1654.79,2636.79
264,1654.79,2636.79
265,1654.79,2636.79
266,1654.79,2636.79
267,1654.79,2636.79
268,1654.79,2636.79
269,1654.79,2636.79
270,1654.89,2636.57
271,1654.98,2636.35
272,1655.08,2636.12
273,1655.17,2635.9
274,1655.27,2635.68
275,1655.27,2635.46
276,1655.36,2635.24
277,1655.46,2635.02
278,1655.55,2634.79
279,1655.65,2634.57
280,1655.65,2634.57
281,1655.65,2634.57
282,1655.65,2634.57
283,1655.65,2634.57
284,1655.65,2634.57
285,1655.65,2634.57
286,1655.65,2634.57
287,1655.65,2634.57
288,1655.65,2634.57
289,1655.65,2634.57
290,1655.46,2634.13
291,1655.27,2633.57
292,1655.08,2633.13
293,1654.89,2632.58
294,1654.7,2632.13
295,1654.51,2631.69
296,1654.32,2631.14
297,1654.13,2630.69
298,1653.94,2630.14
299,1653.74,2629.69
300,1651.17,2626.48
301,1648.69,2623.37
302,1646.12,2620.16
303,1642.12,2619.49
304,1638.21,2618.94
305,1634.21,2618.27
306,1634.88,2622.93
307,1635.64,2627.7
308,1636.4,2632.47
309,1637.07,2637.12
310,1642.03,2631.69
311,1646.98,2626.26
312,1651.93,2620.82
313,1655.17,2611.95
314,1656.22,2605.41
315,1657.37,2598.98
316,1658.41,2592.44
317,1659.46,2586.01
318,1660.51,2579.47
319,1661.65,2573.04
320,1662.7,2566.5
321,1663.75,2559.95
322,1664.8,2553.52
323,1665.94,2546.98
324,1666.99,2540.55
325,1668.04,2534.01
326,1671.18,2524.25
327,1675.18,2515.94
328,1679.18,2507.73
329,1683.19,2499.42
330,1687.28,2491.21
331,1691.28,2482.9
332,1695.29,2474.69
333,1699.29,2466.38
334,1699.38,2465.05
335,1699.57,2463.72
336,1699.76,2462.5
337,1699.86,2461.17
338,1699.95,2459.84
339,1700.15,2458.51
340,1700.34,2457.17
341,1700.43,2455.96
342,1700.62,2454.62
343,1700.72,2453.29
344,1700.72,2453.29
345,1700.72,2453.29
346,1700.72,2453.29
347,1700.72,2453.29
348,1700.72,2453.29
349,1700.72,2453.29
350,1700.72,2453.29
351,1700.72,2453.29
352,1700.72,2453.29
353,1700.72,2453.29
354,1700.72,2453.29
355,1700.72,2453.29
356,1700.72,2453.29
357,1700.72,2453.29
358,1700.72,2453.29
359,1700.72,2453.29
360,1700.72,2453.29
361,1700.72,2453.29
362,1700.72,2453.29
363,1700.72,2453.29
364,1700.72,2453.29
365,1700.72,2453.29
366,1700.72,2453.29
367,1700.72,2453.29
368,1700.72,2453.29
369,1700.72,2453.29
370,1700.72,2453.29
371,1700.72,2453.29
372,1700.72,2453.29
373,1700.72,2453.29
374,1700.72,2453.29
375,1700.72,2453.29
376,1700.72,2453.29
377,1700.72,2453.29
378,1700.72,2453.29
379,1700.72,2453.29
380,1700.72,2453.29
381,1700.72,2453.29
382,1700.72,2453.29
383,1700.72,2453.29
384,1700.72,2453.29
385,1700.72,2453.29
386,1700.72,2453.29
387,1700.72,2453.29
388,1700.72,2453.29
389,1700.72,2453.29
390,1700.72,2453.29
391,1700.72,2453.29
392,1700.72,2453.29
393,1700.72,2453.29
394,1703.48,2451.63
395,1706.34,2449.86
396,1709.2,2448.19
397,1711.96,2446.53
398,1714.82,2444.76
399,1717.58,2443.09
400,1727.68,2439.77
401,1737.78,2436.55
402,1747.88,2433.23
403,1757.98,2429.9
404,1768.08,2426.57
405,1778.08,2423.36
406,1788.18,2420.03
407,1798.28,2416.71
408,1808.38,2413.38
409,1818.48,2410.16
410,1828.58,2406.84
411,1837.82,2407.84
412,1847.06,2408.72
413,1856.21,2409.72
414,1865.45,2410.72
415,1874.69,2411.72
416,1883.94,2412.6
417,1893.18,2413.6
418,1902.33,2414.6
419,1911.57,2415.49
420,1920.81,2416.48
421,1927.0,2417.59
422,1933.1,2418.7
423,1939.29,2419.7
424,1945.49,2420.81
425,1951.68,2421.92
426,1957.78,2423.03
427,1963.97,2424.13
428,1970.16,2425.13
429,1976.26,2426.24
430,1982.45,2427.35
431,1989.6,2431.01
432,1996.75,2434.67
433,2003.89,2438.33
434,2011.04,2441.99
435,2018.18,2445.75
436,2025.23,2449.41
437,2032.38,2453.07
438,2039.53,2456.73
439,2046.67,2460.39
440,2053.82,2464.05
441,2060.96,2467.71
442,2068.11,2471.37
443,2075.26,2475.03
444,2082.4,2478.68
445,2089.45,2482.34
446,2096.6,2486.11
447,2103.74,2489.77
448,2110.89,2493.43
449,2118.04,2497.09
450,2125.18,2500.75
451,2132.42,2502.3
452,2139.76,2503.74
453,2147.0,2505.29
454,2154.24,2506.74
455,2161.48,2508.29
456,2168.82,2509.73
457,2176.06,2511.17
458,2183.3,2512.72
459,2190.64,2514.16
460,2197.88,2515.72
461,2206.45,2508.18
462,2214.93,2500.53
463,2215.79,2498.31
464,2216.74,2496.09
465,2217.6,2493.87
466,2218.46,2491.66
467,2219.41,2489.44
468,2220.27,2487.11
469,2221.22,2484.89
470,2222.08,2482.68
471,2222.94,2480.46
472,2223.89,2478.24
473,2224.75,2476.02
474,2225.13,2476.02
475,2225.41,2476.13
476,2225.8,2476.13
477,2226.08,2476.13
478,2226.37,2476.25
479,2226.75,2476.25
480,2227.03,2476.25
481,2227.41,2476.25
482,2227.7,2476.36
483,2228.08,2476.36
484,2229.61,2475.03
485,2231.13,2473.69
486,2232.66,2472.25
487,2234.18,2470.92
488,2235.8,2469.59
489,2237.32,2468.26
490,2238.85,2466.82
491,2240.37,2465.49
492,2241.9,2464.16
493,2242.37,2463.61
494,2242.75,2462.94
495,2243.23,2462.39
496,2243.61,2461.72
497,2244.09,2461.17
498,2244.47,2460.61
499,2244.95,2459.95
500,2245.33,2459.39
501,2245.8,2458.84
502,2246.18,2458.17
503,2246.66,2457.62
504,2247.04,2456.95
505,2247.52,2456.4
506,2247.9,2455.84
507,2248.38,2455.18
508,2248.76,2454.62
509,2249.23,2454.07
510,2249.61,2453.41
511,2250.09,2452.85
512,2250.47,2452.19
513,2250.95,2451.63
514,2256.67,2448.08
515,2260.1,2443.65
516,2263.62,2439.32
517,2267.05,2434.89
518,2270.58,2430.57
519,2274.01,2426.13
520,2278.87,2427.57
521,2285.06,2429.35
522,2291.25,2431.01
523,2297.44,2432.78
524,2303.64,2434.56
525,2309.83,2436.22
526,2316.02,2437.99
527,2322.22,2439.66
528,2328.41,2441.43
529,2334.6,2443.2
530,2340.8,2444.87
531,2346.99,2446.64
532,2361.19,2454.07
533,2375.38,2461.39
534,2389.58,2468.82
535,2403.87,2476.25
536,2418.07,2483.56
537,2432.26,2490.99
538,2441.51,2506.51
539,2454.56,2512.72
540,2471.04,2512.72
541,2480.19,2518.04
542,2489.33,2523.37
543,2498.58,2528.69
544,2507.72,2534.01
545,2516.87,2539.33
546,2526.02,2544.54
547,2535.16,2549.86
548,2544.31,2555.19
549,2553.55,2560.51
550,2562.7,2565.83
551,2571.85,2571.15
552,2574.23,2573.04
553,2576.71,2575.03
554,2579.09,2576.92
555,2581.47,2578.8
556,2583.95,2580.8
557,2586.33,2582.68
558,2588.81,2584.68
559,2591.19,2586.56
560,2593.57,2588.45
561,2596.05,2590.44
562,2598.43,2592.33
563,2600.81,2594.21
564,2603.29,2596.21
565,2605.67,2598.09
566,2608.15,2600.09
567,2610.53,2601.98
568,2612.91,2603.86
569,2615.39,2605.86
570,2617.77,2607.74
571,2618.15,2608.07
572,2618.44,2608.41
573,2618.82,2608.74
574,2619.2,2609.07
575,2619.48,2609.4
576,2619.87,2609.63
577,2620.15,2609.96
578,2620.53,2610.29
579,2620.91,2610.62
580,2621.2,2610.96
581,2621.58,2611.29
582,2621.77,2611.4
583,2621.87,2611.51
584,2622.06,2611.62
585,2622.25,2611.73
586,2622.34,2611.84
587,2622.53,2612.06
588,2622.72,2612.18
589,2622.91,2612.29
590,2623.01,2612.4
591,2623.2,2612.51
592,2627.3,2614.95
593,2631.49,2617.28
594,2635.59,2619.72
595,2639.68,2622.15
596,2643.78,2624.59
597,2647.97,2626.92
598,2652.07,2629.36
599,2656.17,2631.8
600,2660.36,2634.13
601,2664.46,2636.57
602,2665.98,2638.01
603,2667.51,2639.34
604,2669.03,2640.78
605,2670.55,2642.11
606,2672.17,2643.55
607,2673.7,2644.88
608,2675.22,2646.32
609,2676.75,2647.66
610,2678.27,2649.1
611,2678.27,2649.1
612,2678.27,2649.1
613,2678.27,2649.1
614,2678.27,2649.1
615,2678.27,2649.1
616,2678.27,2649.1
617,2678.27,2649.1
618,2678.27,2649.1
619,2678.27,2649.1
620,2678.27,2649.1
621,2678.27,2649.1
622,2678.27,2649.1
623,2678.27,2649.1
624,2678.27,2649.1
625,2678.27,2649.1
626,2678.27,2649.1
627,2678.27,2649.1
628,2678.27,2649.1
629,2678.27,2649.1
630,2678.27,2649.1
631,2678.27,2649.1
632,2678.27,2649.1
633,2678.27,2649.1
634,2678.27,2649.1
635,2678.27,2649.1
636,2678.27,2649.1
637,2678.27,2649.1
638,2678.27,2649.1
639,2678.27,2649.1
640,2678.27,2649.1
641,2678.27,2649.1
642,2678.27,2649.1
643,2678.27,2649.1
644,2678.27,2649.1
645,2678.27,2649.1
646,2678.27,2649.1
647,2678.27,2649.1
648,2678.27,2649.1
649,2678.27,2649.1
650,2678.27,2649.1
651,2678.27,2649.1
652,2678.27,2649.1
653,2678.27,2649.1
654,2678.27,2649.1
655,2678.27,2649.1
656,2678.27,2649.1
657,2678.27,2649.1
658,2678.27,2649.1
659,2678.27,2649.1
660,2678.27,2649.1
661,2678.27,2649.1
662,2678.27,2649.1
663,2678.27,2649.21
664,2678.27,2649.21
665,2678.27,2649.32
666,2678.27,2649.32
667,2678.27,2649.32
668,2678.27,2649.43
669,2678.27,2649.43
670,2678.27,2649.54
671,2678.27,2649.54
672,2678.27,2649.54
673,2678.27,2649.54
674,2678.27,2649.54
675,2678.27,2649.54
676,2678.27,2649.54
677,2678.27,2649.54
678,2678.27,2649.54
679,2678.27,2649.54
680,2678.27,2649.54
681,2678.27,2649.54
682,2678.27,2649.54
683,2678.27,2649.54
684,2678.27,2649.54
685,2678.27,2649.54
686,2678.27,2649.54
687,2678.27,2649.54
688,2678.27,2649.54
689,2678.27,2649.54
690,2678.27,2649.54
691,2678.27,2649.54
692,2678.27,2649.54
693,2678.27,2649.54
694,2678.27,2649.54
695,2678.27,2649.54
696,2678.27,2649.54
697,2678.27,2649.54
698,2678.27,2649.54
699,2678.27,2649.54
700,2678.27,2649.54
701,2678.27,2649.54
702,2678.27,2649.54
703,2678.27,2649.54
704,2678.27,2649.54
705,2678.27,2649.54
706,2678.27,2649.54
707,2678.27,2649.54
708,2678.27,2649.54
709,2678.27,2649.54
710,2678.27,2649.54
711,2678.27,2649.54
712,2678.27,2649.54
713,2678.27,2649.54
714,2678.27,2649.54
715,2678.27,2649.54
716,2678.27,2649.54
717,2678.27,2649.54
718,2678.27,2649.54
719,2678.27,2649.54
720,2678.27,2649.54
721,2678.27,2649.54
722,2678.27,2649.54
723,2678.27,2649.54
724,2678.27,2649.54
725,2678.27,2649.54
726,2678.27,2649.54
727,2678.27,2649.65
728,2678.27,2649.65
729,2678.27,2649.65
730,2678.27,2649.65
731,2678.27,2649.65
732,2679.32,2650.76
733,2680.27,2651.87
734,2681.32,2652.87
735,2682.37,2653.98
736,2683.42,2655.08
737,2684.37,2656.19
738,2685.42,2657.19
739,2686.47,2658.3
740,2687.42,2659.41
741,2688.47,2660.52
742,2689.51,2661.63
743,2690.56,2662.62
744,2691.52,2663.73
745,2692.56,2664.84
746,2698.47,2669.83
747,2704.47,2674.71
748,2710.48,2679.59
749,2716.38,2684.58
750,2720.96,2682.36
751,2727.05,2688.46
752,2733.25,2694.55
753,2739.35,2700.65
754,2745.54,2706.75
755,2751.64,2712.74
756,2757.73,2718.84
757,2763.93,2724.93
758,2770.02,2731.03
759,2776.22,2737.13
760,2782.32,2743.23
761,2790.51,2749.99
762,2798.7,2756.75
763,2806.9,2763.52
764,2815.09,2770.28
765,2823.38,2777.04
766,2831.57,2783.92
767,2839.77,2790.68
768,2847.96,2797.45
769,2856.16,2804.21
770,2864.35,2810.97
771,2873.12,2816.85
772,2881.79,2822.72
773,2890.55,2828.71
774,2899.32,2834.59
775,2907.99,2840.46
776,2916.75,2846.34
777,2923.14,2841.13
778,2929.52,2835.92
779,2934.0,2828.82
780,2938.48,2821.84
781,2942.95,2814.74
782,2939.62,2808.42
783,2936.29,2802.21
784,2932.95,2795.89
785,2939.91,2807.76
786,2946.96,2819.62
787,2953.91,2831.48
788,2975.35,2856.43
789,2989.07,2863.75
790,3002.79,2871.18
791,3016.51,2878.49
792,3030.23,2885.92
793,3043.95,2893.24
794,3057.76,2900.56
795,3071.48,2907.99
796,3085.21,2915.3
797,3098.93,2922.73
798,3112.65,2930.05
799,3126.37,2937.37
800,3140.09,2944.8
801,3153.81,2952.11
802,3167.53,2959.43
803,3181.25,2966.86
804,3194.97,2974.18
805,3208.69,2981.61
806,3222.5,2988.92
807,3236.22,2996.24
808,3249.94,3003.67
809,3263.66,3010.99
810,3277.38,3018.42
811,3291.1,3025.73
812,3304.73,3033.72
813,3318.26,3041.81
814,3331.88,3049.9
815,3345.51,3057.89
816,3354.84,3057.55
817,3364.18,3057.22
818,3373.61,3056.89
819,3382.95,3056.56
820,3392.29,3056.11
821,3401.62,3055.78
822,3411.06,3055.45
823,3420.39,3055.11
824,3429.73,3054.78
825,3432.4,3063.98
826,3433.83,3063.76
827,3435.26,3063.54
828,3436.78,3063.32
829,3438.21,3063.1
830,3439.64,3062.88
831,3441.07,3062.77
832,3442.5,3062.54
833,3443.93,3062.32
834,3445.36,3062.1
835,3446.88,3061.88
836,3448.31,3061.66
837,3449.74,3061.43
838,3449.74,3061.43
839,3449.74,3061.43
840,3449.74,3061.43
841,3449.74,3061.43
842,3449.74,3061.43
843,3449.74,3061.43
844,3449.74,3061.43
845,3449.74,3061.43
846,3449.74,3061.43
847,3449.74,3061.43
848,3449.74,3061.43
849,3449.74,3061.43
850,3449.74,3061.43
851,3449.74,3061.43
852,3449.74,3061.43
853,3449.74,3061.43
854,3449.74,3061.43
855,3449.74,3061.43
856,3449.74,3061.43
857,3449.74,3061.43
858,3449.74,3061.43
859,3449.74,3061.43
860,3449.74,3061.43
861,3449.74,3061.43
862,3449.74,3061.43
863,3449.74,3061.43
864,3449.74,3061.43
865,3449.74,3061.43
866,3449.74,3061.43
867,3449.74,3061.43
868,3449.74,3061.43
869,3449.74,3061.43
870,3449.74,3061.43
871,3449.74,3061.43
872,3449.74,3061.43
873,3449.74,3061.43
874,3449.74,3061.43
875,3449.74,3061.43
876,3449.74,3061.43
877,3449.74,3061.43
878,3449.74,3061.43
879,3449.74,3061.43
880,3449.74,3061.43
881,3449.74,3061.43
882,3449.74,3061.43
883,3449.74,3061.43
884,3449.74,3061.43
885,3449.74,3061.43
886,3449.74,3061.32
887,3449.83,3061.1
888,3449.83,3060.99
889,3449.93,3060.77
890,3450.03,3060.55
891,3450.03,3060.44
892,3450.12,3060.21
893,3450.12,3060.1
894,3450.22,3059.88
895,3450.22,3059.77
896,3450.22,3059.77
897,3450.22,3059.77
898,3450.22,3059.77
899,3450.22,3059.77
900,3450.22,3059.77
901,3450.22,3059.77
902,3450.22,3059.77
903,3450.22,3059.77
904,3450.22,3059.77
905,3450.22,3059.77
906,3450.22,3059.77
907,3451.26,3059.0
908,3452.41,3058.33
909,3453.46,3057.55
910,3454.5,3056.78
911,3455.65,3056.0
912,3456.69,3055.23
913,3457.84,3054.56
914,3458.89,3053.78
915,3465.56,3052.45
916,3472.32,3051.12
917,3478.99,3049.79
918,3485.75,3048.46
919,3492.42,3047.13
920,3499.09,3045.8
921,3505.86,3044.36
922,3512.53,3043.03
923,3519.29,3041.7
924,3525.96,3040.37
925,3532.73,3039.04
926,3539.4,3037.71
927,3544.45,3033.38
928,3549.59,3029.06
929,3554.64,3024.85
930,3559.79,3020.52
931,3564.84,3016.2
932,3569.89,3011.87
933,3575.03,3007.55
934,3580.08,3003.34
935,3585.23,2999.01
936,3590.28,2994.69
937,3599.14,3000.01
938,3608.0,3005.22
939,3616.86,3010.43
940,3625.72,3015.75
941,3634.58,3021.08
942,3643.44,3026.29
943,3652.3,3031.61
944,3661.16,3036.82
945,3670.02,3042.14
