0,2458.85,2172.23
1,2460.85,2168.79
2,2462.94,2165.36
3,2464.94,2161.92
4,2467.04,2158.48
5,2468.85,2154.71
6,2470.76,2151.05
7,2472.57,2147.39
8,2474.47,2143.63
9,2476.28,2139.86
10,2478.19,2136.2
11,2480.0,2132.43
12,2481.9,2128.77
13,2483.71,2125.11
14,2485.62,2121.34
15,2487.43,2117.57
16,2489.24,2113.91
17,2491.15,2110.25
18,2492.96,2106.48
19,2494.86,2102.71
20,2496.67,2099.05
21,2498.58,2095.28
22,2500.39,2091.63
23,2502.29,2087.97
24,2504.1,2084.2
25,2504.58,2082.42
26,2504.96,2080.54
27,2505.34,2078.76
28,2505.82,2076.99
29,2506.29,2075.11
30,2506.68,2073.33
31,2507.15,2071.56
32,2507.53,2069.78
33,2507.91,2067.9
34,2508.39,2066.12
35,2509.82,2061.69
36,2511.25,2057.37
37,2512.68,2052.93
38,2514.11,2048.5
39,2515.54,2044.06
40,2516.97,2039.74
41,2518.39,2035.3
42,2519.82,2030.87
43,2521.25,2026.54
44,2522.68,2022.11
45,2523.64,2019.23
46,2524.68,2016.45
47,2525.64,2013.57
48,2526.68,2010.8
49,2527.64,2007.92
50,2528.59,2005.03
51,2529.64,2002.26
52,2530.59,1999.38
53,2531.54,1996.5
54,2532.59,1993.72
55,2533.54,1990.84
56,2534.59,1988.07
57,2535.54,1985.19
58,2535.45,1984.08
59,2535.26,1982.86
60,2535.16,1981.75
61,2535.07,1980.64
62,2534.97,1979.53
63,2534.78,1978.31
64,2534.69,1977.2
65,2534.59,1976.87
66,2534.59,1976.65
67,2534.5,1976.32
68,2534.5,1976.1
69,2534.4,1975.76
70,2534.4,1975.54
71,2534.31,1975.21
72,2534.31,1974.99
73,2534.21,1974.65
74,2534.21,1974.32
75,2534.12,1974.1
76,2534.02,1973.77
77,2534.02,1973.55
78,2533.93,1973.21
79,2533.93,1972.99
80,2533.83,1972.66
81,2533.83,1972.44
82,2533.73,1972.1
83,2533.73,1971.88
84,2533.64,1971.55
85,2531.83,1970.88
86,2529.92,1970.22
87,2528.02,1969.66
88,2526.21,1969.0
89,2524.4,1968.33
90,2522.49,1967.67
91,2518.68,1966.34
92,2514.96,1965.12
93,2511.15,1963.79
94,2507.44,1962.46
95,2503.63,1961.24
96,2499.91,1959.91
97,2496.1,1958.58
98,2492.38,1957.25
99,2488.67,1956.03
100,2484.86,1954.7
101,2484.86,1954.7
102,2484.86,1954.7
103,2484.86,1954.7
104,2484.86,1954.7
105,2484.86,1954.7
106,2484.86,1954.7
107,2484.86,1954.7
108,2484.86,1954.7
109,2484.86,1954.7
110,2484.86,1954.7
111,2484.48,1954.14
112,2484.09,1953.59
113,2483.62,1953.14
114,2483.24,1952.59
115,2482.86,1952.04
116,2482.47,1951.48
117,2482.09,1950.93
118,2481.62,1950.48
119,2481.24,1949.93
120,2480.86,1949.37
121,2480.86,1949.37
122,2480.86,1949.37
123,2480.86,1949.37
124,2480.86,1949.37
125,2480.86,1949.37
126,2480.86,1949.37
127,2480.86,1949.37
128,2480.86,1949.37
129,2480.86,1949.37
130,2480.86,1949.37
131,2480.86,1949.37
132,2480.86,1949.37
133,2480.86,1949.37
134,2480.86,1949.37
135,2480.86,1949.37
136,2480.86,1949.37
137,2480.86,1949.37
138,2480.86,1949.37
139,2480.86,1949.37
140,2480.86,1949.37
141,2480.86,1949.37
142,2480.86,1949.37
143,2480.86,1949.37
144,2480.86,1949.37
145,2480.86,1949.37
146,2480.86,1949.37
147,2480.86,1949.37
148,2480.86,1949.37
149,2480.86,1949.37
150,2480.86,1949.37
151,2477.9,1948.27
152,2474.95,1947.27
153,2471.99,1946.27
154,2469.04,1945.16
155,2466.09,1944.05
156,2463.13,1943.06
157,2460.18,1941.95
158,2457.23,1940.95
159,2454.27,1939.84
160,2451.32,1938.84
161,2445.41,1936.29
162,2439.6,1933.74
163,2433.69,1931.08
164,2427.88,1928.53
165,2421.97,1925.98
166,2416.07,1923.43
167,2410.25,1920.88
168,2404.35,1918.22
169,2398.53,1915.67
170,2392.63,1913.12
171,2390.15,1912.79
172,2387.67,1912.34
173,2385.2,1911.9
174,2382.72,1911.57
175,2380.24,1911.23
176,2377.76,1910.79
177,2375.29,1910.35
178,2372.81,1910.01
179,2370.33,1909.68
180,2367.86,1909.24
181,2365.19,1907.69
182,2362.42,1906.13
183,2359.76,1904.69
184,2356.99,1903.14
185,2354.23,1901.59
186,2351.56,1900.04
187,2348.8,1898.48
188,2346.13,1897.04
189,2343.37,1895.49
190,2340.7,1893.94
191,2341.18,1890.83
192,2341.65,1887.73
193,2342.13,1884.51
194,2342.7,1881.41
195,2343.18,1878.31
196,2343.65,1875.2
197,2344.13,1872.1
198,2344.61,1868.88
199,2345.08,1865.78
200,2345.56,1862.67
201,2346.13,1859.57
202,2346.61,1856.46
203,2347.08,1853.36
204,2347.56,1850.14
205,2348.04,1847.04
206,2348.51,1843.93
207,2348.99,1840.83
208,2349.56,1837.73
209,2350.04,1834.51
210,2350.51,1831.41
211,2350.99,1828.3
212,2351.94,1821.21
213,2352.99,1814.22
214,2353.94,1807.12
215,2354.9,1800.03
216,2355.95,1793.04
217,2356.9,1785.95
218,2357.85,1778.85
219,2358.9,1771.87
220,2359.85,1764.77
221,2360.52,1759.89
222,2361.19,1755.01
223,2361.85,1750.14
224,2362.52,1745.26
225,2363.19,1740.49
226,2363.85,1735.61
227,2364.52,1730.73
228,2365.19,1725.85
229,2365.85,1720.98
230,2366.52,1716.1
231,2366.62,1715.99
232,2366.71,1715.88
233,2366.9,1715.88
234,2367.0,1715.76
235,2367.09,1715.65
236,2367.19,1715.54
237,2367.28,1715.43
238,2367.47,1715.43
239,2367.57,1715.32
240,2367.66,1715.21
241,2367.66,1715.21
242,2367.66,1715.21
243,2367.66,1715.21
244,2367.66,1715.21
245,2367.66,1715.21
246,2367.66,1715.21
247,2367.66,1715.21
248,2367.66,1715.21
249,2367.66,1715.21
250,2367.66,1715.21
251,2368.05,1713.66
252,2368.52,1712.0
253,2368.9,1710.44
254,2369.38,1708.89
255,2369.76,1707.23
256,2370.24,1705.68
257,2370.62,1704.12
258,2371.09,1702.46
259,2371.48,1700.91
260,2371.95,1699.36
261,2372.33,1697.69
262,2372.81,1696.14
263,2373.19,1694.59
264,2373.67,1692.92
265,2374.05,1691.37
266,2374.62,1687.82
267,2375.19,1684.28
268,2375.76,1680.73
269,2376.33,1677.18
270,2376.81,1673.63
271,2377.38,1670.09
272,2377.95,1666.54
273,2378.53,1662.99
274,2379.1,1659.44
275,2379.67,1655.89
276,2380.24,1652.35
277,2380.81,1648.8
278,2381.29,1645.25
279,2381.86,1641.7
280,2382.43,1638.15
281,2383.0,1634.61
282,2383.58,1631.06
283,2384.15,1627.51
284,2384.72,1623.96
285,2385.29,1620.41
286,2385.86,1616.87
287,2386.34,1613.32
288,2386.91,1609.77
289,2387.48,1606.22
290,2388.05,1602.67
291,2388.63,1599.13
292,2389.2,1595.58
293,2389.77,1592.03
294,2390.34,1588.48
295,2390.82,1584.93
296,2391.39,1581.39
297,2391.96,1577.84
298,2392.53,1574.29
299,2393.1,1570.74
300,2393.68,1567.19
301,2394.25,1563.65
302,2394.82,1560.1
303,2395.39,1556.55
304,2395.87,1553.0
305,2396.44,1549.45
306,2397.01,1545.91
307,2397.58,1542.36
308,2398.15,1538.81
309,2398.73,1535.26
310,2399.3,1531.72
311,2399.87,1528.17
312,2400.44,1524.62
313,2400.92,1521.07
314,2401.49,1517.52
315,2402.06,1513.98
316,2402.63,1510.43
317,2403.2,1506.88
318,2403.78,1503.33
319,2404.35,1499.78
320,2404.92,1496.24
321,2405.39,1492.69
322,2405.97,1489.14
323,2406.54,1485.59
324,2407.11,1482.04
325,2407.68,1478.5
326,2407.87,1476.94
327,2408.06,1475.39
328,2408.35,1473.84
329,2408.54,1472.29
330,2408.73,1470.73
331,2408.92,1469.18
332,2409.11,1467.63
333,2409.4,1466.08
334,2409.59,1464.53
335,2409.78,1462.97
336,2409.78,1462.97
337,2409.78,1462.97
338,2409.78,1462.97
339,2409.78,1462.97
340,2409.78,1462.97
341,2409.78,1462.97
342,2409.78,1462.97
343,2409.78,1462.97
344,2409.78,1462.97
345,2409.78,1462.97
346,2410.06,1461.98
347,2410.35,1461.09
348,2410.64,1460.09
349,2410.92,1459.09
350,2411.21,1458.1
351,2411.59,1457.21
352,2411.87,1456.21
353,2412.16,1455.21
354,2412.45,1454.33
355,2412.73,1453.33
356,2412.73,1453.11
357,2412.73,1453.0
358,2412.83,1452.77
359,2412.83,1452.66
360,2412.83,1452.44
361,2412.83,1452.33
362,2412.83,1452.22
363,2412.92,1452.0
364,2412.92,1451.89
365,2412.92,1451.66
366,2413.02,1451.44
367,2413.11,1451.11
368,2413.21,1450.89
369,2413.3,1450.67
370,2413.4,1450.44
371,2413.4,1450.11
372,2413.49,1449.89
373,2413.59,1449.67
374,2413.68,1449.34
375,2413.78,1449.11
376,2413.87,1448.89
377,2413.97,1448.56
378,2414.07,1448.34
379,2414.16,1448.12
380,2414.16,1447.78
381,2414.26,1447.56
382,2414.35,1447.34
383,2414.45,1447.12
384,2414.54,1446.79
385,2414.64,1446.56
386,2414.92,1443.9
387,2415.21,1441.24
388,2415.49,1438.58
389,2415.78,1435.92
390,2416.07,1433.26
391,2416.35,1430.6
392,2416.64,1427.94
393,2416.92,1425.28
394,2417.21,1422.62
395,2417.5,1419.95
396,2417.59,1416.74
397,2417.78,1413.52
398,2417.88,1410.31
399,2418.07,1407.09
400,2418.26,1403.88
401,2418.35,1400.66
402,2418.45,1397.45
403,2418.64,1394.23
404,2418.83,1391.02
405,2418.92,1387.8
406,2419.02,1387.25
407,2419.02,1386.69
408,2419.11,1386.03
409,2419.21,1385.47
410,2419.31,1384.92
411,2419.31,1384.36
412,2419.4,1383.81
413,2419.5,1383.14
414,2419.5,1382.59
415,2419.59,1382.04
416,2418.73,1379.04
417,2417.88,1376.05
418,2417.02,1373.06
419,2416.16,1370.06
420,2415.3,1367.07
421,2410.92,1363.96
422,2406.54,1360.97
423,2402.16,1357.87
424,2397.77,1354.87
425,2393.39,1351.77
426,2388.05,1349.11
427,2382.81,1346.45
428,2377.48,1343.78
429,2372.24,1341.23
430,2366.9,1338.57
431,2361.66,1335.91
432,2356.33,1333.25
433,2351.09,1330.59
434,2345.75,1327.93
435,2340.51,1325.38
436,2335.27,1322.72
437,2329.93,1320.06
438,2324.6,1317.4
439,2319.36,1314.74
440,2314.02,1312.08
441,2308.78,1309.41
442,2303.54,1306.86
443,2298.21,1304.2
444,2292.87,1301.54
445,2287.63,1298.88
446,2283.25,1296.77
447,2278.96,1294.78
448,2274.58,1292.67
449,2270.29,1290.68
450,2265.91,1288.57
451,2261.62,1286.46
452,2257.24,1284.47
453,2252.85,1282.36
454,2248.57,1280.37
455,2244.18,1278.26
456,2239.9,1276.26
457,2235.51,1274.16
458,2234.85,1273.82
459,2234.18,1273.49
460,2233.51,1273.16
461,2232.85,1272.83
462,2232.18,1272.49
463,2231.51,1272.16
464,2230.84,1271.83
465,2230.18,1271.5
466,2229.51,1271.16
467,2229.51,1271.16
468,2229.51,1271.16
469,2229.51,1271.16
470,2229.51,1271.16
471,2229.51,1271.16
472,2229.51,1271.16
473,2229.51,1271.16
474,2229.51,1271.16
475,2229.51,1271.16
476,2229.51,1271.16
477,2229.51,1271.16
478,2229.51,1271.16
479,2229.51,1271.16
480,2229.51,1271.16
481,2228.84,1270.94
482,2228.18,1270.72
483,2227.51,1270.5
484,2226.84,1270.28
485,2226.27,1270.05
486,2225.6,1269.83
487,2224.94,1269.61
488,2224.27,1269.39
489,2223.6,1269.17
490,2219.03,1268.83
491,2214.55,1268.5
492,2209.98,1268.28
493,2205.5,1267.95
494,2200.93,1267.61
495,2196.35,1267.28
496,2191.88,1267.06
497,2187.3,1266.73
498,2182.82,1266.4
499,2178.25,1266.06
500,2173.68,1265.84
501,2169.2,1265.51
502,2164.63,1265.18
503,2160.05,1264.84
504,2155.58,1264.62
505,2151.0,1264.29
506,2146.52,1263.96
507,2141.95,1263.73
508,2137.38,1263.4
509,2132.9,1263.07
510,2128.33,1262.74
511,2123.85,1262.4
512,2119.27,1262.18
513,2114.7,1261.85
514,2110.22,1261.52
515,2105.65,1261.18
516,2101.17,1260.96
517,2096.6,1260.63
518,2071.35,1263.07
519,2071.35,1263.07
520,2071.35,1263.07
521,2071.35,1263.07
522,2071.35,1263.07
523,2071.35,1263.07
524,2071.35,1263.07
525,2071.35,1263.07
526,2071.35,1263.07
527,2071.35,1263.07
528,2071.35,1263.07
529,2071.35,1263.07
530,2071.35,1263.07
531,2071.35,1263.07
532,2071.35,1263.07
533,2071.35,1263.07
534,2071.35,1263.07
535,2071.35,1263.07
536,2071.35,1263.07
537,2071.35,1263.07
538,2071.35,1263.07
539,2071.35,1263.07
540,2071.35,1263.07
541,2071.35,1263.07
542,2071.35,1263.07
543,2071.35,1263.07
544,2071.35,1263.07
545,2071.35,1263.07
546,2071.35,1263.07
547,2071.35,1263.07
548,2071.35,1263.07
549,2071.35,1263.07
550,2071.35,1263.07
551,2071.35,1263.07
552,2071.35,1263.07
553,2071.35,1263.07
554,2071.35,1263.07
555,2071.35,1263.07
556,2071.35,1263.07
557,2071.35,1263.07
558,2071.35,1263.07
559,2071.35,1263.07
560,2071.35,1263.07
561,2071.35,1263.07
562,2071.35,1263.07
563,2071.35,1263.07
564,2071.35,1263.07
565,2071.35,1263.07
566,2071.35,1263.07
567,2071.35,1263.07
568,2071.35,1263.07
569,2071.35,1263.07
570,2071.35,1263.07
571,2071.35,1263.07
572,2071.35,1263.07
573,2071.35,1263.07
574,2071.35,1263.07
575,2071.35,1263.07
576,2071.35,1263.07
577,2071.35,1263.07
578,2071.35,1263.07
579,2071.35,1263.07
580,2071.35,1263.07
581,2071.35,1263.07
582,2071.35,1263.07
583,2071.35,1263.07
584,2071.35,1263.07
585,2071.35,1263.07
586,2071.35,1263.07
587,2071.35,1263.07
588,2071.35,1263.07
589,2071.35,1263.07
590,2071.35,1263.07
591,2071.35,1263.07
592,2071.35,1263.07
593,2071.35,1263.07
594,2071.35,1263.07
595,2071.35,1263.07
596,2071.35,1263.07
597,2071.35,1263.07
598,2071.35,1263.07
599,2071.35,1263.07
600,2071.35,1263.07
601,2071.35,1263.07
602,2071.35,1263.07
603,2071.35,1263.07
604,2071.35,1263.07
605,2071.35,1263.07
606,2067.44,1263.51
607,2063.54,1264.07
608,2059.63,1264.51
609,2055.72,1264.95
610,2051.82,1265.4
611,2047.91,1265.95
612,2044.0,1266.4
613,2040.1,1266.84
614,2036.19,1267.39
615,2032.29,1267.84
616,2028.38,1268.28
617,2024.47,1268.83
618,2020.57,1269.28
619,2016.66,1269.72
620,2012.75,1270.28
621,2008.85,1270.72
622,2004.94,1271.16
623,2001.03,1271.61
624,1997.13,1272.16
625,1993.22,1272.6
626,1985.98,1272.16
627,1978.83,1271.72
628,1971.59,1271.27
629,1964.35,1270.83
630,1957.21,1270.39
631,1949.96,1269.94
632,1942.72,1269.5
633,1935.48,1269.06
634,1928.34,1268.61
635,1921.1,1268.17
636,1915.86,1266.95
637,1910.61,1265.84
638,1905.47,1264.73
639,1900.23,1263.51
640,1894.99,1262.29
641,1889.75,1261.18
642,1884.51,1260.08
643,1879.36,1258.86
644,1874.12,1257.64
645,1868.88,1256.53
646,1861.55,1255.09
647,1854.31,1253.53
648,1846.97,1252.09
649,1839.63,1250.65
650,1832.3,1249.21
651,1825.05,1247.66
652,1817.72,1246.22
653,1810.38,1244.77
654,1803.14,1243.22
655,1795.8,1241.78
656,1786.47,1240.45
657,1777.03,1239.12
658,1767.7,1237.68
659,1758.36,1236.35
660,1749.02,1235.02
661,1739.59,1233.69
662,1730.25,1232.36
663,1720.92,1230.92
664,1711.48,1229.59
665,1702.15,1228.25
666,1694.71,1226.7
667,1687.28,1225.26
668,1679.85,1223.71
669,1672.42,1222.27
670,1664.99,1220.83
671,1657.56,1219.27
672,1650.12,1217.83
673,1642.69,1216.28
674,1635.26,1214.84
675,1627.83,1213.29
676,1620.4,1211.73
677,1612.97,1210.29
678,1605.53,1208.74
679,1598.1,1207.3
680,1590.67,1205.86
681,1583.24,1204.31
682,1575.81,1202.86
683,1568.38,1201.31
684,1560.94,1199.87
685,1553.51,1198.32
686,1544.94,1196.55
687,1536.36,1194.88
688,1527.88,1193.11
689,1519.31,1191.44
690,1510.73,1189.67
691,1502.16,1187.9
692,1493.58,1186.23
693,1485.1,1184.46
694,1476.53,1182.8
695,1467.95,1181.02
696,1462.9,1179.58
697,1457.76,1178.03
698,1452.71,1176.59
699,1447.56,1175.04
700,1442.51,1173.59
701,1437.37,1172.04
702,1432.32,1170.6
703,1427.17,1169.05
704,1422.12,1167.61
705,1416.98,1166.05
706,1411.93,1164.61
707,1406.78,1163.06
708,1401.73,1161.62
709,1389.06,1158.07
710,1376.48,1154.63
711,1363.81,1151.09
712,1351.14,1147.54
713,1338.47,1143.99
714,1325.89,1140.55
715,1313.22,1137.01
716,1304.55,1131.57
717,1295.78,1126.03
718,1287.02,1120.6
719,1278.35,1115.16
720,1269.68,1109.73
721,1260.91,1104.19
722,1252.24,1098.75
723,1243.48,1093.32
724,1234.81,1087.78
725,1226.04,1082.35
726,1219.94,1080.46
727,1213.84,1078.58
728,1207.75,1076.69
729,1201.65,1074.81
730,1195.55,1072.92
731,1189.45,1070.93
732,1183.36,1069.04
733,1177.26,1067.16
734,1171.16,1065.27
735,1165.06,1063.39
736,1158.87,1061.5
737,1152.77,1059.62
738,1146.67,1057.73
739,1140.58,1055.85
740,1134.48,1053.96
741,1128.38,1051.97
742,1122.28,1050.08
743,1116.18,1048.2
744,1110.09,1046.31
745,1103.99,1044.43
746,1103.99,1044.43
747,1103.99,1044.43
748,1103.99,1044.43
749,1103.99,1044.43
750,1103.99,1044.43
751,1103.99,1044.43
752,1103.99,1044.43
753,1103.99,1044.43
754,1103.99,1044.43
755,1103.99,1044.43
756,1103.99,1044.43
757,1103.99,1044.43
758,1103.99,1044.43
759,1103.99,1044.43
760,1103.99,1044.43
761,1103.99,1044.43
762,1103.99,1044.43
763,1103.99,1044.43
764,1103.99,1044.43
765,1103.99,1044.43
766,1103.99,1044.43
767,1103.99,1044.43
768,1103.99,1044.43
769,1103.99,1044.43
770,1103.99,1044.43
771,1103.99,1044.43
772,1103.99,1044.43
773,1103.99,1044.43
774,1103.99,1044.43
775,1103.99,1044.43
776,1103.99,1044.43
777,1103.99,1044.43
778,1103.99,1044.43
779,1103.99,1044.43
780,1103.99,1044.43
781,1103.99,1044.43
782,1103.99,1044.43
783,1103.99,1044.43
784,1103.99,1044.43
785,1103.99,1044.43
786,1103.32,1044.21
787,1102.75,1043.98
788,1102.08,1043.76
789,1101.51,1043.65
790,1100.84,1043.43
791,1100.18,1043.21
792,1099.61,1042.99
793,1098.94,1042.76
794,1098.37,1042.54
795,1097.7,1042.32
796,1097.03,1042.21
797,1096.46,1041.99
798,1095.8,1041.77
799,1095.22,1041.54
800,1094.56,1041.32
801,1093.89,1041.1
802,1093.32,1040.99
803,1092.65,1040.77
804,1092.08,1040.55
805,1091.41,1040.32
806,1086.93,1039.22
807,1082.55,1038.11
808,1078.07,1037.11
809,1073.6,1036.0
810,1069.21,1034.89
811,1064.73,1033.78
812,1060.35,1032.67
813,1055.87,1031.57
814,1051.4,1030.57
815,1047.01,1029.46
816,1042.53,1028.35
817,1034.72,1025.91
818,1026.91,1023.58
819,1019.0,1021.14
820,1011.19,1018.7
821,1003.38,1016.26
822,995.56,1013.94
823,987.75,1011.5
824,979.84,1009.06
825,972.03,1006.73
826,964.22,1004.29
827,955.07,1001.63
828,945.92,998.86
829,936.87,996.2
830,927.72,993.43
831,918.58,990.76
832,909.43,987.99
833,900.38,985.33
834,891.23,982.56
835,882.09,979.9
836,874.94,977.57
837,867.89,975.24
838,860.74,972.91
839,853.69,970.59
840,846.55,968.26
841,839.5,965.93
842,832.45,963.6
843,825.3,961.27
844,818.15,958.94
845,811.1,956.62
846,807.77,958.61
847,804.34,960.61
848,801.0,962.6
849,797.67,964.6
850,794.33,966.59
851,790.9,968.59
852,787.57,970.47
853,784.24,972.47
854,780.81,974.47
855,777.47,976.46
856,774.14,978.46
857,770.71,980.45
858,767.37,982.45
859,764.04,984.44
860,760.7,986.44
861,757.27,988.44
862,753.94,990.43
863,750.6,992.43
864,747.17,994.42
865,743.84,996.42
866,740.5,998.3
867,737.07,1000.3
868,733.74,1002.29
869,730.4,1004.29
870,727.07,1006.29
871,723.64,1008.28
872,720.3,1010.28
873,719.54,1016.93
874,718.68,1023.58
875,717.92,1030.24
876,717.16,1036.89
877,716.3,1043.54
878,715.54,1050.19
879,714.78,1056.84
880,714.02,1063.5
881,713.16,1070.15
882,712.4,1076.8
883,712.2,1077.69
884,712.11,1078.69
885,711.92,1079.57
886,711.73,1080.46
887,711.63,1081.35
888,711.44,1082.35
889,711.25,1083.23
890,711.06,1084.12
891,710.97,1085.12
892,710.78,1086.0
893,710.49,1087.33
894,710.2,1088.55
895,709.82,1089.88
896,709.54,1091.22
897,709.25,1092.55
898,708.97,1093.77
899,708.68,1095.1
900,708.3,1096.43
901,708.01,1097.65
902,707.73,1098.98
903,707.54,1100.31
904,707.35,1101.64
905,707.16,1102.97
906,706.96,1104.3
907,706.77,1105.63
908,706.58,1107.07
909,706.39,1108.4
910,706.2,1109.73
911,706.01,1111.06
912,705.82,1112.39
913,708.3,1113.5
914,710.87,1114.61
915,713.35,1115.72
916,715.92,1116.83
917,718.4,1117.94
918,720.88,1119.04
919,723.45,1120.15
920,725.92,1121.26
921,728.5,1122.37
922,730.97,1123.48
923,733.55,1124.59
924,736.02,1125.7
925,738.5,1126.81
926,741.07,1127.91
927,743.55,1129.02
928,746.12,1130.13
929,748.6,1131.24
930,751.46,1132.24
931,754.32,1133.24
932,757.18,1134.23
933,760.03,1135.23
934,762.89,1136.23
935,765.85,1137.12
936,768.7,1138.11
937,771.56,1139.11
938,774.42,1140.11
939,777.28,1141.11
940,782.33,1143.1
941,787.28,1144.99
942,792.33,1146.98
943,797.38,1148.87
944,802.34,1150.87
945,807.39,1152.86
