0,1240.43,4236.91
1,1243.86,4226.6
2,1247.29,4216.29
3,1250.72,4205.98
4,1254.15,4195.67
5,1259.2,4181.59
6,1264.25,4167.62
7,1269.3,4153.54
8,1274.35,4139.46
9,1279.4,4125.38
10,1284.54,4111.29
11,1289.59,4097.32
12,1294.64,4083.24
13,1299.69,4069.16
14,1304.74,4055.08
15,1309.79,4041.11
16,1314.84,4027.03
17,1319.89,4012.95
18,1324.94,3998.98
19,1330.08,3984.9
20,1335.13,3970.82
21,1340.18,3956.74
22,1345.23,3942.66
23,1350.28,3928.69
24,1355.33,3914.6
25,1361.62,3897.53
26,1368.01,3880.46
27,1374.29,3863.38
28,1380.58,3846.31
29,1386.97,3829.23
30,1393.25,3812.16
31,1399.54,3795.08
32,1405.83,3778.01
33,1412.21,3760.93
34,1418.5,3743.86
35,1425.55,3728.67
36,1432.51,3713.48
37,1439.56,3698.29
38,1446.61,3683.1
39,1453.57,3667.91
40,1460.62,3652.72
41,1467.67,3637.53
42,1474.72,3622.34
43,1481.67,3607.15
44,1488.72,3591.96
45,1491.87,3576.55
46,1494.92,3561.25
47,1498.06,3545.84
48,1501.11,3530.54
49,1504.25,3515.13
50,1507.3,3499.83
51,1510.45,3484.42
52,1513.59,3469.12
53,1516.64,3453.7
54,1519.78,3438.29
55,1522.83,3422.99
56,1525.98,3407.58
57,1529.03,3392.28
58,1532.17,3376.87
59,1535.31,3361.57
60,1538.36,3346.16
61,1541.51,3330.86
62,1544.56,3315.45
63,1547.7,3300.03
64,1550.75,3284.73
65,1553.89,3269.32
66,1557.04,3254.02
67,1560.09,3238.61
68,1563.23,3223.31
69,1566.28,3207.9
70,1569.42,3192.6
71,1572.47,3177.19
72,1575.62,3161.77
73,1578.76,3146.47
74,1581.81,3131.06
75,1584.95,3115.76
76,1588.0,3100.35
77,1591.15,3085.05
78,1594.29,3069.64
79,1597.34,3054.23
80,1600.48,3038.93
81,1603.53,3023.52
82,1606.68,3008.22
83,1609.73,2992.8
84,1612.87,2977.5
85,1616.01,2962.09
86,1619.06,2946.79
87,1622.21,2931.38
88,1625.26,2915.97
89,1628.4,2900.67
90,1631.45,2885.26
91,1634.59,2869.96
92,1637.74,2854.54
93,1640.79,2839.24
94,1643.93,2823.83
95,1646.98,2808.53
96,1650.12,2793.12
97,1653.17,2777.71
98,1656.32,2762.41
99,1659.46,2747.0
100,1662.51,2731.7
101,1665.65,2716.29
102,1668.7,2700.99
103,1671.85,2685.57
104,1674.9,2670.27
105,1678.04,2654.86
106,1680.23,2639.01
107,1682.52,2623.15
108,1684.71,2607.41
109,1687.0,2591.55
110,1689.19,2575.7
111,1691.47,2559.84
112,1693.67,2544.1
113,1695.95,2528.24
114,1698.14,2512.39
115,1705.29,2497.31
116,1712.53,2482.12
117,1719.68,2467.04
118,1726.92,2451.96
119,1734.06,2436.77
120,1741.31,2421.7
121,1748.55,2406.62
122,1755.69,2391.54
123,1762.93,2376.35
124,1770.08,2361.27
125,1783.32,2345.75
126,1796.66,2330.22
127,1809.91,2314.7
128,1823.24,2299.18
129,1836.49,2283.66
130,1849.83,2268.14
131,1863.07,2252.61
132,1876.41,2237.09
133,1889.65,2221.57
134,1902.99,2206.05
135,1916.24,2190.52
136,1929.48,2175.0
137,1942.82,2159.48
138,1956.06,2143.96
139,1969.4,2128.44
140,1982.65,2112.91
141,1995.98,2097.39
142,2009.23,2081.87
143,2022.57,2066.35
144,2035.81,2050.82
145,2043.91,2031.09
146,2052.1,2011.35
147,2060.2,1991.62
148,2068.3,1971.88
149,2076.4,1952.15
150,2084.59,1932.52
151,2092.69,1912.79
152,2100.79,1893.05
153,2108.98,1873.32
154,2117.08,1853.58
155,2115.08,1839.61
156,2113.08,1825.53
157,2111.08,1811.56
158,2109.08,1797.59
159,2107.17,1783.62
160,2105.17,1769.54
161,2103.17,1755.57
162,2101.17,1741.6
163,2099.17,1727.63
164,2097.17,1713.55
165,2095.17,1699.58
166,2093.17,1685.61
167,2091.26,1671.64
168,2089.26,1657.56
169,2087.26,1643.59
170,2085.26,1629.62
171,2083.26,1615.54
172,2081.26,1601.57
173,2079.26,1587.6
174,2077.26,1573.63
175,2075.26,1559.54
176,2073.35,1545.57
177,2071.35,1531.6
178,2069.35,1517.63
179,2067.35,1503.55
180,2065.35,1489.58
181,2063.35,1475.61
182,2061.34,1461.64
183,2059.34,1447.56
184,2057.44,1433.59
185,2055.44,1419.62
186,2053.44,1405.54
187,2051.44,1391.57
188,2049.44,1377.6
189,2047.43,1363.63
190,2045.43,1349.55
191,2043.43,1335.58
192,2041.43,1321.61
193,2039.53,1307.64
194,2037.53,1293.56
195,2035.52,1279.59
196,2033.52,1265.62
197,2031.52,1251.65
198,2029.52,1237.57
199,2027.52,1223.6
200,2025.52,1209.63
201,2023.52,1195.55
202,2021.61,1181.58
203,2019.61,1167.61
204,2017.61,1153.64
205,2015.61,1139.56
206,2013.61,1125.59
207,2011.61,1111.62
208,2009.61,1097.65
209,2007.61,1083.57
210,2005.7,1069.6
211,2003.7,1055.63
212,2001.7,1041.65
213,1999.7,1027.57
214,1997.7,1013.6
215,2000.46,1005.73
216,2003.13,997.97
217,2005.89,990.1
218,2008.56,982.23
219,2011.32,974.47
220,2013.99,966.59
221,2016.66,958.72
222,2019.42,950.85
223,2022.09,943.09
224,2024.85,935.22
225,2029.52,924.91
226,2034.29,914.59
227,2038.95,904.17
228,2043.62,893.86
229,2048.39,883.55
230,2053.06,873.24
231,2057.72,862.93
232,2062.39,852.51
233,2067.16,842.19
234,2071.83,831.88
235,2077.64,821.57
236,2083.45,811.26
237,2089.17,800.95
238,2094.98,790.64
239,2100.79,780.33
240,2106.6,770.02
241,2112.41,759.7
242,2118.13,749.39
243,2123.94,739.08
244,2129.75,728.77
245,2133.38,721.23
246,2137.09,713.69
247,2140.71,706.15
248,2144.33,698.5
249,2148.05,690.96
250,2151.67,683.42
251,2155.29,675.88
252,2159.01,668.34
253,2162.63,660.81
254,2166.34,653.27
255,2169.96,645.62
256,2173.58,638.08
257,2177.3,630.54
258,2180.92,623.0
259,2184.54,615.46
260,2188.26,607.92
261,2191.88,600.27
262,2195.5,592.73
263,2199.21,585.19
264,2202.83,577.65
265,2203.98,574.43
266,2205.12,571.11
267,2206.26,567.89
268,2207.41,564.57
269,2208.55,561.35
270,2209.69,558.03
271,2210.84,554.81
272,2211.98,551.48
273,2213.12,548.27
274,2214.27,544.94
275,2214.27,544.94
276,2214.27,544.94
277,2214.27,544.94
278,2214.27,544.94
279,2214.27,544.94
280,2214.27,544.94
281,2214.27,544.94
282,2214.27,544.94
283,2214.27,544.94
284,2214.27,544.94
285,2214.27,544.94
286,2214.27,544.94
287,2214.27,544.94
288,2214.27,544.94
289,2214.27,544.94
290,2214.27,544.94
291,2214.27,544.94
292,2214.27,544.94
293,2214.27,544.94
294,2214.27,544.94
295,2215.12,541.95
296,2215.89,538.96
297,2216.74,536.07
298,2217.6,533.08
299,2218.36,530.09
300,2219.22,527.09
301,2220.08,524.1
302,2220.94,521.22
303,2221.7,518.22
304,2222.56,515.23
305,2221.6,512.46
306,2220.55,509.57
307,2219.51,506.69
308,2218.55,503.92
309,2211.98,499.82
310,2205.5,495.83
311,2199.21,488.51
312,2192.83,481.08
313,2186.54,473.76
314,2180.25,466.44
315,2173.87,459.02
316,2167.58,451.7
317,2161.29,444.38
318,2155.0,436.95
319,2148.62,429.63
320,2142.33,422.32
321,2136.04,414.89
322,2129.66,407.57
323,2123.37,400.14
324,2117.08,392.82
325,2110.7,385.51
326,2104.41,378.08
327,2098.12,370.76
328,2091.83,363.44
329,2085.45,356.01
330,2079.16,348.7
331,2076.3,337.94
332,2073.54,327.19
333,2070.68,316.32
334,2067.82,305.57
335,2064.97,294.81
336,2062.2,284.06
337,2059.34,273.3
338,2056.49,262.44
339,2053.72,251.68
340,2050.86,240.93
341,2045.53,235.16
342,2040.1,229.29
343,2034.76,223.52
344,2029.33,217.76
345,2023.9,211.99
346,2018.57,206.11
347,2013.13,200.35
348,2007.8,194.58
349,1999.89,192.81
350,1991.98,191.03
351,1984.07,189.26
352,1976.17,187.49
353,1968.26,185.71
354,1960.35,183.94
355,1952.44,182.16
356,1944.53,180.39
357,1936.63,178.62
358,1928.72,176.84
359,1920.05,174.51
360,1911.38,172.08
361,1902.71,169.75
362,1894.04,167.42
363,1885.27,165.09
364,1876.6,162.65
365,1867.93,160.32
366,1859.26,157.99
367,1850.59,155.56
368,1841.92,153.23
369,1835.82,152.12
370,1829.72,150.9
371,1823.63,149.79
372,1817.62,148.57
373,1811.53,147.46
374,1805.43,146.24
375,1799.33,145.02
376,1793.23,143.91
377,1787.13,142.69
378,1781.13,141.59
379,1775.03,140.37
380,1768.94,139.26
381,1762.84,138.04
382,1756.74,136.93
383,1750.64,135.71
384,1744.54,134.6
385,1738.54,133.38
386,1732.44,132.27
387,1726.35,131.05
388,1720.25,129.94
389,1720.25,129.94
390,1720.25,129.94
391,1720.25,129.94
392,1720.25,129.94
393,1720.25,129.94
394,1720.25,129.94
395,1720.25,129.94
396,1720.25,129.94
397,1720.25,129.94
398,1720.25,129.94
399,1720.25,129.94
400,1720.25,129.94
401,1720.25,129.94
402,1720.25,129.94
403,1720.25,129.94
404,1720.25,129.94
405,1720.25,129.94
406,1720.25,129.94
407,1720.25,129.94
408,1720.25,129.94
409,1720.25,129.94
410,1720.25,129.94
411,1720.25,129.94
412,1720.25,129.94
413,1720.25,129.94
414,1720.25,129.94
415,1720.25,129.94
416,1720.25,129.94
417,1720.25,129.94
418,1720.25,129.94
419,1720.25,129.94
420,1720.25,129.94
421,1720.25,129.94
422,1720.25,129.94
423,1720.25,129.94
424,1720.25,129.94
425,1720.25,129.94
426,1720.25,129.94
427,1720.25,129.94
428,1720.25,129.94
429,1719.11,129.72
430,1718.06,129.39
431,1716.91,129.17
432,1715.77,128.83
433,1714.72,128.61
434,1713.58,128.28
435,1712.44,128.06
436,1711.39,127.73
437,1710.24,127.5
438,1709.2,127.17
439,1708.05,126.95
440,1706.91,126.73
441,1705.86,126.4
442,1704.72,126.17
443,1703.58,125.84
444,1702.53,125.62
445,1701.38,125.29
446,1700.24,125.07
447,1699.19,124.73
448,1698.05,124.51
449,1689.38,119.63
450,1680.61,114.75
451,1671.94,109.88
452,1663.18,105.0
453,1654.51,100.12
454,1645.84,95.24
455,1637.07,90.36
456,1628.4,85.48
457,1619.63,80.6
458,1610.96,75.73
