0,1625.83,2992.69
1,1625.83,2992.69
2,1625.83,2992.69
3,1625.73,2992.69
4,1625.73,2992.69
5,1625.73,2992.69
6,1625.73,2992.58
7,1625.64,2992.47
8,1625.64,2992.36
9,1625.54,2992.25
10,1625.54,2992.14
11,1625.45,2992.03
12,1625.35,2991.92
13,1625.35,2991.81
14,1625.26,2991.7
15,1625.26,2991.58
16,1625.26,2991.47
17,1625.16,2991.36
18,1625.16,2991.25
19,1625.07,2991.14
20,1624.97,2991.03
21,1624.97,2990.92
22,1624.88,2990.81
23,1624.88,2990.7
24,1624.78,2990.59
25,1624.78,2990.48
26,1624.88,2989.37
27,1625.07,2988.26
28,1625.16,2987.15
29,1625.35,2986.04
30,1625.45,2984.93
31,1626.21,2981.05
32,1626.97,2977.17
33,1627.73,2973.4
34,1628.5,2969.52
35,1628.78,2971.85
36,1628.97,2974.18
37,1629.26,2976.51
38,1629.45,2978.83
39,1629.73,2981.16
40,1629.93,2983.49
41,1630.21,2985.82
42,1630.4,2988.15
43,1630.69,2990.48
44,1630.59,2992.58
45,1630.5,2994.8
46,1630.4,2996.91
47,1630.31,2999.01
48,1630.21,3001.23
49,1630.02,3003.34
50,1629.93,3005.55
51,1629.83,3007.66
52,1629.73,3009.77
53,1629.64,3011.99
54,1629.54,3014.09
55,1630.21,3021.52
56,1630.97,3029.06
57,1631.64,3036.49
58,1632.31,3043.92
59,1632.97,3051.35
60,1633.74,3058.88
61,1634.4,3066.31
62,1635.07,3073.74
63,1635.74,3081.17
64,1636.5,3088.71
65,1637.17,3096.14
66,1638.12,3121.42
67,1642.31,3184.17
68,1646.41,3246.93
69,1655.46,3257.9
70,1664.51,3268.77
71,1660.7,3285.51
72,1656.89,3302.25
73,1652.98,3318.99
74,1649.17,3335.85
75,1645.36,3352.59
76,1641.55,3369.33
77,1637.64,3386.07
78,1633.83,3402.81
79,1630.02,3419.56
80,1626.21,3436.3
81,1622.4,3453.15
82,1618.49,3469.89
83,1614.68,3486.63
84,1610.87,3503.38
85,1602.68,3519.12
86,1594.58,3534.86
87,1586.38,3550.61
88,1578.19,3566.35
89,1570.0,3582.1
90,1561.9,3597.84
91,1553.7,3613.58
92,1545.51,3629.33
93,1537.41,3645.07
94,1529.22,3660.82
95,1525.31,3670.46
96,1521.31,3680.0
97,1517.4,3689.64
98,1513.5,3699.18
99,1509.49,3708.82
100,1505.59,3718.36
101,1501.68,3728.01
102,1497.68,3737.54
103,1493.77,3747.19
104,1492.06,3749.51
105,1490.34,3751.84
106,1488.63,3754.28
107,1486.91,3756.61
108,1485.2,3758.94
109,1483.48,3761.27
110,1481.77,3763.6
111,1480.05,3765.92
112,1478.34,3768.36
113,1476.62,3770.69
114,1474.91,3773.02
115,1475.0,3773.24
116,1475.0,3773.46
117,1475.1,3773.8
118,1475.19,3774.02
119,1475.29,3774.24
120,1475.29,3774.46
121,1475.38,3774.68
122,1475.48,3775.02
123,1475.48,3775.24
124,1475.57,3775.46
125,1474.72,3776.01
126,1473.95,3776.46
127,1473.1,3777.01
128,1472.24,3777.57
129,1471.48,3778.01
130,1470.62,3778.56
131,1469.86,3779.12
132,1469.0,3779.56
133,1468.14,3780.12
134,1467.38,3780.67
135,1466.52,3781.11
136,1465.67,3781.67
137,1464.9,3782.22
138,1464.05,3782.67
139,1463.28,3783.22
140,1462.43,3783.77
141,1461.57,3784.22
142,1460.81,3784.77
143,1459.95,3785.33
144,1459.09,3785.77
145,1458.33,3786.32
146,1457.47,3786.88
147,1456.61,3787.32
148,1455.85,3787.88
149,1454.99,3788.43
150,1454.23,3788.87
151,1453.37,3789.43
152,1452.52,3789.98
153,1451.75,3790.43
154,1450.9,3790.98
155,1450.9,3790.98
156,1450.9,3790.98
157,1450.9,3790.98
158,1450.9,3790.98
159,1450.9,3790.98
160,1450.9,3790.98
161,1450.9,3790.98
162,1450.9,3790.98
163,1450.9,3790.98
164,1450.9,3790.98
165,1450.9,3790.98
166,1450.9,3790.98
167,1450.9,3790.98
168,1450.9,3790.98
169,1450.9,3790.98
170,1450.9,3790.98
171,1450.9,3790.98
172,1450.9,3790.98
173,1450.9,3790.98
174,1450.9,3790.98
175,1450.9,3790.98
176,1450.9,3790.98
177,1450.9,3790.98
178,1450.9,3790.98
179,1450.8,3791.09
180,1450.8,3791.09
181,1450.8,3791.09
182,1450.8,3791.09
183,1450.8,3791.09
184,1450.8,3791.09
185,1450.8,3791.09
186,1450.8,3791.09
187,1450.8,3791.09
188,1450.8,3791.09
189,1450.8,3791.09
190,1450.8,3791.09
191,1450.8,3791.09
192,1450.8,3791.09
193,1450.8,3791.09
194,1450.8,3791.09
195,1450.8,3791.09
196,1450.8,3791.09
197,1450.8,3791.09
198,1450.8,3791.09
199,1450.8,3791.09
200,1450.8,3791.09
201,1450.8,3791.09
202,1450.8,3791.09
203,1450.8,3791.09
204,1450.8,3791.09
205,1450.8,3791.09
206,1450.8,3791.09
207,1450.8,3791.09
208,1450.8,3791.09
209,1450.8,3791.09
210,1450.8,3791.09
211,1450.8,3791.09
212,1450.8,3791.09
213,1450.8,3791.09
214,1450.8,3791.09
215,1450.8,3791.09
216,1450.8,3791.09
217,1450.8,3791.09
218,1450.8,3791.09
219,1450.8,3791.09
220,1450.8,3791.09
221,1450.8,3791.09
222,1450.8,3791.09
223,1450.8,3791.09
224,1450.8,3791.09
225,1450.8,3791.09
226,1450.8,3791.09
227,1450.8,3791.09
228,1450.8,3791.09
229,1450.8,3791.09
230,1450.8,3791.09
231,1450.8,3791.09
232,1450.8,3791.09
233,1450.8,3791.09
234,1450.8,3791.09
235,1450.8,3791.09
236,1450.9,3791.09
237,1450.9,3791.09
238,1450.9,3791.09
239,1450.9,3791.09
240,1450.99,3790.98
241,1450.99,3790.98
242,1450.99,3790.98
243,1450.99,3790.98
244,1451.09,3790.98
245,1451.09,3790.98
246,1449.75,3790.2
247,1448.42,3789.54
248,1446.99,3788.76
249,1445.66,3787.99
250,1444.32,3787.32
251,1442.99,3786.55
252,1430.32,3782.67
253,1417.74,3778.67
254,1405.07,3774.79
255,1392.4,3770.8
256,1379.82,3766.92
257,1367.15,3762.93
258,1354.57,3759.05
259,1341.9,3755.06
260,1329.23,3751.18
261,1316.65,3747.19
262,1303.98,3743.31
263,1291.31,3739.31
264,1278.73,3735.43
265,1266.06,3731.44
266,1253.48,3727.56
267,1240.81,3723.57
268,1228.14,3719.69
269,1215.56,3715.7
270,1202.89,3711.82
271,1193.65,3704.28
272,1184.4,3696.63
273,1175.26,3689.09
274,1166.02,3681.55
275,1156.77,3674.01
276,1147.53,3666.36
277,1138.29,3658.82
278,1129.14,3651.28
279,1119.9,3643.63
280,1110.66,3636.09
281,1106.37,3629.77
282,1101.99,3623.56
283,1097.7,3617.24
284,1093.41,3611.03
285,1089.03,3604.71
286,1084.74,3598.5
287,1080.46,3592.19
288,1076.17,3585.98
289,1071.79,3579.66
290,1067.5,3573.45
291,1063.21,3567.13
292,1058.83,3560.92
293,1054.54,3554.6
294,1045.49,3543.29
295,1036.44,3531.87
296,1027.39,3520.45
297,1018.33,3509.14
298,1013.09,3510.14
299,1007.76,3511.14
300,1002.52,3512.13
301,998.23,3521.45
302,993.85,3530.76
303,989.56,3539.96
304,985.18,3549.28
305,980.89,3558.59
306,976.51,3567.9
307,972.12,3577.22
308,967.84,3586.42
309,963.45,3595.73
310,959.17,3605.05
311,954.21,3617.35
312,949.26,3629.77
313,944.4,3642.19
314,939.44,3654.5
315,934.49,3666.8
316,929.53,3679.22
317,924.58,3691.64
318,919.63,3703.95
319,914.77,3716.25
320,909.81,3728.67
321,904.86,3741.09
322,899.9,3753.4
323,894.95,3765.7
324,890.09,3778.12
325,885.13,3790.43
326,880.18,3802.84
327,875.23,3815.15
328,870.27,3827.57
329,865.32,3839.88
330,860.46,3852.29
331,855.5,3864.6
332,850.55,3877.02
333,843.12,3895.2
334,835.78,3913.39
335,828.35,3931.68
336,821.01,3949.86
337,813.58,3968.05
338,806.24,3986.34
339,798.81,4004.52
340,791.48,4022.71
341,787.57,4032.13
342,783.76,4041.55
343,779.85,4050.98
344,775.95,4060.4
345,772.04,4069.83
346,768.23,4079.25
347,764.32,4088.68
348,760.42,4098.21
349,756.6,4107.64
350,752.7,4117.06
351,748.79,4126.48
352,744.89,4135.91
353,741.07,4145.33
354,737.17,4154.76
355,725.83,4170.17
356,714.49,4185.47
357,703.15,4200.88
358,691.82,4216.29
359,680.48,4231.59
360,669.14,4247.0
361,662.28,4253.99
362,655.42,4260.97
363,648.56,4267.96
364,641.7,4274.94
365,634.84,4281.93
366,627.88,4288.8
367,621.02,4295.79
368,614.16,4302.77
369,607.3,4309.76
370,600.44,4316.74
371,593.58,4323.73
372,593.39,4323.95
373,593.2,4324.17
374,593.01,4324.39
375,592.82,4324.61
376,592.63,4324.84
377,592.54,4325.06
378,592.34,4325.28
379,592.15,4325.5
380,591.96,4325.72
381,591.77,4325.94
382,591.58,4326.28
383,591.39,4326.5
384,591.2,4326.72
385,591.01,4326.94
386,590.82,4327.16
387,590.73,4327.39
388,590.53,4327.61
389,590.34,4327.83
390,590.15,4328.05
391,589.96,4328.27
392,589.77,4328.5
393,589.77,4328.5
394,589.77,4328.5
395,589.77,4328.5
396,589.77,4328.5
397,589.77,4328.5
398,589.77,4328.5
399,589.77,4328.5
400,589.77,4328.5
401,589.77,4328.5
402,589.77,4328.5
403,589.77,4328.5
404,589.77,4328.5
405,589.77,4328.5
406,589.77,4328.5
407,589.77,4328.5
408,589.77,4328.5
409,589.77,4328.5
410,589.77,4328.5
411,589.77,4328.5
412,589.77,4328.5
413,589.77,4328.5
414,589.77,4328.5
415,589.77,4328.5
416,589.77,4328.5
417,589.77,4328.5
418,589.77,4328.5
419,589.77,4328.5
420,589.77,4328.5
421,589.77,4328.5
422,589.77,4328.5
423,588.72,4329.71
424,587.77,4331.05
425,586.72,4332.26
426,585.77,4333.48
427,584.82,4334.81
428,583.77,4336.03
429,583.87,4343.13
