0,3455.08,1794.15
1,3455.08,1794.15
2,3455.08,1794.15
3,3455.08,1794.15
4,3455.08,1794.15
5,3455.08,1794.15
6,3455.08,1794.15
7,3455.08,1794.15
8,3455.08,1794.15
9,3455.08,1794.15
10,3455.08,1794.15
11,3455.08,1794.15
12,3455.08,1794.15
13,3455.08,1794.15
14,3455.08,1794.15
15,3455.08,1794.15
16,3455.08,1794.15
17,3455.08,1794.15
18,3455.08,1794.15
19,3455.08,1794.15
20,3455.08,1794.15
21,3455.08,1794.15
22,3455.08,1794.15
23,3455.08,1794.15
24,3455.08,1794.15
25,3455.08,1794.15
26,3455.08,1794.15
27,3455.08,1794.15
28,3455.08,1794.15
29,3455.08,1794.15
30,3455.08,1794.15
31,3455.08,1794.15
32,3455.08,1794.15
33,3455.08,1794.15
34,3455.08,1794.15
35,3455.08,1794.15
36,3455.08,1794.15
37,3455.08,1794.15
38,3455.08,1794.15
39,3455.08,1794.15
40,3455.08,1794.15
41,3455.08,1794.15
42,3455.08,1794.15
43,3455.08,1794.15
44,3455.08,1794.15
45,3455.08,1794.15
46,3455.08,1794.15
47,3455.08,1794.15
48,3455.08,1794.15
49,3455.08,1794.15
50,3455.08,1794.15
51,3455.08,1794.15
52,3455.08,1794.15
53,3455.08,1794.15
54,3455.08,1794.15
55,3455.08,1794.15
56,3455.08,1794.15
57,3455.08,1794.15
58,3455.08,1794.15
59,3455.08,1794.15
60,3455.08,1794.15
61,3455.08,1794.15
62,3455.08,1794.15
63,3455.08,1794.15
64,3455.08,1794.15
65,3455.08,1794.15
66,3455.08,1794.15
67,3455.08,1794.15
68,3455.08,1794.15
69,3455.08,1794.15
70,3455.08,1794.15
71,3455.08,1794.15
72,3455.08,1794.15
73,3455.08,1794.15
74,3455.08,1794.15
75,3455.08,1794.15
76,3455.08,1794.15
77,3455.08,1794.15
78,3455.08,1794.15
79,3455.08,1794.15
80,3455.08,1794.15
81,3455.08,1794.15
82,3455.08,1794.15
83,3455.08,1794.15
84,3455.08,1794.15
85,3455.08,1794.15
86,3455.08,1794.15
87,3455.08,1794.15
88,3455.08,1794.15
89,3455.08,1794.15
90,3455.08,1794.15
91,3455.08,1794.15
92,3455.08,1794.15
93,3455.08,1794.15
94,3455.08,1794.15
95,3455.08,1794.15
96,3455.08,1794.15
97,3455.08,1794.15
98,3455.08,1794.15
99,3455.08,1794.15
100,3455.08,1794.15
101,3455.08,1794.15
102,3455.08,1794.15
103,3455.08,1794.15
104,3455.08,1794.15
105,3455.08,1794.15
106,3455.08,1794.15
107,3455.08,1794.15
108,3455.08,1794.15
109,3455.08,1794.15
110,3455.08,1794.15
111,3455.08,1794.15
112,3455.08,1794.15
113,3455.08,1794.15
114,3455.08,1794.15
115,3455.08,1794.15
116,3455.08,1794.15
117,3455.08,1794.15
118,3455.08,1794.15
119,3455.08,1794.15
120,3455.08,1794.15
121,3455.08,1794.15
122,3455.08,1794.15
123,3455.08,1794.15
124,3455.08,1794.15
125,3455.08,1794.15
126,3455.08,1794.15
127,3455.08,1794.15
128,3455.08,1794.15
129,3455.08,1794.15
130,3455.08,1794.15
131,3455.08,1794.15
132,3455.08,1794.15
133,3455.08,1794.15
134,3455.08,1794.15
135,3455.08,1794.15
136,3455.08,1794.15
137,3455.08,1794.15
138,3455.08,1794.15
139,3455.08,1794.15
140,3455.08,1794.15
141,3455.08,1794.15
142,3455.08,1794.15
143,3455.08,1794.15
144,3455.08,1794.15
145,3455.08,1794.15
146,3455.08,1794.15
147,3455.08,1794.15
148,3455.08,1794.15
149,3455.08,1794.15
150,3455.08,1794.15
151,3455.08,1794.15
152,3455.08,1794.15
153,3455.08,1794.15
154,3455.08,1794.15
155,3455.08,1794.15
156,3455.08,1794.15
157,3455.08,1794.15
158,3455.08,1794.15
159,3455.08,1794.15
160,3455.08,1794.15
161,3455.08,1794.15
162,3455.08,1794.15
163,3455.08,1794.15
164,3455.08,1794.15
165,3455.08,1794.15
166,3455.08,1794.15
167,3455.08,1794.15
168,3455.08,1794.15
169,3455.08,1794.15
170,3455.08,1794.15
171,3455.08,1794.15
172,3455.08,1794.15
173,3455.08,1794.15
174,3455.08,1794.15
175,3455.08,1794.15
176,3455.08,1794.15
177,3455.08,1794.15
178,3455.08,1794.15
179,3455.08,1794.15
180,3455.08,1794.15
181,3455.08,1794.15
182,3455.08,1794.15
183,3455.08,1794.15
184,3455.08,1794.15
185,3455.08,1794.15
186,3455.08,1794.15
187,3455.08,1794.15
188,3455.08,1794.15
189,3455.08,1794.15
190,3455.08,1794.15
191,3455.08,1794.15
192,3455.08,1794.15
193,3455.08,1794.15
194,3455.08,1794.15
195,3455.08,1794.15
196,3455.08,1794.15
197,3455.08,1794.15
198,3455.08,1794.15
199,3455.08,1794.15
200,3455.08,1794.15
201,3455.08,1794.15
202,3455.08,1794.15
203,3455.08,1794.15
204,3455.08,1794.15
205,3455.08,1794.15
206,3455.08,1794.15
207,3455.08,1794.15
208,3455.08,1794.15
209,3455.08,1794.15
210,3455.08,1794.15
211,3455.08,1794.15
212,3455.08,1794.15
213,3455.08,1794.15
214,3455.08,1794.15
215,3455.08,1794.15
216,3455.08,1794.15
217,3455.08,1794.15
218,3455.08,1794.15
219,3455.08,1794.15
220,3455.08,1794.15
221,3455.08,1794.15
222,3455.08,1794.15
223,3455.08,1794.15
224,3455.08,1794.15
225,3455.08,1794.15
226,3455.08,1794.15
227,3455.08,1794.15
228,3455.08,1794.15
229,3455.08,1794.15
230,3455.08,1794.15
231,3455.08,1794.15
232,3455.08,1794.15
233,3455.08,1794.15
234,3455.08,1794.15
235,3455.08,1794.15
236,3455.46,1795.04
237,3455.84,1795.93
238,3456.22,1796.81
239,3456.6,1797.7
240,3456.98,1798.7
241,3457.36,1799.59
242,3457.74,1800.47
243,3458.12,1801.36
244,3458.51,1802.25
245,3458.89,1803.13
246,3458.89,1803.13
247,3458.89,1803.13
248,3458.89,1803.13
249,3458.89,1803.13
250,3458.89,1803.13
251,3458.89,1803.13
252,3458.89,1803.13
253,3458.89,1803.13
254,3458.89,1803.13
255,3458.89,1803.13
256,3458.89,1803.13
257,3458.89,1803.13
258,3458.89,1803.13
259,3458.89,1803.13
260,3458.89,1803.13
261,3458.89,1803.13
262,3458.89,1803.13
263,3458.89,1803.13
264,3458.89,1803.13
265,3458.89,1803.13
266,3458.89,1803.13
267,3458.89,1803.13
268,3458.89,1803.13
269,3458.89,1803.13
270,3458.89,1803.13
271,3458.89,1803.13
272,3458.89,1803.13
273,3458.89,1803.13
274,3458.89,1803.13
275,3458.89,1803.13
276,3458.89,1803.13
277,3458.89,1803.13
278,3458.89,1803.13
279,3458.89,1803.13
280,3458.89,1803.13
281,3458.89,1803.13
282,3458.89,1803.13
283,3458.89,1803.13
284,3458.89,1803.13
285,3458.89,1803.13
286,3458.89,1803.13
287,3458.89,1803.13
288,3458.89,1803.13
289,3458.89,1803.13
290,3458.89,1803.13
291,3458.89,1803.13
292,3458.89,1803.13
293,3458.89,1803.13
294,3458.89,1803.13
295,3458.89,1803.13
296,3458.89,1803.13
297,3458.89,1803.13
298,3458.89,1803.13
299,3458.89,1803.13
300,3458.89,1803.13
301,3458.89,1803.13
302,3458.89,1803.13
303,3458.89,1803.13
304,3458.89,1803.13
305,3458.89,1803.13
306,3458.89,1803.13
307,3458.89,1803.13
308,3458.89,1803.13
309,3458.89,1803.13
310,3458.89,1803.13
311,3458.89,1803.13
312,3458.89,1803.13
313,3458.89,1803.13
314,3458.89,1803.13
315,3458.89,1803.13
316,3458.89,1803.13
317,3458.89,1803.13
318,3458.89,1803.13
319,3458.89,1803.13
320,3458.89,1803.13
321,3458.89,1803.13
322,3458.89,1803.13
323,3458.89,1803.13
324,3458.89,1803.13
325,3458.89,1803.13
326,3458.89,1803.13
327,3458.89,1803.13
328,3458.89,1803.13
329,3458.89,1803.13
330,3458.89,1803.13
331,3458.89,1803.13
332,3458.89,1803.13
333,3458.89,1803.13
334,3458.89,1803.13
335,3458.89,1803.13
336,3458.89,1803.13
337,3458.89,1803.13
338,3458.89,1803.13
339,3458.89,1803.13
340,3458.89,1803.13
341,3458.89,1803.13
342,3458.89,1803.13
343,3458.89,1803.13
344,3458.89,1803.13
345,3458.89,1803.13
346,3458.89,1803.13
347,3458.89,1803.13
348,3458.89,1803.13
349,3458.89,1803.13
350,3458.89,1803.13
351,3458.89,1803.13
352,3458.89,1803.13
353,3458.89,1803.13
354,3458.89,1803.13
355,3458.89,1803.13
356,3458.89,1803.13
357,3458.89,1803.13
358,3458.89,1803.13
359,3458.89,1803.13
360,3458.89,1803.13
361,3458.89,1803.13
362,3458.89,1803.13
363,3458.89,1803.13
364,3458.89,1803.13
365,3458.89,1803.13
366,3458.89,1803.13
367,3458.89,1803.13
368,3458.89,1803.13
369,3458.89,1803.13
370,3458.89,1803.13
371,3458.89,1803.13
372,3458.89,1803.13
373,3458.89,1803.13
374,3458.89,1803.13
375,3458.89,1803.13
376,3458.89,1803.13
377,3458.89,1803.13
378,3458.89,1803.13
379,3458.89,1803.13
380,3458.89,1803.13
381,3458.89,1803.13
382,3458.89,1803.13
383,3458.89,1803.13
384,3458.89,1803.13
385,3458.89,1803.13
386,3458.89,1803.13
387,3458.89,1803.13
388,3458.89,1803.13
389,3458.89,1803.13
390,3458.89,1803.13
391,3458.89,1803.13
392,3458.89,1803.13
393,3458.89,1803.13
394,3458.89,1803.13
395,3458.89,1803.13
396,3458.98,1802.69
397,3459.17,1802.25
398,3459.27,1801.8
399,3459.46,1801.36
400,3459.55,1800.92
401,3459.65,1800.36
402,3459.84,1799.92
403,3459.93,1799.47
404,3460.12,1799.03
405,3460.22,1798.59
406,3460.22,1798.48
407,3460.22,1798.37
408,3460.12,1798.25
409,3460.12,1798.14
410,3460.12,1798.03
411,3460.12,1797.92
412,3460.12,1797.81
413,3460.03,1797.7
414,3460.03,1797.59
415,3460.03,1797.48
416,3460.03,1797.48
417,3460.03,1797.48
418,3460.03,1797.48
419,3460.03,1797.48
420,3460.03,1797.48
421,3460.03,1797.48
422,3460.03,1797.48
423,3460.03,1797.48
424,3460.03,1797.48
425,3460.03,1797.48
426,3460.03,1797.48
427,3460.03,1797.48
428,3460.03,1797.48
429,3460.03,1797.48
430,3460.03,1797.48
431,3460.03,1797.48
432,3460.03,1797.48
433,3460.03,1797.48
434,3460.03,1797.48
435,3460.03,1797.48
436,3460.03,1797.48
437,3460.03,1797.48
438,3460.03,1797.48
439,3460.03,1797.48
440,3460.03,1797.48
441,3460.03,1797.48
442,3460.03,1797.48
443,3460.03,1797.48
444,3460.03,1797.48
445,3460.03,1797.48
446,3460.03,1797.48
447,3460.03,1797.48
448,3460.03,1797.48
449,3460.03,1797.48
450,3460.03,1797.48
451,3460.03,1797.48
452,3460.03,1797.48
453,3460.03,1797.48
454,3460.03,1797.48
455,3460.03,1797.48
456,3460.03,1797.48
457,3460.03,1797.48
458,3460.03,1797.48
459,3460.03,1797.48
460,3460.03,1797.48
461,3460.03,1797.48
462,3460.03,1797.48
463,3460.03,1797.48
464,3460.03,1797.48
465,3460.03,1797.48
466,3460.03,1797.48
467,3460.03,1797.48
468,3460.03,1797.48
469,3460.03,1797.48
470,3460.03,1797.48
471,3460.03,1797.48
472,3460.03,1797.48
473,3460.03,1797.48
474,3460.03,1797.48
475,3460.03,1797.48
476,3460.03,1797.48
477,3460.03,1797.48
478,3460.03,1797.48
479,3460.03,1797.48
480,3460.03,1797.48
481,3460.03,1797.48
482,3460.03,1797.48
483,3460.03,1797.48
484,3460.03,1797.48
485,3460.03,1797.48
486,3460.12,1797.81
487,3460.32,1798.03
488,3460.41,1798.37
489,3460.51,1798.59
490,3460.7,1798.92
491,3460.79,1799.14
492,3460.89,1799.47
493,3461.08,1799.7
494,3461.17,1800.03
495,3461.27,1800.25
496,3461.46,1800.58
497,3461.55,1800.92
498,3461.74,1801.14
499,3461.84,1801.47
500,3461.94,1801.69
501,3462.13,1802.02
502,3462.22,1802.25
503,3462.32,1802.58
504,3462.51,1802.8
505,3462.6,1803.13
506,3462.6,1803.13
507,3462.6,1803.13
508,3462.6,1803.13
509,3462.6,1803.13
510,3462.6,1803.13
511,3462.6,1803.13
512,3462.6,1803.13
513,3462.6,1803.13
514,3462.6,1803.13
515,3462.6,1803.13
516,3462.51,1803.69
517,3462.51,1804.24
518,3462.51,1804.8
519,3462.41,1805.35
520,3462.32,1805.9
521,3462.32,1806.35
522,3462.22,1806.9
523,3462.22,1807.46
524,3462.13,1808.01
525,3462.13,1808.57
526,3462.13,1808.57
527,3462.13,1808.57
528,3462.13,1808.57
529,3462.13,1808.57
530,3462.13,1808.57
531,3462.13,1808.57
532,3462.13,1808.57
533,3462.13,1808.57
534,3462.13,1808.57
535,3462.13,1808.57
536,3462.13,1808.57
537,3462.13,1808.57
538,3462.13,1808.57
539,3462.13,1808.57
540,3462.13,1808.57
541,3462.13,1808.57
542,3462.13,1808.57
543,3462.13,1808.57
544,3462.13,1808.57
545,3462.13,1808.57
546,3462.03,1808.23
547,3461.94,1807.9
548,3461.84,1807.46
549,3461.84,1807.12
550,3461.74,1806.79
551,3461.65,1806.46
552,3461.55,1806.13
553,3461.46,1805.68
554,3461.36,1805.35
555,3461.27,1805.02
556,3461.27,1804.69
557,3461.17,1804.35
558,3461.08,1803.91
559,3460.98,1803.58
560,3460.89,1803.24
561,3460.79,1802.91
562,3460.79,1802.58
563,3460.7,1802.14
564,3460.6,1801.8
565,3460.51,1801.47
566,3460.51,1801.47
567,3460.51,1801.47
568,3460.51,1801.47
569,3460.51,1801.47
570,3460.51,1801.47
571,3460.51,1801.47
572,3460.51,1801.47
573,3460.51,1801.47
574,3460.51,1801.47
575,3460.51,1801.47
576,3460.51,1801.47
577,3460.51,1801.47
578,3460.51,1801.47
579,3460.51,1801.47
580,3460.51,1801.47
581,3460.51,1801.47
582,3460.51,1801.47
583,3460.51,1801.47
584,3460.51,1801.47
585,3460.51,1801.47
586,3460.51,1801.47
587,3460.51,1801.47
588,3460.51,1801.47
589,3460.51,1801.47
590,3460.51,1801.47
591,3460.51,1801.47
592,3460.51,1801.47
593,3460.51,1801.47
594,3460.51,1801.47
595,3460.51,1801.47
596,3460.51,1801.47
597,3460.51,1801.47
598,3460.51,1801.47
599,3460.51,1801.47
600,3460.51,1801.47
601,3460.51,1801.47
602,3460.51,1801.47
603,3460.51,1801.47
604,3460.51,1801.47
605,3460.51,1801.47
606,3460.51,1801.47
607,3460.51,1801.47
608,3460.51,1801.47
609,3460.51,1801.47
610,3460.51,1801.47
611,3460.51,1801.47
612,3460.51,1801.47
613,3460.51,1801.47
614,3460.51,1801.47
615,3460.51,1801.47
616,3460.51,1801.47
617,3460.51,1801.47
618,3460.51,1801.47
619,3460.51,1801.47
620,3460.51,1801.47
621,3460.51,1801.47
622,3460.51,1801.47
623,3460.51,1801.47
624,3460.51,1801.47
625,3460.51,1801.47
626,3460.51,1801.47
627,3460.51,1801.47
628,3460.51,1801.47
629,3460.51,1801.47
630,3460.51,1801.47
631,3460.51,1801.47
632,3460.51,1801.47
633,3460.51,1801.47
634,3460.51,1801.47
635,3460.51,1801.47
636,3460.51,1801.47
637,3460.51,1801.47
638,3460.51,1801.47
639,3460.51,1801.47
640,3460.51,1801.47
641,3460.51,1801.47
642,3460.51,1801.47
643,3460.51,1801.47
644,3460.51,1801.47
645,3460.51,1801.47
646,3460.51,1801.47
647,3460.51,1801.47
648,3460.51,1801.47
649,3460.51,1801.47
650,3460.51,1801.47
651,3460.51,1801.47
652,3460.51,1801.47
653,3460.51,1801.47
654,3460.51,1801.47
655,3460.51,1801.47
656,3460.51,1801.47
657,3460.51,1801.47
658,3460.51,1801.47
659,3460.51,1801.47
660,3460.51,1801.47
661,3460.51,1801.47
662,3460.51,1801.47
663,3460.51,1801.47
664,3460.51,1801.47
665,3460.51,1801.47
666,3460.51,1801.47
667,3460.51,1801.47
668,3460.51,1801.47
669,3460.51,1801.47
670,3460.51,1801.47
671,3460.51,1801.47
672,3460.51,1801.47
673,3460.51,1801.47
674,3460.51,1801.47
675,3460.51,1801.47
676,3460.51,1801.47
677,3460.51,1801.47
678,3460.51,1801.47
679,3460.51,1801.47
680,3460.51,1801.47
681,3460.51,1801.47
682,3460.51,1801.47
683,3460.51,1801.47
684,3460.51,1801.47
685,3460.51,1801.47
686,3460.51,1801.47
687,3460.51,1801.47
688,3460.51,1801.47
689,3460.51,1801.47
690,3460.51,1801.47
691,3460.51,1801.47
692,3460.51,1801.47
693,3460.51,1801.47
694,3460.51,1801.47
695,3460.51,1801.47
696,3460.51,1801.47
697,3460.51,1801.47
698,3460.51,1801.47
699,3460.51,1801.47
700,3460.51,1801.47
701,3460.51,1801.47
702,3460.51,1801.47
703,3460.51,1801.47
704,3460.51,1801.47
705,3460.51,1801.47
706,3460.51,1801.47
707,3460.51,1801.47
708,3460.51,1801.47
709,3460.51,1801.47
710,3460.51,1801.47
711,3460.51,1801.47
712,3460.51,1801.47
713,3460.51,1801.47
714,3460.51,1801.47
715,3460.51,1801.47
716,3460.51,1801.47
717,3460.51,1801.47
718,3460.51,1801.47
719,3460.51,1801.47
720,3460.51,1801.47
721,3460.51,1801.47
722,3460.51,1801.47
723,3460.51,1801.47
724,3460.51,1801.47
725,3460.51,1801.47
726,3460.51,1801.47
727,3460.51,1801.47
728,3460.51,1801.47
729,3460.51,1801.47
730,3460.51,1801.47
731,3460.51,1801.47
732,3460.51,1801.47
733,3460.51,1801.47
734,3460.51,1801.47
735,3460.51,1801.47
736,3460.51,1801.47
737,3460.51,1801.47
738,3460.51,1801.47
739,3460.51,1801.47
740,3460.51,1801.47
741,3460.51,1801.47
742,3460.51,1801.47
743,3460.51,1801.47
744,3460.51,1801.47
745,3460.51,1801.47
746,3460.51,1801.47
747,3460.51,1801.47
748,3460.51,1801.47
749,3460.51,1801.47
750,3460.51,1801.47
751,3460.51,1801.47
752,3460.51,1801.47
753,3460.51,1801.47
754,3460.51,1801.47
755,3460.51,1801.47
756,3460.51,1801.47
757,3460.51,1801.47
758,3460.51,1801.47
759,3460.51,1801.47
760,3460.51,1801.47
761,3460.51,1801.47
762,3460.51,1801.47
763,3460.51,1801.47
764,3460.51,1801.47
765,3460.51,1801.47
766,3460.98,1801.14
767,3461.46,1800.69
768,3461.84,1800.36
769,3462.32,1800.03
770,3462.79,1799.59
771,3463.27,1799.25
772,3463.75,1798.92
773,3464.13,1798.59
774,3464.6,1798.14
775,3465.08,1797.81
776,3465.08,1797.81
777,3465.08,1797.81
778,3465.08,1797.81
779,3465.08,1797.81
780,3465.08,1797.81
781,3465.08,1797.81
782,3465.08,1797.81
783,3465.08,1797.81
784,3465.08,1797.81
785,3465.08,1797.81
786,3465.08,1797.81
787,3465.08,1797.81
788,3465.08,1797.81
789,3465.08,1797.81
790,3465.08,1797.81
791,3465.08,1797.81
792,3465.08,1797.81
793,3465.08,1797.81
794,3465.08,1797.81
795,3465.08,1797.81
796,3465.08,1797.81
797,3465.08,1797.81
798,3465.08,1797.81
799,3465.08,1797.81
800,3465.08,1797.81
801,3465.08,1797.81
802,3465.08,1797.81
803,3465.08,1797.81
804,3465.08,1797.81
805,3465.08,1797.81
806,3465.08,1797.81
807,3465.08,1797.81
808,3465.08,1797.81
809,3465.08,1797.81
810,3465.08,1797.81
811,3465.08,1797.81
812,3465.08,1797.81
813,3465.08,1797.81
814,3465.08,1797.81
815,3465.08,1797.81
816,3465.08,1797.81
817,3465.08,1797.81
818,3465.08,1797.81
819,3465.08,1797.81
820,3465.08,1797.81
821,3465.08,1797.81
822,3465.08,1797.81
823,3465.08,1797.81
824,3465.08,1797.81
825,3465.08,1797.81
826,3465.08,1797.81
827,3465.08,1797.81
828,3465.08,1797.81
829,3465.08,1797.81
830,3465.08,1797.81
831,3465.08,1797.81
832,3465.08,1797.81
833,3465.08,1797.81
834,3465.08,1797.81
835,3465.08,1797.81
836,3465.08,1797.81
837,3465.08,1797.81
838,3465.08,1797.81
839,3465.08,1797.81
840,3465.08,1797.81
841,3465.08,1797.81
842,3465.08,1797.81
843,3465.08,1797.81
844,3465.08,1797.81
845,3465.08,1797.81
846,3464.79,1797.59
847,3464.51,1797.48
848,3464.32,1797.26
849,3464.03,1797.04
850,3463.75,1796.92
851,3463.46,1796.7
852,3463.17,1796.48
853,3462.98,1796.37
854,3462.7,1796.15
855,3462.41,1795.93
856,3462.13,1795.82
857,3461.84,1795.59
858,3461.65,1795.48
859,3461.36,1795.26
860,3461.08,1795.04
861,3460.79,1794.93
862,3460.51,1794.71
863,3460.32,1794.48
864,3460.03,1794.37
865,3459.74,1794.15
866,3459.55,1793.27
867,3459.27,1792.38
868,3458.98,1791.49
869,3458.79,1790.6
870,3458.6,1789.72
871,3458.31,1788.83
872,3458.03,1787.94
873,3457.84,1787.06
874,3457.65,1786.17
875,3457.36,1785.28
876,3457.36,1786.28
877,3457.36,1787.17
878,3457.36,1788.17
879,3457.36,1789.05
880,3457.36,1790.05
881,3457.36,1791.05
882,3457.36,1791.93
883,3457.36,1792.93
884,3457.36,1793.82
885,3457.36,1794.82
886,3457.36,1794.82
887,3457.36,1794.82
888,3457.36,1794.82
889,3457.36,1794.82
890,3457.36,1794.82
891,3457.36,1794.82
892,3457.36,1794.82
893,3457.36,1794.82
894,3457.36,1794.82
895,3457.36,1794.82
896,3458.22,1795.37
897,3458.98,1795.93
898,3459.84,1796.48
899,3460.6,1797.04
900,3461.46,1797.48
901,3462.32,1798.03
902,3463.08,1798.59
903,3463.94,1799.14
904,3464.7,1799.7
905,3465.56,1800.25
906,3465.65,1800.25
907,3465.65,1800.36
908,3465.75,1800.36
909,3465.75,1800.36
910,3465.84,1800.36
911,3465.94,1800.47
912,3465.94,1800.47
913,3466.03,1800.47
914,3466.03,1800.58
915,3466.13,1800.58
916,3466.22,1800.58
917,3466.22,1800.69
918,3466.32,1800.69
919,3466.32,1800.69
920,3466.41,1800.69
921,3466.51,1800.8
922,3466.51,1800.8
923,3466.6,1800.8
924,3466.6,1800.92
925,3466.7,1800.92
926,3466.89,1800.69
927,3467.08,1800.58
928,3467.37,1800.36
929,3467.56,1800.25
930,3467.75,1800.14
931,3467.94,1799.92
932,3468.13,1799.81
933,3468.41,1799.59
934,3468.6,1799.47
935,3468.8,1799.25
936,3468.8,1799.25
937,3468.7,1799.14
938,3468.7,1799.14
939,3468.6,1799.14
940,3468.6,1799.14
941,3468.6,1799.03
942,3468.51,1799.03
943,3468.51,1799.03
944,3468.41,1798.92
945,3468.41,1798.92
