0,1628.59,3339.5
1,1628.59,3339.5
2,1628.59,3339.5
3,1628.59,3339.5
4,1628.59,3339.5
5,1628.59,3339.5
6,1628.59,3339.5
7,1628.59,3339.5
8,1628.59,3339.5
9,1628.59,3339.5
10,1628.59,3339.5
11,1628.59,3339.5
12,1628.59,3339.5
13,1628.59,3339.5
14,1628.59,3339.5
15,1628.59,3339.5
16,1628.59,3339.5
17,1628.59,3339.5
18,1628.59,3339.5
19,1628.59,3339.5
20,1628.59,3339.5
21,1628.59,3339.5
22,1628.59,3339.5
23,1628.59,3339.5
24,1628.59,3339.5
25,1628.59,3339.5
26,1628.59,3339.5
27,1628.78,3341.39
28,1628.97,3343.39
29,1629.26,3345.27
30,1629.45,3347.27
31,1629.64,3349.15
32,1629.83,3351.15
33,1630.02,3353.03
34,1630.31,3355.03
35,1630.5,3356.91
36,1630.69,3358.91
37,1630.88,3363.23
38,1631.07,3367.44
39,1631.26,3371.77
40,1631.45,3375.98
41,1631.64,3380.31
42,1628.4,3389.4
43,1625.07,3398.49
44,1621.83,3407.58
45,1618.49,3416.67
46,1615.25,3425.76
47,1612.01,3434.86
48,1608.68,3443.84
49,1605.44,3452.93
50,1602.2,3462.02
51,1598.86,3471.11
52,1595.62,3480.2
53,1592.29,3489.29
54,1589.05,3498.39
55,1579.62,3517.35
56,1570.19,3536.19
57,1560.75,3555.15
58,1551.23,3574.11
59,1541.79,3592.96
60,1532.36,3611.92
61,1527.22,3625.34
62,1521.97,3638.75
63,1516.83,3652.17
64,1511.68,3665.58
65,1506.54,3679.0
66,1501.3,3692.53
67,1496.15,3705.94
68,1491.01,3719.36
69,1485.77,3732.77
70,1480.62,3746.19
71,1471.67,3747.08
72,1462.71,3748.07
73,1453.85,3748.96
74,1444.89,3749.85
75,1435.94,3750.84
76,1426.98,3751.73
77,1418.03,3752.62
78,1409.17,3753.62
79,1400.21,3754.5
80,1391.25,3755.39
81,1382.3,3756.39
82,1373.34,3757.28
83,1364.38,3758.16
84,1355.52,3759.16
85,1346.57,3760.05
86,1337.61,3760.93
87,1328.66,3761.93
88,1319.7,3762.82
89,1310.84,3763.71
90,1301.88,3764.7
91,1292.93,3765.59
92,1282.16,3759.38
93,1271.49,3753.17
94,1260.72,3746.96
95,1249.96,3740.76
96,1239.19,3734.55
97,1228.52,3728.23
98,1217.75,3722.02
99,1206.98,3715.81
100,1196.31,3709.6
101,1185.55,3703.39
102,1179.16,3697.96
103,1172.78,3692.53
104,1166.4,3687.2
105,1160.01,3681.77
106,1153.63,3676.34
107,1147.34,3670.91
108,1140.96,3665.47
109,1134.57,3660.04
110,1128.19,3654.72
111,1121.81,3649.28
112,1115.42,3643.85
113,1110.75,3638.97
114,1105.99,3634.1
115,1101.32,3629.11
116,1096.65,3624.23
117,1091.89,3619.35
118,1087.22,3614.47
119,1082.55,3609.48
120,1077.79,3604.6
121,1073.12,3599.72
122,1068.07,3594.29
123,1063.02,3588.86
124,1057.97,3583.43
125,1052.92,3577.99
126,1047.87,3572.56
127,1042.82,3567.13
128,1037.77,3561.7
129,1032.72,3556.26
130,1027.67,3550.83
131,1022.62,3545.4
132,1020.72,3544.62
133,1018.91,3543.96
134,1017.0,3543.18
135,1015.09,3542.51
136,1013.28,3541.74
137,1011.38,3540.96
138,1009.47,3540.3
139,1007.66,3539.52
140,1005.76,3538.86
141,1003.85,3538.08
142,1002.04,3537.3
143,1000.14,3536.64
144,998.23,3535.86
145,996.42,3535.2
146,994.51,3534.42
147,985.65,3553.27
148,976.89,3572.12
149,968.03,3590.85
150,959.26,3609.7
151,950.4,3628.55
152,945.35,3641.08
153,940.3,3653.72
154,935.25,3666.25
155,930.2,3678.78
156,925.15,3691.42
157,920.1,3703.95
158,915.05,3716.47
159,910.0,3729.0
160,904.95,3741.64
161,899.9,3754.17
162,894.95,3767.03
163,889.99,3780.0
164,884.94,3792.87
165,879.99,3805.73
166,875.04,3818.59
167,870.08,3831.56
168,865.13,3844.42
169,860.08,3857.28
170,855.12,3870.26
171,850.17,3883.12
172,845.12,3895.87
173,840.07,3908.62
174,835.02,3921.48
175,829.97,3934.23
176,824.92,3946.98
177,819.87,3959.73
178,814.82,3972.48
179,809.77,3985.34
180,804.72,3998.09
181,799.67,4010.84
182,796.81,4018.49
183,793.86,4026.03
184,791.0,4033.68
185,788.14,4041.33
186,785.28,4048.87
187,782.33,4056.52
188,779.47,4064.06
189,776.61,4071.71
190,773.75,4079.36
191,770.8,4086.9
192,767.94,4094.55
193,760.61,4104.97
194,753.17,4115.29
195,745.84,4125.71
196,738.5,4136.02
197,731.17,4146.44
198,723.73,4156.75
199,716.4,4167.17
200,709.06,4177.49
201,701.72,4187.91
202,694.29,4198.22
203,686.96,4208.64
204,679.62,4218.95
205,672.28,4229.37
206,664.85,4239.69
207,657.52,4250.11
208,650.18,4260.42
209,642.84,4270.84
210,635.41,4281.15
211,628.07,4291.57
212,623.31,4297.12
213,618.55,4302.66
214,613.78,4308.09
215,609.02,4313.64
216,604.25,4319.18
217,599.49,4324.73
218,594.73,4330.16
219,589.96,4335.7
220,585.29,4341.25
221,580.53,4346.79
222,575.77,4352.33
223,571.0,4357.77
224,566.24,4363.31
225,561.47,4368.85
226,556.71,4374.4
227,551.95,4379.83
228,547.18,4385.37
229,542.42,4390.92
230,542.32,4391.03
231,542.23,4391.03
232,542.13,4391.14
233,542.04,4391.25
234,541.94,4391.36
235,541.85,4391.36
236,541.75,4391.47
237,541.56,4391.58
238,541.47,4391.69
239,541.37,4391.69
240,541.28,4391.8
241,541.18,4391.91
242,541.09,4392.03
243,540.99,4392.03
244,540.89,4392.14
245,540.8,4392.25
246,540.7,4392.36
247,540.61,4392.36
248,540.51,4392.47
249,540.42,4392.58
250,540.32,4392.69
251,540.13,4392.69
252,540.04,4392.8
253,539.94,4392.91
254,539.85,4393.02
255,539.75,4393.02
256,539.66,4393.13
257,539.56,4393.25
258,539.47,4393.36
259,539.37,4393.36
260,539.27,4393.47
261,539.18,4393.58
262,539.08,4393.69
263,538.99,4393.69
264,538.89,4393.8
265,538.7,4393.91
266,538.61,4394.02
267,538.51,4394.02
268,538.42,4394.13
269,538.32,4394.24
270,538.23,4394.35
271,538.13,4394.35
272,538.04,4394.46
273,537.94,4394.58
274,537.85,4394.69
275,537.75,4394.69
276,537.66,4394.8
277,537.56,4394.91
278,537.46,4395.02
279,537.37,4395.02
280,537.18,4395.13
281,537.08,4395.24
282,536.99,4395.35
283,536.89,4395.35
284,536.8,4395.46
285,536.7,4395.57
286,536.61,4395.68
287,536.51,4395.68
288,536.42,4395.8
289,536.32,4395.91
290,536.23,4396.02
291,536.13,4396.02
292,536.04,4396.13
293,535.94,4396.24
294,535.75,4396.35
295,535.65,4396.35
296,535.56,4396.46
297,535.46,4396.57
298,535.37,4396.68
299,535.27,4396.68
300,535.18,4396.79
301,535.08,4396.9
302,534.99,4397.01
303,534.89,4397.01
304,534.8,4397.13
305,534.7,4397.24
306,534.61,4397.35
307,534.51,4397.35
308,534.32,4397.46
309,534.23,4397.57
310,534.13,4397.68
311,534.03,4397.68
312,533.94,4397.79
313,533.84,4397.9
314,533.75,4398.01
315,533.65,4398.01
316,533.56,4398.12
317,533.46,4398.23
318,533.37,4398.35
319,533.27,4398.35
320,533.18,4398.46
321,533.08,4398.57
322,532.99,4398.68
323,532.8,4398.68
324,532.7,4398.79
325,532.61,4398.9
326,532.51,4399.01
327,532.41,4399.01
328,532.32,4399.12
329,532.22,4399.23
330,532.13,4399.34
331,532.03,4399.34
332,531.94,4399.45
333,531.84,4399.56
334,531.75,4399.68
335,531.65,4399.68
336,531.56,4399.79
337,531.37,4399.9
338,531.27,4400.01
339,531.18,4400.01
340,531.08,4400.12
341,530.99,4400.23
342,530.89,4400.34
343,530.8,4400.34
344,530.7,4400.45
345,530.6,4400.56
346,530.51,4400.67
347,530.41,4400.67
348,530.32,4400.78
349,530.22,4400.9
350,530.13,4401.01
351,529.94,4401.01
352,529.84,4401.12
353,529.75,4401.23
354,529.65,4401.34
355,529.56,4401.34
356,529.46,4401.45
357,529.37,4401.56
358,529.27,4401.67
359,529.18,4401.67
360,529.08,4401.78
361,528.98,4401.89
362,528.89,4402.0
363,528.79,4402.0
364,528.7,4402.11
365,528.6,4402.23
366,528.41,4402.34
367,528.32,4402.34
368,528.22,4402.45
369,528.13,4402.56
370,528.03,4402.67
371,527.94,4402.67
372,527.84,4402.78
373,527.75,4402.89
374,527.65,4403.0
375,527.56,4403.0
376,527.46,4403.11
377,527.37,4403.22
378,527.27,4403.33
379,527.17,4403.33
380,526.98,4403.45
381,526.89,4403.56
382,526.79,4403.67
383,526.7,4403.67
384,526.6,4403.78
385,526.51,4403.89
386,526.41,4404.0
387,526.32,4404.0
388,526.22,4404.11
389,526.13,4404.22
390,526.03,4404.22
391,525.94,4404.33
392,525.84,4404.44
393,525.75,4404.55
394,525.55,4404.55
395,525.46,4404.67
396,525.36,4404.78
397,525.27,4404.89
398,525.17,4404.89
399,525.08,4405.0
400,524.98,4405.11
401,524.89,4405.22
402,524.79,4405.22
403,524.7,4405.33
404,524.6,4405.44
405,524.51,4405.55
406,524.41,4405.55
407,524.32,4405.66
408,524.22,4405.77
409,524.03,4405.88
410,523.94,4405.88
411,523.84,4406.0
412,523.74,4406.11
413,523.65,4406.22
414,523.55,4406.22
415,523.46,4406.33
416,523.36,4406.44
417,523.27,4406.55
418,523.17,4406.55
419,523.08,4406.66
420,522.98,4406.77
421,522.89,4406.88
422,522.79,4406.88
423,522.6,4406.99
424,522.51,4407.1
425,522.41,4407.22
426,522.32,4407.22
427,522.22,4407.33
428,522.12,4407.44
429,522.03,4407.55
430,521.93,4407.55
431,521.84,4407.66
432,521.74,4407.77
433,521.65,4407.88
434,521.55,4407.88
435,521.46,4407.99
436,521.36,4408.1
437,521.17,4408.21
438,521.08,4408.21
439,520.98,4408.32
440,520.89,4408.43
441,520.79,4408.55
442,520.7,4408.55
443,520.6,4408.66
444,520.51,4408.77
445,520.41,4408.88
446,520.31,4408.88
447,520.22,4408.99
448,520.12,4409.1
449,520.03,4409.21
450,519.93,4409.21
451,519.84,4409.32
452,519.65,4409.43
453,519.55,4409.54
454,519.46,4409.54
455,519.36,4409.65
456,519.27,4409.77
457,519.17,4409.88
458,519.08,4409.88
459,518.98,4409.99
460,518.89,4410.1
461,518.79,4410.21
462,518.69,4410.21
463,518.6,4410.32
464,518.5,4410.43
465,518.41,4410.54
466,518.22,4410.54
467,518.12,4410.65
468,518.03,4410.76
469,517.93,4410.87
470,517.84,4410.87
471,517.74,4410.98
472,517.65,4411.1
473,517.55,4411.21
474,517.46,4411.21
475,517.36,4411.32
476,517.27,4411.43
477,517.17,4411.54
478,517.08,4411.54
479,516.98,4411.65
480,516.79,4411.76
481,516.69,4411.87
482,516.6,4411.87
483,516.5,4411.98
484,516.41,4412.09
485,516.31,4412.2
486,516.22,4412.2
487,516.12,4412.32
488,516.03,4412.43
489,515.93,4412.54
490,515.84,4412.54
491,515.74,4412.65
492,515.65,4412.76
493,515.55,4412.87
494,515.46,4412.87
495,515.26,4412.98
496,515.17,4413.09
497,515.07,4413.2
498,514.98,4413.2
499,514.88,4413.31
500,514.79,4413.42
501,514.69,4413.53
502,514.6,4413.53
503,514.5,4413.65
504,514.41,4413.76
505,514.31,4413.87
506,514.22,4413.87
507,514.12,4413.98
508,514.03,4414.09
509,513.84,4414.2
510,513.74,4414.2
511,513.65,4414.31
512,513.55,4414.42
513,513.45,4414.53
514,513.36,4414.53
515,513.26,4414.64
516,513.17,4414.75
517,513.07,4414.87
518,512.98,4414.87
519,512.88,4414.98
520,512.79,4415.09
521,512.69,4415.2
522,512.6,4415.2
523,512.41,4415.31
524,512.31,4415.42
525,512.22,4415.53
526,512.12,4415.53
527,512.03,4415.64
528,511.93,4415.75
529,511.83,4415.86
530,511.74,4415.86
531,511.64,4415.97
532,511.55,4416.08
533,511.45,4416.2
534,511.36,4416.2
535,511.26,4416.31
536,511.17,4416.42
537,511.07,4416.53
538,510.88,4416.53
539,510.79,4416.64
540,510.69,4416.75
541,510.6,4416.86
542,510.5,4416.86
543,510.41,4416.97
544,510.31,4417.08
545,510.22,4417.08
546,510.12,4417.19
547,510.02,4417.3
548,509.93,4417.42
549,509.83,4417.42
550,509.74,4417.53
551,509.64,4417.64
552,509.45,4417.75
553,509.36,4417.75
554,509.26,4417.86
555,509.17,4417.97
556,509.07,4418.08
557,508.98,4418.08
558,508.88,4418.19
559,508.79,4418.3
560,508.69,4418.41
561,508.6,4418.41
562,508.5,4418.52
563,508.4,4418.64
564,508.31,4418.75
565,508.21,4418.75
566,508.02,4418.86
567,507.93,4418.97
568,507.83,4419.08
569,507.74,4419.08
570,507.64,4419.19
571,507.55,4419.3
572,507.45,4419.41
573,507.36,4419.41
574,507.26,4419.52
575,507.17,4419.63
576,507.07,4419.74
577,506.98,4419.74
578,506.88,4419.85
579,506.79,4419.97
580,506.69,4420.08
581,506.5,4420.08
582,506.4,4420.19
583,506.31,4420.3
584,506.21,4420.41
585,506.12,4420.41
586,506.02,4420.52
587,505.93,4420.63
588,505.83,4420.74
589,505.74,4420.74
590,505.64,4420.85
591,505.55,4420.96
592,505.45,4421.07
593,505.36,4421.07
594,505.26,4421.19
595,505.07,4421.3
596,504.97,4421.41
597,504.88,4421.41
598,504.78,4421.52
599,504.69,4421.63
600,504.59,4421.74
601,504.5,4421.74
602,504.4,4421.85
603,504.31,4421.96
604,504.21,4422.07
605,504.12,4422.07
606,504.02,4422.18
607,503.93,4422.29
608,503.83,4422.4
609,503.64,4422.4
610,503.55,4422.52
611,503.45,4422.63
612,503.36,4422.74
613,503.26,4422.74
614,503.16,4422.85
615,503.07,4422.96
616,502.97,4423.07
617,502.88,4423.07
618,502.78,4423.18
619,502.69,4423.29
620,502.59,4423.4
621,502.5,4423.4
622,502.4,4423.51
623,502.31,4423.62
624,502.12,4423.74
625,502.02,4423.74
626,501.93,4423.85
627,501.83,4423.96
628,501.74,4424.07
629,501.64,4424.07
630,501.54,4424.18
631,501.45,4424.29
632,501.35,4424.4
633,501.26,4424.4
634,501.16,4424.51
635,501.07,4424.62
636,500.97,4424.73
637,500.88,4424.73
638,500.69,4424.84
639,500.59,4424.95
640,500.5,4425.07
641,500.4,4425.07
642,500.31,4425.18
643,500.21,4425.29
644,500.12,4425.4
645,500.02,4425.4
646,499.92,4425.51
647,499.83,4425.62
648,499.73,4425.73
649,499.64,4425.73
650,499.54,4425.84
651,499.45,4425.95
652,499.26,4426.06
653,499.16,4426.06
654,499.07,4426.17
655,498.97,4426.29
656,498.88,4426.4
657,498.78,4426.4
658,498.69,4426.51
659,498.59,4426.62
660,498.5,4426.73
661,498.4,4426.73
662,498.31,4426.84
663,498.21,4426.95
664,498.11,4427.06
665,498.02,4427.06
666,497.92,4427.17
667,497.73,4427.28
668,497.64,4427.39
669,497.54,4427.39
670,497.45,4427.5
671,497.35,4427.62
672,497.26,4427.73
673,497.16,4427.73
674,497.07,4427.84
675,496.97,4427.95
676,496.88,4428.06
677,496.78,4428.06
678,496.69,4428.17
679,496.59,4428.28
680,496.49,4428.39
681,496.3,4428.39
682,496.21,4428.5
683,496.11,4428.61
684,496.02,4428.72
685,495.92,4428.72
686,495.83,4428.84
687,495.73,4428.95
688,495.64,4429.06
689,495.54,4429.06
690,495.45,4429.17
691,495.35,4429.28
692,495.26,4429.39
693,495.16,4429.39
694,495.07,4429.5
695,494.88,4429.61
696,494.78,4429.72
697,494.68,4429.72
698,494.59,4429.83
699,494.49,4429.94
700,494.4,4430.05
701,494.3,4430.05
702,494.21,4430.17
703,502.31,4420.63
704,510.5,4410.98
705,518.69,4401.45
706,526.79,4391.8
707,534.99,4382.27
708,543.09,4372.73
709,551.18,4363.09
710,559.38,4353.55
711,567.57,4343.91
712,575.67,4334.37
713,583.58,4325.94
714,591.39,4317.41
715,599.3,4308.98
716,607.11,4300.44
717,614.93,4292.02
718,622.83,4283.48
719,630.65,4274.94
720,638.55,4266.52
721,646.37,4257.98
722,654.28,4249.55
723,655.8,4247.89
724,657.23,4246.23
725,658.75,4244.56
726,660.18,4242.9
727,661.71,4241.24
728,663.23,4239.46
729,664.66,4237.8
730,666.19,4236.14
731,667.61,4234.47
732,669.14,4232.81
733,669.14,4232.81
734,669.14,4232.81
735,669.14,4232.81
736,669.14,4232.81
737,669.14,4232.81
738,669.14,4232.81
739,669.14,4232.81
740,669.14,4232.81
741,669.14,4232.81
742,669.14,4232.81
743,669.14,4232.81
744,669.14,4232.81
745,669.14,4232.81
746,669.14,4232.81
747,669.14,4232.81
748,669.14,4232.81
749,669.14,4232.81
750,669.14,4232.81
751,669.14,4232.81
752,669.14,4232.81
753,669.14,4232.81
754,669.14,4232.81
755,669.14,4232.81
756,669.14,4232.81
757,669.14,4232.81
758,669.14,4232.81
759,669.14,4232.81
760,669.14,4232.81
761,669.14,4232.81
762,669.14,4232.81
763,669.14,4232.81
764,669.14,4232.81
765,669.14,4232.81
766,669.14,4232.81
767,669.14,4232.81
768,669.14,4232.92
769,669.14,4232.92
770,669.14,4232.92
771,669.14,4232.92
772,669.14,4232.92
773,671.81,4229.26
774,674.57,4225.49
775,677.24,4221.72
776,680.0,4218.07
777,682.67,4214.41
778,685.34,4210.64
779,688.1,4206.98
780,690.77,4203.21
781,693.53,4199.44
782,696.2,4195.78
783,693.82,4184.91
784,691.62,4182.25
785,689.43,4179.48
786,687.24,4176.82
787,684.96,4174.16
788,682.76,4171.5
789,680.57,4168.73
790,678.38,4166.07
791,676.19,4163.4
792,674.0,4160.63
793,671.81,4157.97
794,669.62,4155.31
795,667.33,4152.65
796,665.14,4149.88
797,662.95,4147.22
798,660.75,4144.56
799,658.56,4141.78
800,656.37,4139.12
801,654.18,4136.46
802,651.99,4133.69
803,649.7,4131.03
804,647.51,4128.37
805,645.32,4125.71
806,643.13,4122.94
807,640.94,4120.27
808,638.75,4117.61
809,636.55,4114.84
810,634.36,4112.18
811,632.08,4109.52
812,629.88,4106.86
813,627.69,4104.09
814,625.5,4101.43
815,624.17,4100.21
816,622.74,4098.99
817,621.4,4097.66
818,620.07,4096.44
819,618.64,4095.22
820,617.31,4094.0
821,615.97,4092.78
822,614.64,4091.45
823,613.21,4090.23
824,611.88,4089.01
825,605.97,4085.13
826,600.16,4081.25
827,594.25,4077.48
828,588.44,4073.6
829,582.53,4069.72
830,576.72,4065.84
831,570.91,4061.96
832,565.0,4058.19
833,559.09,4054.31
834,553.28,4050.42
835,548.9,4047.43
836,544.42,4044.44
837,539.94,4041.44
838,535.56,4038.45
839,531.18,4035.57
840,526.7,4032.57
841,522.32,4029.58
842,517.84,4026.59
843,513.45,4023.59
844,508.98,4020.6
845,504.97,4017.38
846,501.07,4014.17
847,497.07,4010.95
848,493.06,4007.74
849,496.11,4006.08
850,497.26,4006.3
851,498.31,4006.52
852,499.45,4006.74
853,500.5,4006.96
854,502.59,4008.4
855,504.69,4009.85
856,506.79,4011.29
857,508.88,4012.73
858,510.98,4014.06
859,513.07,4015.5
860,515.17,4016.94
861,517.27,4018.38
862,519.36,4019.82
863,521.36,4021.27
864,523.46,4022.71
865,525.55,4024.15
866,527.65,4025.59
867,529.75,4026.92
868,531.84,4028.36
869,533.94,4029.8
870,536.04,4031.24
871,538.13,4032.68
872,538.13,4032.68
873,538.13,4032.68
874,538.13,4032.68
875,538.13,4032.68
876,538.13,4032.68
877,538.13,4032.68
878,538.13,4032.68
879,538.13,4032.68
880,538.13,4032.68
881,538.13,4032.68
882,538.13,4032.68
883,538.13,4032.68
884,538.13,4032.68
885,538.13,4032.68
886,538.13,4032.68
887,538.13,4032.68
888,538.13,4032.68
889,538.13,4032.68
890,538.13,4032.68
891,538.13,4032.68
892,538.13,4032.68
893,538.13,4032.68
894,538.13,4032.68
895,538.13,4032.68
896,538.13,4032.68
897,538.13,4032.68
898,538.13,4032.68
899,538.13,4032.68
900,538.13,4032.68
901,538.13,4032.68
902,538.13,4032.68
903,538.13,4032.68
904,538.13,4032.68
905,538.13,4032.68
906,538.13,4032.68
907,538.13,4032.68
908,538.13,4032.68
909,538.13,4032.68
910,538.13,4032.68
911,538.13,4032.68
912,538.13,4032.68
913,538.13,4032.68
914,538.13,4032.68
915,538.13,4032.68
916,538.13,4032.68
917,538.13,4032.68
918,538.13,4032.68
919,538.13,4032.68
920,538.13,4032.68
921,538.13,4032.68
922,538.13,4032.68
923,538.13,4032.68
924,538.13,4032.68
925,538.13,4032.68
926,538.13,4032.68
927,538.13,4032.68
928,538.13,4032.68
929,538.13,4032.68
930,538.13,4032.68
931,538.13,4032.68
932,538.13,4032.68
933,538.13,4032.68
934,538.13,4032.68
935,538.13,4032.68
936,538.13,4032.68
937,538.13,4032.68
938,538.13,4032.68
939,538.13,4032.68
940,538.13,4032.68
941,538.13,4032.68
942,538.13,4032.68
943,538.13,4032.68
944,538.13,4032.68
945,538.13,4032.68
