0,1935.1,2618.5
1,1927.48,2618.5
2,1919.86,2618.61
3,1912.33,2618.72
4,1904.71,2618.72
5,1897.18,2618.83
6,1889.56,2618.83
7,1883.94,2618.38
8,1878.22,2618.05
9,1872.6,2617.72
10,1866.98,2617.28
11,1861.26,2616.83
12,1855.64,2616.5
13,1850.02,2616.17
14,1844.3,2615.72
15,1838.68,2615.28
16,1832.96,2614.95
17,1827.34,2614.62
18,1821.72,2614.17
19,1816.0,2613.73
20,1810.38,2613.4
21,1804.76,2613.06
22,1799.04,2612.62
23,1793.42,2612.18
24,1787.8,2611.84
25,1782.08,2611.51
26,1776.46,2611.07
27,1775.89,2610.96
28,1775.22,2610.85
29,1774.65,2610.73
30,1774.08,2610.62
31,1773.51,2610.51
32,1772.84,2610.4
33,1772.27,2610.29
34,1771.7,2610.18
35,1771.03,2610.07
36,1770.46,2609.96
37,1770.46,2609.96
38,1770.46,2609.96
39,1770.46,2609.96
40,1770.46,2609.96
41,1770.46,2609.96
42,1770.46,2609.96
43,1770.46,2609.96
44,1770.46,2609.96
45,1770.46,2609.96
46,1770.46,2609.96
47,1770.46,2609.96
48,1770.46,2609.96
49,1770.46,2609.96
50,1770.46,2609.96
51,1770.46,2609.96
52,1770.46,2609.96
53,1770.46,2609.96
54,1770.46,2609.96
55,1770.46,2609.96
56,1770.46,2609.96
57,1770.46,2609.96
58,1770.46,2609.96
59,1770.46,2609.96
60,1770.46,2609.96
61,1770.46,2609.96
62,1770.46,2609.96
63,1770.46,2609.96
64,1770.46,2609.96
65,1770.46,2609.96
66,1770.46,2609.96
67,1768.46,2609.74
68,1766.46,2609.63
69,1764.36,2609.4
70,1762.36,2609.29
71,1760.36,2609.07
72,1758.36,2608.85
73,1756.36,2608.74
74,1754.26,2608.52
75,1752.26,2608.41
76,1750.26,2608.18
77,1748.26,2607.96
78,1746.26,2607.85
79,1744.16,2607.63
80,1742.16,2607.52
81,1740.16,2607.3
82,1738.16,2607.08
83,1736.16,2606.96
84,1734.06,2606.74
85,1732.06,2606.63
86,1730.06,2606.41
87,1725.87,2608.07
88,1721.68,2609.74
89,1717.49,2611.29
90,1713.29,2612.95
91,1709.1,2614.62
92,1707.39,2619.38
93,1705.77,2624.15
94,1705.39,2634.68
95,1705.0,2645.22
96,1704.62,2655.75
97,1704.24,2666.28
98,1703.86,2676.81
99,1703.38,2687.35
100,1703.0,2697.88
101,1702.62,2708.41
102,1702.24,2718.95
103,1701.86,2729.48
104,1700.81,2742.9
105,1699.86,2756.42
106,1698.81,2769.84
107,1697.76,2783.36
108,1696.72,2796.89
109,1695.76,2810.31
110,1694.71,2823.83
111,1693.67,2837.25
112,1692.71,2850.78
113,1691.67,2864.19
114,1690.52,2874.83
115,1689.38,2885.59
116,1688.33,2896.23
117,1687.19,2906.88
118,1686.04,2917.52
119,1684.9,2928.28
120,1683.76,2938.92
121,1682.61,2949.56
122,1681.57,2960.21
123,1680.42,2970.96
124,1679.28,2981.61
125,1677.28,2989.92
126,1675.28,2998.24
127,1673.28,3006.55
128,1671.28,3014.87
129,1669.37,3023.18
130,1667.37,3031.5
131,1665.37,3039.81
132,1663.37,3048.13
133,1661.37,3056.45
134,1659.46,3067.64
135,1657.46,3078.95
136,1655.55,3090.15
137,1653.65,3101.46
138,1651.65,3112.66
139,1649.74,3123.86
140,1647.84,3135.17
141,1645.84,3146.36
142,1643.93,3157.67
143,1641.93,3168.87
144,1640.02,3180.07
145,1638.12,3191.38
146,1636.12,3202.58
147,1634.21,3213.89
148,1632.31,3225.08
149,1630.31,3236.28
150,1628.4,3247.59
151,1626.5,3258.79
152,1624.49,3270.1
153,1622.59,3281.3
154,1619.35,3295.27
155,1616.01,3309.24
156,1612.77,3323.21
157,1609.44,3337.18
158,1606.2,3351.15
159,1602.87,3365.12
160,1599.53,3379.09
161,1596.29,3393.06
162,1593.05,3407.03
163,1589.72,3421.0
164,1584.67,3432.19
165,1579.52,3443.5
166,1574.38,3454.7
167,1569.33,3465.9
168,1564.28,3477.1
169,1559.13,3488.41
170,1553.99,3499.61
171,1548.94,3510.8
172,1543.89,3522.11
173,1538.74,3533.31
174,1533.5,3543.4
175,1528.17,3553.38
176,1522.93,3563.47
177,1517.69,3573.56
178,1512.45,3583.54
179,1507.11,3593.63
180,1501.87,3603.72
181,1496.63,3613.81
182,1491.3,3623.78
183,1486.05,3633.87
184,1481.77,3642.74
185,1477.38,3651.72
186,1473.1,3660.59
187,1468.71,3669.46
188,1464.43,3678.33
189,1460.04,3687.31
190,1455.76,3696.18
191,1451.37,3705.05
192,1447.09,3714.03
193,1442.7,3722.9
194,1439.37,3731.66
195,1436.03,3740.31
196,1432.7,3749.07
197,1429.46,3757.72
198,1426.12,3766.48
199,1422.79,3775.13
200,1419.46,3783.89
201,1416.12,3792.53
202,1412.79,3801.29
203,1409.45,3809.94
204,1406.21,3818.7
205,1402.88,3827.35
206,1399.54,3836.11
207,1396.21,3844.75
208,1392.87,3853.51
209,1389.54,3862.16
210,1386.2,3870.92
211,1382.96,3879.57
212,1379.63,3888.33
213,1376.29,3896.98
214,1372.96,3905.73
215,1369.24,3916.05
216,1365.53,3926.36
217,1361.81,3936.56
218,1358.1,3946.87
219,1354.48,3957.18
220,1350.76,3967.49
221,1347.04,3977.69
222,1343.33,3988.0
223,1339.61,3998.31
224,1336.75,4006.08
225,1333.9,4013.84
226,1331.13,4021.6
227,1328.27,4029.36
228,1325.42,4037.12
229,1322.56,4044.88
230,1319.7,4052.64
231,1316.94,4060.4
232,1314.08,4068.16
233,1311.22,4075.93
234,1310.17,4080.69
235,1309.12,4085.46
236,1308.08,4090.12
237,1307.03,4094.88
238,1306.07,4099.65
239,1305.03,4104.42
240,1303.98,4109.19
241,1302.93,4113.84
242,1301.88,4118.61
243,1300.83,4123.38
244,1298.64,4132.03
245,1296.45,4140.68
246,1294.26,4149.32
247,1292.07,4157.97
248,1289.88,4166.73
249,1287.69,4175.38
250,1285.49,4184.03
251,1283.3,4192.68
252,1281.11,4201.32
253,1278.92,4209.97
254,1276.73,4218.62
255,1274.54,4227.27
256,1272.35,4235.92
257,1270.15,4244.56
258,1267.96,4253.21
259,1265.77,4261.97
260,1263.58,4270.62
261,1261.39,4279.27
262,1259.2,4287.92
263,1257.01,4296.56
264,1254.81,4305.21
265,1252.62,4313.86
266,1250.43,4322.51
267,1248.24,4331.16
268,1246.05,4339.8
269,1243.86,4348.56
270,1241.67,4357.21
271,1239.47,4365.86
272,1237.28,4374.51
273,1235.09,4383.16
274,1235.0,4392.14
275,1234.9,4401.23
276,1234.81,4410.21
277,1237.86,4410.21
278,1240.9,4410.32
279,1243.95,4410.32
280,1247.0,4410.32
281,1250.05,4410.32
282,1253.1,4410.43
283,1256.15,4410.43
284,1259.2,4410.43
285,1262.25,4410.43
286,1265.2,4410.54
287,1268.25,4410.54
288,1271.3,4410.54
289,1274.35,4410.54
290,1277.4,4410.65
291,1280.44,4410.65
292,1283.49,4410.65
293,1286.54,4410.76
294,1289.59,4410.76
295,1292.64,4410.76
296,1295.69,4410.76
297,1298.74,4410.87
298,1301.79,4410.87
299,1304.84,4410.87
300,1307.88,4410.87
301,1310.93,4410.98
302,1313.98,4410.98
303,1317.03,4410.98
304,1320.08,4411.1
305,1323.13,4411.1
306,1326.08,4411.1
307,1329.13,4411.1
308,1332.18,4411.21
309,1335.23,4411.21
310,1338.28,4411.21
311,1341.33,4411.21
312,1344.38,4411.32
313,1347.43,4411.32
314,1350.47,4411.32
315,1353.52,4411.32
316,1356.57,4411.43
317,1359.62,4411.43
318,1362.67,4411.43
319,1365.72,4411.54
320,1368.77,4411.54
321,1371.82,4411.54
322,1374.87,4411.54
323,1377.91,4411.65
324,1380.96,4411.65
325,1383.92,4411.65
326,1386.97,4411.65
327,1390.01,4411.76
328,1393.06,4411.76
329,1396.11,4411.76
330,1399.16,4411.76
331,1402.21,4411.87
332,1405.26,4411.87
333,1408.31,4411.87
334,1411.36,4411.98
335,1414.41,4411.98
336,1417.45,4411.98
337,1420.5,4411.98
338,1423.55,4412.09
339,1426.6,4412.09
340,1429.65,4412.09
341,1432.7,4412.09
342,1435.75,4412.2
343,1438.8,4412.2
344,1441.85,4412.2
345,1444.8,4412.32
346,1447.85,4412.32
347,1450.9,4412.32
348,1453.95,4412.32
349,1457.0,4412.43
350,1460.04,4412.43
351,1463.09,4412.43
352,1466.14,4412.43
353,1469.19,4412.54
354,1472.24,4412.54
355,1475.29,4412.54
356,1478.34,4412.54
357,1481.39,4412.65
358,1484.44,4412.65
359,1487.48,4412.65
360,1490.53,4412.76
361,1493.58,4412.76
362,1496.63,4412.76
363,1499.68,4412.76
364,1502.63,4412.87
365,1505.68,4412.87
366,1508.73,4412.87
367,1511.78,4412.87
368,1514.83,4412.98
369,1517.88,4412.98
370,1520.93,4412.98
371,1523.98,4412.98
372,1527.02,4413.09
373,1530.07,4413.09
374,1533.12,4413.09
375,1536.17,4413.2
376,1539.22,4413.2
377,1542.27,4413.2
378,1545.32,4413.2
379,1548.37,4413.31
380,1551.42,4413.31
381,1554.46,4413.31
382,1557.51,4413.31
383,1560.47,4413.42
384,1563.52,4413.42
385,1566.57,4413.42
386,1569.61,4413.53
387,1572.66,4413.53
388,1575.71,4413.53
389,1578.76,4413.53
390,1581.81,4413.65
391,1584.86,4413.65
392,1587.91,4413.65
393,1590.96,4413.65
394,1594.01,4413.76
395,1597.05,4413.76
396,1600.1,4413.76
397,1603.15,4413.76
398,1606.2,4413.87
399,1609.25,4413.87
400,1612.3,4413.87
401,1615.35,4413.98
402,1618.4,4413.98
403,1621.35,4413.98
404,1624.4,4413.98
405,1627.45,4414.09
406,1630.5,4414.09
407,1633.55,4414.09
408,1636.59,4414.09
409,1639.64,4414.2
410,1642.69,4414.2
411,1645.74,4414.2
412,1648.79,4414.31
413,1651.84,4414.31
414,1654.89,4414.31
415,1657.94,4414.31
416,1660.99,4414.42
417,1664.03,4414.42
418,1667.08,4414.42
419,1670.13,4414.42
420,1673.18,4414.53
421,1676.23,4414.53
422,1679.18,4414.53
423,1682.23,4414.53
424,1685.28,4414.64
425,1688.33,4414.64
426,1691.38,4414.64
427,1694.43,4414.75
428,1697.48,4414.75
429,1700.53,4414.75
430,1703.58,4414.75
431,1706.62,4414.87
432,1709.67,4414.87
433,1712.72,4414.87
434,1715.77,4414.87
435,1718.82,4414.98
436,1721.87,4414.98
437,1724.92,4414.98
438,1727.97,4414.98
439,1731.02,4415.09
440,1734.06,4415.09
441,1737.11,4415.09
442,1740.07,4415.2
443,1743.12,4415.2
444,1746.16,4415.2
445,1749.21,4415.2
446,1752.26,4415.31
447,1755.31,4415.31
448,1758.36,4415.31
449,1761.41,4415.31
450,1764.46,4415.42
451,1767.51,4415.42
452,1770.56,4415.42
453,1773.6,4415.53
454,1776.65,4415.53
455,1779.7,4415.53
456,1782.75,4415.53
457,1785.8,4415.64
458,1788.85,4415.64
459,1791.9,4415.64
460,1794.95,4415.64
461,1797.9,4415.75
462,1800.95,4415.75
463,1804.0,4415.75
464,1807.05,4415.75
465,1810.1,4415.86
466,1813.15,4415.86
467,1816.19,4415.86
468,1819.24,4415.97
469,1822.29,4415.97
470,1825.34,4415.97
471,1828.39,4415.97
472,1831.44,4416.08
473,1834.49,4416.08
474,1837.54,4416.08
475,1840.59,4416.08
476,1843.63,4416.2
477,1846.68,4416.2
478,1849.73,4416.2
479,1852.78,4416.2
480,1855.83,4416.31
481,1858.78,4416.31
482,1861.83,4416.31
483,1864.88,4416.42
484,1867.93,4416.42
485,1870.98,4416.42
486,1874.03,4416.42
487,1877.08,4416.53
488,1880.13,4416.53
489,1883.17,4416.53
490,1886.22,4416.53
491,1889.27,4416.64
492,1892.32,4416.64
493,1895.37,4416.64
494,1898.42,4416.75
495,1901.47,4416.75
496,1904.52,4416.75
497,1907.57,4416.75
498,1910.61,4416.86
499,1913.66,4416.86
500,1916.62,4416.86
501,1919.67,4416.86
502,1922.72,4416.97
503,1925.76,4416.97
504,1928.81,4416.97
505,1931.86,4416.97
506,1934.91,4417.08
507,1937.96,4417.08
508,1941.01,4417.08
509,1944.06,4417.19
510,1947.11,4417.19
511,1950.16,4417.19
512,1953.2,4417.19
513,1956.25,4417.3
514,1959.3,4417.3
515,1962.35,4417.3
516,1965.4,4417.3
517,1968.45,4417.42
518,1971.5,4417.42
519,1974.45,4417.42
520,1977.5,4417.42
521,1980.55,4417.53
522,1983.6,4417.53
523,1986.65,4417.53
524,1989.7,4417.64
525,1992.74,4417.64
526,1995.79,4417.64
527,1998.84,4417.64
528,2001.89,4417.75
529,2004.94,4417.75
530,2007.99,4417.75
531,2011.04,4417.75
532,2014.09,4417.86
533,2017.14,4417.86
534,2020.18,4417.86
535,2023.23,4417.97
536,2026.28,4417.97
537,2029.33,4417.97
538,2032.38,4417.97
539,2035.33,4418.08
540,2038.38,4418.08
541,2041.43,4418.08
542,2044.48,4418.08
543,2047.53,4418.19
544,2050.58,4418.19
545,2053.63,4418.19
546,2056.68,4418.19
547,2059.73,4418.3
548,2062.77,4418.3
549,2071.64,4336.03
550,2072.59,4327.72
551,2073.64,4319.51
552,2074.59,4311.2
553,2075.54,4302.99
554,2076.49,4294.68
555,2077.54,4286.47
556,2078.5,4278.16
557,2079.45,4269.95
558,2080.4,4261.64
559,2081.45,4253.43
560,2082.4,4245.12
561,2083.35,4236.91
562,2084.31,4228.6
563,2085.36,4220.39
564,2086.31,4212.08
565,2087.26,4203.87
566,2088.21,4195.56
567,2089.26,4187.35
568,2090.21,4179.04
569,2092.98,4168.39
570,2095.74,4157.75
571,2098.5,4147.0
572,2101.27,4136.35
573,2104.03,4125.71
574,2106.79,4115.06
575,2109.56,4104.42
576,2112.32,4093.67
577,2115.08,4083.02
578,2117.84,4072.38
579,2123.28,4062.4
580,2128.71,4052.53
581,2134.23,4042.55
582,2139.66,4032.57
583,2145.09,4022.71
584,2150.53,4012.73
585,2155.96,4002.75
586,2161.48,3992.77
587,2166.91,3982.9
588,2172.34,3972.92
589,2177.2,3963.17
590,2181.97,3953.3
591,2186.83,3943.54
592,2191.59,3933.68
593,2196.45,3923.92
594,2201.21,3914.05
595,2206.07,3904.29
596,2210.93,3894.54
597,2215.7,3884.67
598,2220.55,3874.91
599,2225.32,3865.04
600,2230.18,3855.29
601,2232.37,3849.3
602,2234.56,3843.31
603,2236.85,3837.33
604,2239.04,3831.34
605,2241.23,3825.35
606,2243.52,3819.36
607,2245.71,3813.38
608,2247.9,3807.39
609,2247.9,3807.28
610,2247.9,3807.28
611,2248.0,3807.17
612,2248.0,3807.17
613,2248.0,3807.06
614,2248.0,3806.95
615,2248.09,3806.95
616,2248.09,3806.84
617,2248.09,3806.84
618,2248.09,3806.73
619,2248.19,3806.61
620,2248.19,3806.61
621,2248.19,3806.5
622,2248.28,3806.5
623,2248.28,3806.39
624,2248.28,3806.28
625,2248.28,3806.28
626,2248.38,3806.17
627,2248.38,3806.17
628,2248.38,3806.06
629,2248.38,3806.06
630,2248.38,3806.06
631,2248.38,3806.06
632,2248.38,3806.06
633,2248.38,3806.06
634,2248.38,3806.06
635,2248.38,3806.06
636,2248.38,3806.06
637,2248.38,3806.06
638,2248.38,3806.06
639,2248.38,3806.06
640,2248.38,3806.06
641,2248.38,3806.06
642,2248.38,3806.06
643,2248.38,3806.06
644,2248.38,3806.06
645,2248.38,3806.06
646,2248.38,3806.06
647,2248.38,3806.06
648,2248.38,3806.06
649,2248.38,3806.06
650,2248.38,3806.06
651,2248.38,3806.06
652,2248.38,3806.06
653,2248.38,3806.06
654,2248.38,3806.06
655,2248.38,3806.06
656,2248.38,3806.06
657,2248.38,3806.06
658,2248.38,3806.06
659,2248.38,3806.06
660,2248.38,3806.06
661,2248.38,3806.06
662,2248.38,3806.06
663,2248.38,3806.06
664,2248.38,3806.06
665,2248.38,3806.06
666,2248.38,3806.06
667,2248.38,3806.06
668,2248.38,3806.06
669,2249.04,3804.18
670,2249.71,3802.18
671,2250.38,3800.29
672,2251.04,3798.41
673,2251.71,3796.52
674,2252.47,3794.53
675,2253.14,3792.64
676,2253.81,3790.76
677,2254.47,3788.76
678,2255.14,3786.88
679,2255.81,3784.99
680,2256.47,3783.0
681,2257.14,3781.11
682,2257.81,3779.23
683,2258.57,3777.23
684,2259.24,3775.35
685,2259.9,3773.46
686,2260.57,3771.58
687,2261.24,3769.58
688,2261.91,3767.7
689,2264.38,3759.6
690,2266.86,3751.51
691,2269.34,3743.31
692,2271.81,3735.21
693,2274.29,3727.12
694,2276.86,3719.02
695,2279.34,3710.93
696,2281.82,3702.84
697,2284.3,3694.63
698,2286.77,3686.54
699,2289.25,3678.44
700,2291.63,3668.69
701,2294.01,3659.04
702,2296.4,3649.28
703,2298.78,3639.53
704,2301.26,3629.88
705,2303.64,3620.13
706,2306.02,3610.37
707,2308.4,3600.61
708,2310.78,3590.97
709,2313.17,3581.21
710,2316.21,3571.34
711,2319.26,3561.36
712,2322.31,3551.49
713,2325.36,3541.63
714,2328.31,3531.65
715,2331.36,3521.78
716,2334.41,3511.91
717,2337.46,3502.05
718,2340.51,3492.07
719,2343.56,3482.2
720,2346.42,3474.22
721,2349.18,3466.12
722,2352.04,3458.14
723,2354.8,3450.05
724,2357.66,3442.06
725,2360.42,3433.97
726,2363.28,3425.99
727,2366.04,3417.89
728,2368.9,3409.91
729,2368.52,3408.36
730,2368.24,3406.8
731,2367.86,3405.25
732,2367.47,3403.59
733,2367.09,3402.04
734,2366.81,3400.49
735,2366.43,3398.93
736,2366.04,3397.38
737,2365.66,3395.83
738,2365.28,3394.17
739,2365.0,3392.61
740,2364.62,3391.06
741,2364.23,3389.51
742,2363.85,3387.96
743,2363.57,3386.4
744,2363.19,3384.85
745,2362.81,3383.19
746,2362.42,3381.64
747,2362.14,3380.08
748,2361.76,3378.53
749,2360.9,3378.42
750,2360.04,3378.2
751,2359.18,3378.09
752,2358.33,3377.98
753,2357.47,3377.76
754,2356.52,3377.65
755,2355.66,3377.42
756,2354.8,3377.31
757,2353.94,3377.2
758,2353.09,3376.98
759,2352.23,3376.87
760,2341.56,3374.54
761,2330.89,3372.32
762,2320.22,3370.11
763,2309.54,3367.78
764,2307.83,3367.0
765,2306.11,3366.23
766,2304.4,3365.34
767,2302.68,3364.56
768,2300.97,3363.79
769,2299.25,3363.01
770,2297.54,3362.23
771,2295.82,3361.35
772,2294.11,3360.57
773,2292.39,3359.79
774,2290.58,3359.24
775,2288.77,3358.8
776,2286.96,3358.24
777,2285.15,3357.8
778,2283.34,3357.24
779,2281.53,3356.69
780,2279.72,3356.25
781,2277.91,3355.69
782,2276.1,3355.25
783,2274.29,3354.69
784,2271.34,3353.59
785,2268.29,3352.48
786,2265.34,3351.37
787,2262.38,3350.26
788,2259.43,3349.15
789,2256.38,3348.15
790,2253.43,3347.04
791,2250.47,3345.94
792,2247.42,3344.83
793,2244.47,3343.72
794,2242.37,3342.5
795,2240.28,3341.28
796,2238.18,3340.06
797,2236.09,3338.73
798,2233.99,3337.51
799,2231.89,3336.29
800,2229.8,3335.07
801,2227.7,3333.85
802,2225.6,3332.63
803,2223.51,3331.41
804,2221.41,3330.08
805,2219.32,3328.86
806,2217.22,3327.64
807,2215.12,3326.42
808,2213.03,3325.2
809,2210.93,3323.98
810,2208.84,3322.65
811,2206.74,3321.43
812,2204.64,3320.21
813,2202.55,3318.99
814,2202.55,3318.99
815,2202.55,3318.99
816,2202.55,3318.99
817,2202.55,3318.99
818,2202.55,3318.99
819,2202.55,3318.99
820,2202.55,3318.99
821,2202.55,3318.99
822,2202.55,3318.99
823,2202.55,3318.99
824,2202.55,3318.99
825,2202.55,3318.99
826,2202.55,3318.99
827,2202.55,3318.99
828,2202.55,3318.99
829,2202.55,3318.99
830,2202.55,3318.99
831,2202.55,3318.99
832,2202.55,3318.99
833,2202.55,3318.99
834,2202.55,3318.99
835,2202.55,3318.99
836,2202.55,3318.99
837,2202.55,3318.99
838,2202.55,3318.99
839,2202.55,3318.99
840,2202.55,3318.99
841,2202.55,3318.99
842,2202.55,3318.99
843,2202.55,3318.99
844,2202.55,3318.99
845,2202.55,3318.99
846,2202.55,3318.99
847,2202.55,3318.99
848,2202.55,3318.99
849,2202.55,3318.99
850,2202.55,3318.99
851,2202.55,3318.99
852,2202.55,3318.99
853,2202.55,3318.99
854,2202.55,3318.99
855,2202.55,3318.99
856,2202.55,3318.99
857,2202.55,3318.99
858,2202.55,3318.99
859,2202.55,3318.99
860,2202.55,3318.99
861,2202.55,3318.99
862,2202.55,3318.99
863,2202.55,3318.99
864,2202.55,3318.99
865,2202.55,3318.99
866,2202.55,3318.99
867,2202.55,3318.99
868,2202.55,3318.99
869,2202.55,3318.99
870,2202.55,3318.99
871,2202.55,3318.99
872,2202.55,3318.99
873,2202.55,3318.99
874,2200.36,3317.55
875,2198.16,3316.0
876,2195.97,3314.56
877,2193.78,3313.01
878,2191.59,3311.56
879,2189.49,3310.01
880,2187.3,3308.57
881,2185.11,3307.02
882,2182.92,3305.58
883,2180.73,3304.03
884,2178.54,3302.58
885,2176.73,3300.81
886,2174.92,3299.04
887,2173.01,3297.26
888,2171.2,3295.49
889,2169.39,3293.6
890,2167.58,3291.83
891,2165.67,3290.06
892,2163.86,3288.28
893,2162.05,3286.51
894,2162.05,3286.51
895,2162.05,3286.51
896,2162.05,3286.51
897,2162.05,3286.51
898,2162.05,3286.51
899,2162.05,3286.51
900,2162.05,3286.51
901,2162.05,3286.51
902,2162.05,3286.51
903,2162.05,3286.51
904,2162.05,3286.51
905,2162.05,3286.51
906,2162.05,3286.51
907,2162.05,3286.51
908,2162.05,3286.51
909,2162.05,3286.51
910,2162.05,3286.51
911,2162.05,3286.51
912,2162.05,3286.51
913,2162.05,3286.51
914,2162.05,3286.51
915,2162.05,3286.51
916,2162.05,3286.51
917,2162.05,3286.51
918,2162.05,3286.51
919,2162.05,3286.51
920,2162.05,3286.51
921,2162.05,3286.51
922,2162.05,3286.51
923,2162.05,3286.51
924,2162.05,3286.51
925,2162.05,3286.51
926,2162.05,3286.51
927,2162.05,3286.51
928,2162.05,3286.51
929,2162.05,3286.51
930,2162.05,3286.51
931,2162.05,3286.51
932,2162.05,3286.51
933,2162.05,3286.51
934,2162.05,3286.51
935,2162.05,3286.51
936,2162.05,3286.51
937,2162.05,3286.51
938,2162.05,3286.51
939,2162.05,3286.51
940,2162.05,3286.51
941,2162.05,3286.51
942,2162.05,3286.51
943,2162.05,3286.51
944,2162.05,3286.51
945,2162.05,3286.51
