0,2614.72,399.37
1,2614.72,399.37
2,2614.72,399.37
3,2614.72,399.37
4,2614.72,399.37
5,2614.72,399.37
6,2614.72,399.37
7,2614.72,399.37
8,2614.72,399.37
9,2614.72,399.37
10,2614.72,399.37
11,2614.72,399.37
12,2614.72,399.37
13,2614.72,399.37
14,2614.72,399.37
15,2614.72,399.37
16,2614.72,399.37
17,2614.72,399.37
18,2614.72,399.37
19,2614.72,399.37
20,2614.72,399.37
21,2614.72,399.37
22,2614.72,399.37
23,2614.72,399.37
24,2614.72,399.37
25,2614.72,399.37
26,2614.72,399.37
27,2614.72,399.37
28,2614.72,399.37
29,2614.72,399.37
30,2614.72,399.37
31,2614.72,399.37
32,2614.72,399.37
33,2614.72,399.37
34,2614.72,399.37
35,2614.72,399.37
36,2614.72,399.37
37,2614.72,399.37
38,2614.72,399.37
39,2614.72,399.37
40,2614.72,399.37
41,2614.72,399.37
42,2614.72,399.37
43,2614.72,399.37
44,2614.72,399.37
45,2614.72,399.37
46,2614.72,399.37
47,2615.67,396.15
48,2616.63,392.82
49,2617.58,389.5
50,2618.53,386.28
51,2619.48,382.96
52,2620.44,379.74
53,2621.39,376.41
54,2622.34,373.2
55,2623.3,369.87
56,2624.25,366.66
57,2625.2,366.88
58,2626.15,367.1
59,2627.11,367.32
60,2627.96,367.43
61,2628.92,367.66
62,2629.87,367.88
63,2630.82,368.1
64,2629.87,371.54
65,2628.92,374.97
66,2627.87,378.52
67,2626.92,381.96
68,2625.96,385.4
69,2625.01,388.83
70,2624.06,392.27
71,2623.01,395.82
72,2622.06,399.25
73,2621.1,402.69
74,2619.96,407.02
75,2618.82,411.34
76,2617.67,415.66
77,2616.53,419.99
78,2615.48,424.2
79,2614.34,428.53
80,2613.2,432.85
81,2612.05,437.17
82,2610.91,441.5
83,2609.77,445.82
84,2608.62,450.15
85,2607.48,454.47
86,2606.34,458.79
87,2605.19,463.12
88,2604.05,467.44
89,2603.0,471.66
90,2601.86,475.98
91,2600.72,480.3
92,2599.57,484.63
93,2598.43,488.95
94,2597.48,492.39
95,2596.52,495.94
96,2595.57,499.37
97,2594.62,502.92
98,2593.66,506.36
99,2592.71,509.91
100,2591.76,513.34
101,2590.81,516.89
102,2589.85,520.33
103,2589.47,521.77
104,2589.09,523.1
105,2588.71,524.54
106,2588.33,525.98
107,2587.95,527.42
108,2587.47,528.75
109,2587.09,530.2
110,2586.71,531.64
111,2586.33,533.08
112,2585.95,534.41
113,2585.57,535.85
114,2585.57,535.85
115,2585.57,535.85
116,2585.57,535.85
117,2585.57,535.85
118,2585.57,535.85
119,2585.57,535.85
120,2585.57,535.85
121,2585.57,535.85
122,2585.57,535.85
123,2585.57,535.85
124,2585.57,535.85
125,2585.57,535.85
126,2585.57,535.85
127,2585.57,535.85
128,2585.57,535.85
129,2585.57,535.85
130,2585.57,535.85
131,2585.57,535.85
132,2585.57,535.85
133,2585.57,535.85
134,2585.57,535.85
135,2585.57,535.85
136,2585.57,535.85
137,2585.57,535.85
138,2585.57,535.85
139,2585.57,535.85
140,2585.57,535.85
141,2585.57,535.85
142,2585.57,535.85
143,2585.57,535.85
144,2585.57,535.85
145,2585.57,535.85
146,2585.57,535.85
147,2585.57,535.85
148,2585.57,535.85
149,2585.57,535.85
150,2585.57,535.85
151,2585.57,535.85
152,2585.57,535.85
153,2585.57,535.85
154,2585.57,535.85
155,2585.57,535.85
156,2585.57,535.85
157,2585.57,535.85
158,2585.57,535.85
159,2585.57,535.85
160,2585.57,535.85
161,2585.57,535.85
162,2585.57,535.85
163,2585.57,535.85
164,2585.57,535.85
165,2585.57,535.85
166,2585.57,535.85
167,2585.57,535.85
168,2585.57,535.85
169,2585.57,535.85
170,2585.57,535.85
171,2585.57,535.85
172,2585.57,535.85
173,2585.57,535.85
174,2584.9,537.85
175,2584.14,539.95
176,2583.47,541.95
177,2582.8,543.94
178,2582.14,546.05
179,2581.37,548.05
180,2580.71,550.15
181,2580.04,552.15
182,2579.37,554.14
183,2578.61,556.25
184,2577.94,558.25
185,2577.94,558.25
186,2577.94,558.25
187,2577.94,558.25
188,2577.94,558.25
189,2577.94,558.25
190,2577.94,558.25
191,2577.94,558.25
192,2577.94,558.25
193,2577.94,558.25
194,2577.94,558.25
195,2577.66,558.58
196,2577.28,558.91
197,2576.99,559.25
198,2576.71,559.58
199,2576.42,559.91
200,2576.04,560.24
201,2575.75,560.58
202,2575.47,560.91
203,2575.09,561.24
204,2574.8,561.68
205,2574.51,562.02
206,2574.23,562.35
207,2573.85,562.68
208,2573.56,563.01
209,2573.28,563.35
210,2572.99,563.68
211,2572.61,564.01
212,2572.32,564.35
213,2567.18,565.23
214,2562.03,566.01
215,2556.89,566.78
216,2551.74,567.67
217,2542.5,566.34
218,2533.26,564.9
219,2524.02,563.57
220,2514.77,562.24
221,2505.63,560.91
222,2496.39,559.47
223,2487.14,558.14
224,2477.9,556.81
225,2468.66,555.36
226,2459.42,554.03
227,2444.65,550.38
228,2429.88,546.83
229,2415.11,543.17
230,2400.34,539.51
231,2385.58,535.96
232,2370.81,532.3
233,2356.04,528.64
234,2341.27,525.1
235,2326.5,521.44
236,2315.17,517.45
237,2303.83,513.45
238,2292.49,509.46
239,2281.15,505.58
240,2269.81,501.59
241,2258.48,497.6
242,2247.14,493.61
243,2235.7,489.62
244,2224.37,485.63
245,2213.03,481.63
246,2201.69,477.64
247,2190.35,473.76
248,2179.01,469.77
249,2167.68,465.78
250,2156.34,461.79
251,2139.28,440.83
252,2122.13,419.99
253,2118.32,410.34
254,2114.41,400.7
255,2110.51,391.05
256,2106.7,381.4
257,2102.89,371.76
258,2098.98,362.11
259,2095.17,352.47
260,2091.26,342.82
261,2087.45,333.17
262,2083.54,323.42
263,2079.73,313.77
264,2075.83,304.13
265,2071.92,294.48
266,2068.11,284.83
267,2064.3,275.19
268,2060.39,265.54
269,2056.58,255.9
270,2052.67,246.25
271,2048.86,236.6
272,2044.96,226.96
273,2041.53,224.19
274,2038.1,221.41
275,2034.67,218.64
276,2031.24,215.87
277,2027.81,213.21
278,2024.28,210.44
279,2020.85,207.67
280,2017.42,204.89
281,2013.99,202.12
282,2010.56,199.35
283,2010.18,199.13
284,2009.8,199.02
285,2009.51,198.8
286,2009.13,198.57
287,2008.75,198.46
288,2008.37,198.24
289,2007.99,198.13
290,2007.61,197.91
291,2007.32,197.69
292,2006.94,197.58
293,2006.56,197.35
294,2006.27,197.24
295,2005.89,197.13
296,2005.61,196.91
297,2005.32,196.8
298,2004.94,196.69
299,2004.65,196.58
300,2004.37,196.47
301,2004.08,196.25
302,2003.7,196.13
303,2003.42,196.02
304,2000.84,195.14
305,1998.27,194.25
306,1995.6,193.36
307,1993.03,192.48
308,1990.46,191.59
309,1987.89,190.59
310,1985.31,189.7
311,1982.65,188.82
312,1980.07,187.93
313,1977.5,187.04
314,1975.21,186.6
315,1972.93,186.05
316,1970.64,185.6
317,1968.35,185.16
318,1966.07,184.71
319,1963.78,184.16
320,1961.49,183.72
321,1959.21,183.27
322,1956.92,182.83
323,1954.63,182.28
324,1952.35,181.83
325,1950.06,181.39
326,1947.77,180.95
327,1945.49,180.39
328,1943.2,179.95
329,1940.91,179.5
330,1938.63,179.06
331,1936.34,178.51
332,1934.05,178.06
333,1931.77,177.62
334,1929.48,177.18
335,1927.19,176.62
336,1924.91,176.18
337,1922.62,175.73
338,1920.33,175.29
339,1918.05,174.74
340,1915.76,174.29
341,1841.92,161.32
342,1838.68,160.88
343,1835.54,160.43
344,1832.3,159.99
345,1829.15,159.55
346,1825.91,158.99
347,1822.77,158.55
348,1819.53,158.11
349,1816.38,157.66
350,1813.15,157.22
351,1803.24,155.44
352,1793.33,153.67
353,1783.42,151.9
354,1782.47,151.67
355,1781.42,151.56
356,1780.46,151.34
357,1779.51,151.12
358,1778.46,150.9
359,1777.51,150.79
360,1776.56,150.57
361,1775.51,150.34
362,1774.56,150.23
363,1773.51,150.01
364,1772.56,149.79
365,1771.6,149.68
366,1770.56,149.46
367,1769.6,149.24
368,1768.65,149.01
369,1767.6,148.9
370,1766.65,148.68
371,1765.7,148.46
372,1764.65,148.35
373,1763.7,148.13
374,1762.74,147.91
375,1761.69,147.79
376,1760.74,147.57
377,1759.79,147.35
378,1758.74,147.13
379,1757.79,147.02
380,1756.84,146.8
381,1755.79,146.57
382,1754.83,146.46
383,1753.79,146.24
384,1752.83,146.02
385,1751.88,145.91
386,1750.83,145.69
387,1749.88,145.47
388,1748.93,145.24
389,1747.88,145.13
390,1746.93,144.91
391,1704.24,198.24
392,1702.81,204.67
393,1701.38,211.1
394,1699.95,217.42
395,1698.53,223.85
396,1697.1,230.28
397,1697.0,230.95
398,1696.81,231.61
399,1696.62,232.28
400,1696.52,232.94
401,1696.33,233.61
402,1696.24,234.28
403,1696.05,236.49
404,1695.86,238.6
405,1695.67,240.82
406,1695.48,243.03
407,1695.29,245.25
408,1695.0,247.36
409,1694.81,249.58
410,1694.62,251.79
411,1694.43,253.9
412,1694.24,256.12
413,1693.67,258.89
414,1693.09,261.66
415,1692.43,264.54
416,1691.86,267.32
417,1691.28,270.09
418,1690.71,272.86
419,1690.14,275.63
420,1689.47,278.51
421,1688.9,281.29
422,1688.33,284.06
423,1687.76,288.05
424,1687.28,292.04
425,1686.71,296.03
426,1686.14,300.02
427,1685.66,304.01
428,1685.09,308.01
429,1684.52,312.0
430,1683.95,315.99
431,1683.47,319.98
432,1682.9,323.97
433,1682.71,324.75
434,1682.42,325.41
435,1682.23,326.19
436,1681.95,326.85
437,1681.76,327.63
438,1681.57,328.3
439,1681.28,328.96
440,1681.09,329.74
441,1680.8,330.4
442,1680.61,331.18
443,1680.42,331.95
444,1680.14,332.62
445,1679.95,333.4
446,1679.66,334.06
447,1679.47,334.84
448,1679.28,335.5
449,1678.99,336.17
450,1678.8,336.94
451,1678.52,337.61
452,1678.33,338.39
453,1678.33,339.27
454,1678.23,340.27
455,1678.23,341.16
456,1678.14,342.16
457,1678.14,343.04
458,1678.04,344.04
459,1677.95,344.93
460,1677.95,345.92
461,1677.85,346.81
462,1677.85,347.81
463,1677.85,347.81
464,1677.85,347.81
465,1677.85,347.81
466,1677.85,347.81
467,1677.85,347.81
468,1677.85,347.81
469,1677.85,347.81
470,1678.8,349.81
471,1680.99,350.8
472,1683.28,351.8
473,1685.47,352.69
474,1687.66,353.69
475,1689.95,354.68
476,1692.14,355.68
477,1694.33,356.68
478,1696.52,357.57
479,1698.81,358.56
480,1701.0,359.56
481,1701.57,359.78
482,1702.24,359.89
483,1702.91,360.12
484,1703.48,360.34
485,1704.05,360.56
486,1704.72,360.67
487,1705.29,360.89
488,1705.96,361.11
489,1706.62,361.23
490,1707.2,361.45
491,1708.43,361.78
492,1709.77,362.0
493,1711.01,362.33
494,1712.34,362.67
495,1713.58,362.89
496,1714.91,363.22
497,1716.15,363.55
498,1717.49,363.78
499,1718.72,364.11
500,1720.06,364.44
501,1721.3,364.66
502,1722.54,365.0
503,1723.87,365.22
504,1725.11,365.55
505,1726.44,365.88
506,1727.68,366.1
507,1729.01,366.44
508,1730.25,366.77
509,1731.59,366.99
510,1732.83,367.32
511,1734.25,367.66
512,1735.68,368.1
513,1737.11,368.43
514,1738.54,368.88
515,1739.97,369.32
516,1741.5,369.65
517,1742.93,370.1
518,1744.35,370.43
519,1745.78,370.87
520,1747.21,371.2
521,1747.97,371.43
522,1748.74,371.65
523,1749.5,371.87
524,1750.26,372.09
525,1751.02,372.2
526,1751.79,372.42
527,1752.55,372.65
528,1753.31,372.87
529,1754.07,373.09
530,1754.83,373.31
531,1755.69,373.53
532,1756.55,373.75
533,1757.5,373.98
534,1758.36,374.2
535,1759.22,374.53
536,1760.08,374.75
537,1760.93,374.97
538,1761.89,375.2
539,1762.74,375.42
540,1763.6,375.64
541,1764.36,375.75
542,1765.12,375.97
543,1765.79,376.08
544,1766.55,376.3
545,1767.32,376.41
546,1768.08,376.53
547,1768.84,376.75
548,1769.51,376.86
549,1770.27,377.08
550,1771.03,377.19
551,1772.65,377.52
552,1774.27,377.86
553,1775.8,378.19
554,1777.42,378.52
555,1779.04,378.85
556,1780.66,379.19
557,1782.18,379.52
558,1783.8,379.85
559,1785.42,380.18
560,1786.94,380.52
561,1788.56,380.96
562,1790.18,381.29
563,1791.8,381.63
564,1793.33,381.96
565,1794.95,382.29
566,1796.57,382.62
567,1798.19,382.96
568,1799.71,383.29
569,1801.33,383.62
570,1802.95,383.95
571,1804.86,384.4
572,1806.76,384.73
573,1808.67,385.17
574,1810.57,385.62
575,1812.38,385.95
576,1814.29,386.39
577,1816.19,386.84
578,1818.1,387.28
579,1820.01,387.61
580,1821.91,388.06
581,1822.67,388.28
582,1823.44,388.39
583,1824.2,388.61
584,1825.05,388.83
585,1825.82,388.94
586,1826.58,389.17
587,1827.34,389.39
588,1828.1,389.5
589,1828.96,389.72
590,1829.72,389.94
591,1830.49,390.05
592,1831.25,390.27
593,1833.15,390.83
594,1834.96,391.38
595,1836.87,391.83
596,1838.77,392.38
597,1840.68,392.94
598,1842.49,393.49
599,1844.4,393.93
600,1846.3,394.49
601,1847.16,394.82
602,1848.11,395.04
603,1848.97,395.37
604,1849.92,395.6
605,1850.78,395.82
606,1851.64,396.15
607,1852.59,396.37
608,1853.45,396.7
609,1854.4,396.93
610,1855.26,397.26
611,1858.88,398.15
612,1862.4,399.14
613,1866.02,400.03
614,1869.55,400.92
615,1873.08,401.92
616,1876.7,402.8
617,1880.32,403.69
618,1883.84,404.69
619,1887.46,405.57
620,1890.99,406.46
621,1894.51,407.46
622,1898.13,408.35
623,1901.66,409.34
624,1905.28,410.23
625,1908.9,411.12
626,1912.43,412.12
627,1915.95,413.0
628,1919.57,413.89
629,1923.1,414.89
630,1926.72,415.78
631,1931.77,417.44
632,1936.82,419.1
633,1941.77,420.65
634,1946.82,422.32
635,1951.87,423.98
636,1956.92,425.64
637,1961.97,427.31
638,1966.92,428.86
639,1971.97,430.52
640,1977.02,432.18
641,1981.22,433.29
642,1985.41,434.51
643,1989.6,435.73
644,1993.79,436.84
645,1997.98,437.95
646,2002.18,439.17
647,2006.37,440.39
648,2010.56,441.5
649,2014.75,442.61
650,2018.95,443.83
651,2021.52,444.6
652,2024.19,445.27
653,2026.76,446.04
654,2029.33,446.71
655,2032.0,447.48
656,2034.57,448.15
657,2037.14,448.82
658,2039.72,449.59
659,2042.38,450.26
660,2044.96,451.03
661,2049.34,452.36
662,2053.63,453.69
663,2058.01,455.02
664,2062.3,456.35
665,2066.59,457.57
666,2070.97,458.9
667,2075.35,460.24
668,2079.64,461.57
669,2084.02,462.9
670,2088.31,464.23
671,2087.93,457.69
672,2087.45,451.25
673,2087.07,444.71
674,2086.69,438.17
675,2086.31,431.63
676,2085.83,425.09
677,2085.45,418.66
678,2085.07,412.12
679,2084.59,405.57
680,2084.21,399.14
681,2083.83,392.6
682,2083.35,386.06
683,2082.97,379.52
684,2082.59,372.98
685,2082.12,366.55
686,2081.73,360.01
687,2081.35,353.46
688,2080.97,347.03
689,2080.5,340.49
690,2080.11,333.95
691,2076.59,321.98
692,2073.16,310.11
693,2069.73,298.14
694,2066.2,286.16
695,2062.68,274.3
696,2059.25,262.33
697,2055.82,250.35
698,2052.29,238.38
699,2048.77,226.51
700,2045.34,214.54
701,2042.67,211.66
702,2039.91,208.89
703,2037.24,206.0
704,2034.48,203.12
705,2031.81,200.35
706,2029.14,197.47
707,2026.38,194.58
708,2023.71,191.7
709,2020.95,188.93
710,2018.28,186.05
711,2018.28,186.05
712,2018.28,186.05
713,2018.28,186.05
714,2018.28,186.05
715,2018.28,186.05
716,2018.28,186.05
717,2018.28,186.05
718,2018.28,186.05
719,2018.28,186.05
720,2018.28,186.05
721,2018.28,186.05
722,2018.28,186.05
723,2018.28,186.05
724,2018.28,186.05
725,2018.28,186.05
726,2018.28,186.05
727,2018.28,186.05
728,2018.28,186.05
729,2018.28,186.05
730,2018.28,186.05
731,2018.28,186.05
732,2018.28,186.05
733,2018.28,186.05
734,2018.28,186.05
735,2018.28,186.05
736,2018.28,186.05
737,2018.28,186.05
738,2018.28,186.05
739,2018.28,186.05
740,2018.28,186.05
741,2018.28,186.05
742,2018.28,186.05
743,2018.28,186.05
744,2018.28,186.05
745,2018.28,186.05
746,2018.28,186.05
747,2018.28,186.05
748,2018.28,186.05
749,2018.28,186.05
750,2018.28,186.05
751,2018.09,185.82
752,2017.99,185.6
753,2017.8,185.38
754,2017.71,185.16
755,2017.52,184.94
756,2017.33,184.71
757,2017.23,184.49
758,2017.04,184.27
759,2016.95,184.05
760,2016.75,183.83
761,2011.23,182.5
762,2005.7,181.28
763,2000.18,180.06
764,1994.65,178.73
765,1989.22,177.4
766,1983.69,176.18
767,1978.17,174.85
768,1972.64,173.63
769,1967.11,172.41
770,1961.59,171.08
771,1959.87,170.74
772,1958.25,170.52
773,1956.54,170.19
774,1954.82,169.86
775,1953.2,169.64
776,1951.49,169.3
777,1949.87,169.08
778,1948.15,168.75
779,1946.44,168.42
780,1944.82,168.19
781,1943.1,167.86
782,1941.39,167.53
783,1939.77,167.31
784,1938.05,166.98
785,1936.44,166.75
786,1934.72,166.42
787,1933.01,166.09
788,1931.39,165.87
789,1929.67,165.53
790,1934.34,154.45
791,1942.91,158.33
792,1951.39,162.32
793,1959.97,166.2
794,1968.54,170.08
795,1977.02,174.07
796,1985.6,177.95
797,1994.17,181.83
798,2002.65,185.82
799,2011.23,189.7
800,2019.8,193.58
801,2028.38,197.47
802,2036.86,201.46
803,2045.43,205.34
804,2054.01,209.22
805,2062.49,213.21
806,2071.06,217.09
807,2074.87,229.18
808,2078.69,241.15
809,2082.5,253.23
810,2086.31,265.32
811,2090.21,277.41
812,2094.03,289.38
813,2097.84,301.46
814,2101.65,313.55
815,2105.46,325.52
816,2109.27,337.61
817,2115.46,348.81
818,2121.66,360.01
819,2127.85,371.09
820,2134.04,382.29
821,2140.24,393.49
822,2146.43,404.69
823,2152.62,415.89
824,2158.81,426.97
825,2165.01,438.17
826,2171.2,449.37
827,2174.34,451.03
828,2177.39,452.58
829,2180.54,454.25
830,2183.59,455.91
831,2186.73,457.46
832,2189.78,459.13
833,2192.92,460.79
834,2195.97,462.34
835,2199.12,464.0
836,2202.17,465.56
837,2205.31,467.22
838,2208.36,468.88
839,2211.5,470.44
840,2214.55,472.1
841,2217.7,473.76
842,2220.84,475.31
843,2223.89,476.98
844,2227.03,478.64
845,2230.08,480.19
846,2233.23,481.86
847,2236.28,483.52
848,2239.42,485.07
849,2242.47,486.73
850,2245.61,488.29
851,2248.66,489.95
852,2251.81,491.61
853,2254.86,493.16
854,2258.0,494.83
855,2261.05,496.49
856,2264.19,498.04
857,2267.34,499.71
858,2270.39,501.37
859,2273.53,502.92
860,2276.58,504.58
861,2279.72,506.25
862,2282.77,507.8
863,2285.92,509.46
864,2288.96,511.02
865,2292.11,512.68
866,2295.16,514.34
867,2298.3,515.89
868,2301.35,517.56
869,2304.5,519.22
870,2307.54,520.77
871,2310.69,522.44
872,2521.54,544.17
873,2521.54,544.17
874,2521.54,544.17
875,2521.54,544.17
876,2521.54,544.17
877,2521.54,544.17
878,2521.54,544.17
879,2521.54,544.17
880,2521.54,544.17
881,2521.54,544.17
882,2521.54,544.17
883,2521.54,544.17
884,2521.54,544.17
885,2521.54,544.17
886,2524.11,544.94
887,2526.59,545.83
888,2529.16,546.61
889,2531.73,547.49
890,2534.21,548.38
891,2536.78,549.16
892,2539.36,549.93
893,2541.93,550.82
894,2544.41,551.59
895,2546.98,552.48
896,2556.32,556.47
897,2565.65,560.46
898,2574.99,564.46
899,2584.33,568.45
900,2593.76,572.44
901,2603.1,576.43
902,2612.43,580.42
903,2621.77,584.41
904,2631.11,588.4
905,2640.45,592.4
906,2652.83,596.94
907,2665.22,601.49
908,2677.7,606.03
909,2690.09,610.58
910,2702.47,615.13
911,2714.86,619.67
912,2727.24,624.22
913,2739.73,628.76
914,2752.11,633.31
915,2764.5,637.74
916,2776.88,642.29
917,2789.27,646.84
918,2801.75,651.38
919,2814.14,655.93
920,2826.52,660.47
921,2838.91,665.02
922,2851.3,669.56
923,2863.78,674.11
924,2876.16,678.66
925,2888.55,683.2
926,2901.22,692.18
927,2913.8,701.05
928,2926.47,710.03
929,2939.05,718.9
930,2951.72,727.88
931,2964.39,736.86
932,2976.97,745.73
933,2989.64,754.71
934,3002.22,763.58
935,3014.89,772.57
936,3024.42,775.0
937,3033.95,777.44
938,3043.38,779.88
939,3052.91,782.32
940,3062.43,784.76
941,3071.96,787.2
942,3081.39,789.75
943,3090.92,792.19
944,3100.45,794.63
945,3109.98,797.07
