0,2374.33,1916.33
1,2376.33,1917.44
2,2378.43,1918.55
3,2380.43,1919.77
4,2382.43,1920.99
5,2384.43,1922.1
6,2386.43,1923.21
7,2388.44,1924.43
8,2389.77,1925.09
9,2391.2,1925.87
10,2392.53,1926.54
11,2393.96,1927.31
12,2395.3,1927.98
13,2396.72,1928.64
14,2398.06,1929.42
15,2399.49,1930.08
16,2400.82,1930.86
17,2402.25,1931.52
18,2403.58,1932.19
19,2404.92,1932.97
20,2406.35,1933.63
21,2407.68,1934.41
22,2409.11,1935.07
23,2410.44,1935.74
24,2411.87,1936.51
25,2413.21,1937.18
26,2414.64,1937.96
27,2415.97,1938.62
28,2415.97,1938.62
29,2415.97,1938.62
30,2415.97,1938.62
31,2415.97,1938.62
32,2415.97,1938.62
33,2415.97,1938.62
34,2415.97,1938.62
35,2415.97,1938.62
36,2415.97,1938.62
37,2415.97,1938.62
38,2415.97,1938.62
39,2415.97,1938.62
40,2415.97,1938.62
41,2415.97,1938.62
42,2415.97,1938.62
43,2415.97,1938.62
44,2415.97,1938.62
45,2415.97,1938.62
46,2415.97,1938.62
47,2415.97,1938.62
48,2415.97,1938.62
49,2415.97,1938.62
50,2415.97,1938.62
51,2415.97,1938.62
52,2415.97,1938.62
53,2415.97,1938.62
54,2415.97,1938.62
55,2415.97,1938.62
56,2415.97,1938.62
57,2415.97,1938.62
58,2415.97,1938.62
59,2415.97,1938.62
60,2415.97,1938.62
61,2415.97,1938.62
62,2415.97,1938.62
63,2415.97,1938.62
64,2415.97,1938.62
65,2415.97,1938.62
66,2415.97,1938.62
67,2415.97,1938.62
68,2420.93,1940.17
69,2425.78,1941.61
70,2430.74,1943.17
71,2435.6,1944.72
72,2440.55,1946.16
73,2445.41,1947.71
74,2450.37,1949.26
75,2455.23,1950.71
76,2460.18,1952.26
77,2465.13,1953.81
78,2469.99,1955.25
79,2474.95,1956.8
80,2479.81,1958.24
81,2484.76,1959.8
82,2489.62,1961.35
83,2494.58,1962.79
84,2499.43,1964.34
85,2504.39,1965.9
86,2509.25,1967.34
87,2514.2,1968.89
88,2515.16,1970.0
89,2516.01,1971.0
90,2516.97,1972.1
91,2517.92,1973.1
92,2518.78,1974.21
93,2519.73,1975.32
94,2520.68,1976.32
95,2521.54,1977.43
96,2522.49,1978.53
97,2523.44,1979.53
98,2524.4,1980.64
99,2525.25,1981.64
100,2526.21,1982.75
101,2527.16,1983.86
102,2528.02,1984.85
103,2528.97,1985.96
104,2527.64,1990.84
105,2526.3,1995.72
106,2524.87,2000.6
107,2523.54,2005.48
108,2522.21,2010.36
109,2520.87,2015.23
110,2519.44,2020.11
111,2518.11,2024.99
112,2516.78,2029.87
113,2514.96,2032.97
114,2513.25,2035.97
115,2511.44,2038.96
116,2509.72,2042.07
117,2507.91,2045.17
118,2506.2,2048.16
119,2504.48,2051.16
120,2502.67,2054.26
121,2500.96,2057.37
122,2499.15,2060.36
123,2498.77,2061.02
124,2498.39,2061.8
125,2498.1,2062.47
126,2497.72,2063.24
127,2497.34,2063.91
128,2496.96,2064.57
129,2496.58,2065.35
130,2496.29,2066.01
131,2495.91,2066.79
132,2495.53,2067.46
133,2495.05,2069.34
134,2494.58,2071.34
135,2494.1,2073.22
136,2493.62,2075.11
137,2493.15,2076.99
138,2492.67,2078.99
139,2492.19,2080.87
140,2491.72,2082.76
141,2491.24,2084.75
142,2490.76,2086.64
143,2490.38,2088.52
144,2489.91,2090.52
145,2489.43,2092.4
146,2488.95,2094.29
147,2488.48,2096.28
148,2488.0,2098.17
149,2487.52,2100.05
150,2487.05,2101.94
151,2486.57,2103.93
152,2486.1,2105.82
153,2485.14,2107.92
154,2484.19,2109.92
155,2483.24,2111.92
156,2482.28,2114.02
157,2481.24,2116.02
158,2480.28,2118.12
159,2479.33,2120.23
160,2478.38,2122.23
161,2477.43,2124.33
162,2476.47,2126.33
163,2475.52,2129.43
164,2474.47,2132.65
165,2473.52,2135.75
166,2472.47,2138.86
167,2471.52,2142.07
168,2470.47,2145.18
169,2469.52,2148.28
170,2468.47,2151.5
171,2467.52,2154.6
172,2470.57,2158.15
173,2473.61,2161.7
174,2480.19,2165.91
175,2486.76,2170.12
176,2493.34,2174.23
177,2499.91,2178.44
178,2506.48,2182.65
179,2513.06,2186.87
180,2519.63,2191.08
181,2526.21,2195.18
182,2532.78,2199.39
183,2539.36,2203.61
184,2544.41,2205.94
185,2549.36,2208.38
186,2554.41,2210.7
187,2559.36,2213.03
188,2564.32,2215.36
189,2569.37,2217.8
190,2574.42,2220.13
191,2579.37,2222.46
192,2584.42,2224.9
193,2589.38,2227.22
194,2597.57,2231.77
195,2605.76,2236.32
196,2614.05,2240.86
197,2622.25,2245.52
198,2630.44,2250.06
199,2638.64,2254.61
200,2646.93,2259.16
201,2655.12,2263.7
202,2663.31,2268.25
203,2671.51,2272.79
204,2679.8,2277.45
205,2687.99,2281.99
206,2696.18,2286.54
207,2704.38,2291.09
208,2712.67,2295.63
209,2720.86,2300.18
210,2729.05,2304.72
211,2737.25,2309.38
212,2745.54,2313.93
213,2753.73,2318.47
214,2761.93,2323.02
215,2765.17,2324.68
216,2768.5,2326.23
217,2771.74,2327.9
218,2775.07,2329.45
219,2778.31,2331.11
220,2781.65,2332.66
221,2784.89,2334.33
222,2788.22,2335.88
223,2791.46,2337.54
224,2794.51,2339.09
225,2797.46,2340.76
226,2800.51,2342.31
227,2803.56,2343.97
228,2806.61,2345.53
229,2809.57,2347.08
230,2812.61,2348.74
231,2815.66,2350.29
232,2818.62,2351.96
233,2821.67,2353.51
234,2822.81,2353.95
235,2824.05,2354.4
236,2825.29,2354.73
237,2826.43,2355.17
238,2827.57,2355.61
239,2828.81,2356.06
240,2830.05,2356.5
241,2831.19,2356.95
242,2832.43,2357.39
243,2833.58,2357.72
244,2834.81,2358.16
245,2835.96,2358.61
246,2836.43,2359.05
247,2837.01,2359.5
248,2837.48,2359.94
249,2837.96,2360.38
250,2838.43,2360.83
251,2838.91,2361.27
252,2839.48,2361.71
253,2839.96,2362.16
254,2842.15,2358.05
255,2844.34,2353.95
256,2846.44,2349.85
257,2848.63,2345.75
258,2850.82,2341.64
259,2853.01,2337.54
260,2855.2,2333.44
261,2857.39,2329.34
262,2859.49,2325.35
263,2861.68,2321.24
264,2863.87,2317.14
265,2866.07,2313.04
266,2868.26,2308.94
267,2870.45,2304.83
268,2872.64,2300.73
269,2874.74,2296.63
270,2876.93,2292.53
271,2879.12,2288.43
272,2881.21,2284.32
273,2883.22,2280.22
274,2885.31,2276.12
275,2887.41,2272.02
276,2889.5,2267.91
277,2891.5,2263.81
278,2893.6,2259.71
279,2895.7,2255.61
280,2897.7,2251.39
281,2899.79,2247.29
282,2901.89,2243.19
283,2903.99,2239.09
284,2905.99,2234.98
285,2908.08,2230.88
286,2910.18,2226.78
287,2912.18,2222.68
288,2914.28,2218.58
289,2916.37,2214.47
290,2918.47,2210.37
291,2920.47,2206.27
292,2922.57,2202.17
293,2924.66,2198.06
294,2926.66,2193.96
295,2928.76,2189.86
296,2930.85,2185.76
297,2932.95,2181.65
298,2934.95,2177.44
299,2937.05,2173.34
300,2939.14,2169.24
301,2941.14,2165.13
302,2943.24,2161.03
303,2945.34,2156.93
304,2947.43,2152.83
305,2949.43,2148.73
306,2951.53,2144.62
307,2993.36,2158.48
308,2993.36,2158.48
309,2993.36,2158.48
310,2993.36,2158.48
311,2993.36,2158.48
312,2993.36,2158.48
313,2993.55,2158.59
314,2993.64,2158.59
315,2993.83,2158.7
316,2993.93,2158.81
317,2994.12,2158.93
318,2994.21,2158.93
319,2994.4,2159.04
320,2994.5,2159.15
321,2994.69,2159.26
322,2994.79,2159.26
323,2994.98,2159.37
324,2995.07,2159.48
325,2995.26,2159.59
326,2995.45,2159.59
327,2995.55,2159.7
328,2995.74,2159.81
329,2995.83,2159.81
330,2996.02,2159.92
331,2996.12,2160.03
332,2996.31,2160.15
333,2996.41,2160.15
334,2996.6,2160.26
335,2996.69,2160.37
336,2996.88,2160.48
337,2996.98,2160.48
338,2997.17,2160.59
339,2996.41,2164.36
340,2995.74,2168.02
341,2994.98,2171.79
342,2994.21,2175.56
343,2993.55,2179.22
344,2992.79,2182.99
345,2992.12,2186.75
346,2991.36,2190.52
347,2990.59,2194.18
348,2989.93,2197.95
349,2989.16,2201.72
350,2988.4,2205.38
351,2987.74,2209.15
352,2986.97,2212.92
353,2986.21,2216.58
354,2985.54,2220.35
355,2984.78,2224.12
356,2984.11,2227.78
357,2983.35,2231.55
358,2982.59,2235.32
359,2981.92,2239.09
360,2981.16,2242.75
361,2980.4,2246.52
362,2979.73,2250.29
363,2978.97,2253.94
364,2978.21,2257.71
365,2977.54,2261.48
366,2976.78,2265.14
367,2976.11,2268.91
368,2975.35,2272.68
369,2974.59,2276.34
370,2973.92,2280.11
371,2973.16,2283.88
372,2972.4,2287.54
373,2971.73,2291.31
374,2970.97,2295.08
375,2970.2,2298.85
376,2969.54,2302.51
377,2968.78,2306.28
378,2968.11,2310.05
379,2967.35,2313.7
380,2966.58,2317.47
381,2965.92,2321.24
382,2965.15,2324.9
383,2964.39,2328.67
384,2963.73,2332.44
385,2962.96,2336.1
386,2962.2,2339.87
387,2961.53,2343.64
388,2960.77,2347.41
389,2960.1,2351.07
390,2959.34,2354.84
391,2958.58,2358.61
392,2957.91,2362.27
393,2957.15,2366.04
394,2957.15,2366.04
395,2957.15,2366.04
396,2957.15,2366.04
397,2957.15,2366.04
398,2957.15,2366.04
399,2957.15,2366.04
400,2957.15,2366.04
401,2957.15,2366.04
402,2957.15,2366.04
403,2957.15,2366.04
404,2957.15,2366.04
405,2957.15,2366.04
406,2957.15,2366.04
407,2957.15,2366.04
408,2957.15,2366.04
409,2957.15,2366.04
410,2957.15,2366.04
411,2957.15,2366.04
412,2957.15,2366.04
413,2957.15,2366.04
414,2957.15,2366.04
415,2957.15,2366.04
416,2957.15,2366.04
417,2957.15,2366.04
418,2957.15,2366.04
419,2957.15,2366.04
420,2957.15,2366.04
421,2957.15,2366.04
422,2957.15,2366.04
423,2957.15,2366.04
424,2956.58,2367.48
425,2956.1,2369.03
426,2955.53,2370.58
427,2954.96,2372.02
428,2954.48,2373.47
429,2953.91,2375.02
430,2953.34,2376.57
431,2952.77,2378.01
432,2952.29,2379.45
433,2951.72,2381.0
434,2946.77,2389.65
435,2941.91,2398.41
436,2936.95,2407.06
437,2932.0,2415.82
438,2927.14,2424.47
439,2922.18,2433.23
440,2917.23,2441.87
441,2912.37,2450.63
442,2907.42,2459.28
443,2902.46,2468.04
444,2897.6,2476.69
445,2892.65,2485.45
446,2887.69,2494.1
447,2882.83,2502.85
448,2877.88,2511.5
449,2872.93,2520.26
450,2868.07,2528.91
451,2863.11,2537.67
452,2858.16,2546.32
453,2853.3,2555.08
454,2848.34,2563.72
455,2845.48,2571.37
456,2842.53,2579.02
457,2839.67,2586.79
458,2836.81,2594.44
459,2833.86,2602.09
460,2831.0,2609.74
461,2832.62,2611.62
462,2834.15,2613.4
463,2835.77,2615.28
464,2839.29,2617.39
465,2842.82,2619.49
466,2846.44,2621.6
467,2849.96,2623.71
468,2853.49,2625.81
469,2857.01,2627.81
470,2860.63,2629.92
471,2864.16,2632.02
472,2867.68,2634.13
473,2871.31,2636.24
474,2874.83,2638.34
475,2878.36,2640.45
476,2884.07,2643.66
477,2889.88,2646.88
478,2895.6,2650.09
479,2901.41,2653.2
480,2907.13,2656.41
481,2912.94,2659.63
482,2918.66,2662.84
483,2920.85,2664.18
484,2923.14,2665.39
485,2925.42,2666.73
486,2927.61,2667.95
487,2929.9,2669.28
488,2932.09,2670.61
489,2934.28,2671.83
490,2936.57,2673.16
491,2938.86,2674.38
492,2941.05,2675.71
493,2943.43,2677.04
494,2945.81,2678.37
495,2948.19,2679.7
496,2950.58,2681.03
497,2952.96,2682.36
498,2955.34,2683.69
499,2957.72,2685.13
500,2960.1,2686.46
501,2962.49,2687.79
502,2964.87,2689.12
503,2967.25,2690.45
504,2969.63,2691.78
505,2971.44,2694.0
506,2973.25,2696.22
507,2975.06,2698.44
508,2976.87,2700.65
509,2978.68,2702.87
510,2980.4,2705.09
511,2982.21,2707.31
512,2984.02,2709.52
513,2985.83,2711.74
514,2987.64,2713.96
515,2989.45,2716.17
516,2991.26,2718.39
517,2987.83,2723.94
518,2984.31,2729.48
519,2980.88,2735.02
520,2977.45,2740.57
521,2974.02,2746.11
522,2970.49,2751.65
523,2967.06,2757.2
524,2963.63,2762.74
525,2960.1,2768.29
526,2956.67,2773.83
527,2955.44,2775.49
528,2954.29,2777.16
529,2953.05,2778.93
530,2951.82,2780.59
531,2950.58,2782.26
532,2949.43,2783.92
533,2948.19,2785.58
534,2946.96,2787.24
535,2945.72,2789.02
536,2944.57,2790.68
537,2943.34,2792.34
538,2943.34,2792.34
539,2943.34,2792.34
540,2943.34,2792.34
541,2943.34,2792.34
542,2943.34,2792.34
543,2943.34,2792.34
544,2943.34,2792.34
545,2943.34,2792.34
546,2943.34,2792.34
547,2943.34,2792.34
548,2943.34,2792.34
549,2942.76,2792.46
550,2942.19,2792.57
551,2941.62,2792.57
552,2941.14,2792.68
553,2940.57,2792.79
554,2940.0,2792.9
555,2939.43,2793.01
556,2938.86,2793.12
557,2938.29,2793.12
558,2937.71,2793.23
559,2937.24,2793.34
560,2936.67,2793.45
561,2936.09,2793.56
562,2935.52,2793.56
563,2934.95,2793.68
564,2934.38,2793.79
565,2933.81,2793.9
566,2933.24,2794.01
567,2932.76,2794.12
568,2932.19,2794.12
569,2931.62,2794.23
570,2931.04,2794.34
571,2931.04,2794.34
572,2931.04,2794.34
573,2931.04,2794.34
574,2931.04,2794.34
575,2931.04,2794.34
576,2931.04,2794.34
577,2931.04,2794.34
578,2931.04,2794.34
579,2931.04,2794.34
580,2931.04,2794.34
581,2931.04,2794.34
582,2931.04,2794.34
583,2931.04,2794.34
584,2931.04,2794.34
585,2931.04,2794.34
586,2931.04,2794.34
587,2931.04,2794.34
588,2931.04,2794.34
589,2931.04,2794.34
590,2931.04,2794.34
591,2931.04,2794.34
592,2931.04,2794.34
593,2931.04,2794.34
594,2931.04,2794.34
595,2931.04,2794.34
596,2931.04,2794.34
597,2931.04,2794.34
598,2931.04,2794.34
599,2931.04,2794.34
600,2931.04,2794.34
601,2931.04,2794.34
602,2931.04,2794.34
603,2931.04,2794.34
604,2931.04,2794.34
605,2931.04,2794.34
606,2931.04,2794.34
607,2931.04,2794.34
608,2931.04,2794.34
609,2931.04,2794.34
610,2931.04,2794.34
611,2931.04,2794.34
612,2931.04,2794.34
613,2931.04,2794.34
614,2930.09,2796.34
615,2929.14,2798.33
616,2928.28,2800.33
617,2927.33,2802.32
618,2926.38,2804.32
619,2925.42,2806.43
620,2924.47,2808.42
621,2923.61,2810.42
622,2922.66,2812.41
623,2921.71,2814.41
624,2920.75,2816.4
625,2919.8,2818.4
626,2918.94,2820.4
627,2917.99,2822.39
628,2917.04,2824.5
629,2916.09,2826.49
630,2915.13,2828.49
631,2914.28,2830.49
632,2913.32,2832.48
633,2912.37,2834.48
634,2909.8,2838.8
635,2907.23,2843.24
636,2904.56,2847.56
637,2901.98,2851.88
638,2899.41,2856.21
639,2896.84,2860.64
640,2894.27,2864.97
641,2891.6,2869.29
642,2889.03,2873.73
643,2886.45,2878.05
644,2883.69,2882.48
645,2880.93,2886.92
646,2878.07,2891.35
647,2875.31,2895.79
648,2872.54,2900.22
649,2869.78,2904.66
650,2867.02,2909.09
651,2864.16,2913.53
652,2861.4,2917.96
653,2858.63,2922.4
654,2855.78,2927.5
655,2852.82,2932.49
656,2849.96,2937.59
657,2847.1,2942.69
658,2844.15,2947.79
659,2841.29,2952.78
660,2838.43,2957.88
661,2835.58,2962.98
662,2832.62,2967.97
663,2829.76,2973.07
664,2828.14,2975.73
665,2826.52,2978.39
666,2824.81,2981.05
667,2823.19,2983.71
668,2821.57,2986.48
669,2819.95,2989.15
670,2818.33,2991.81
671,2816.62,2994.47
672,2815.0,2997.13
673,2813.38,2999.79
674,2811.76,3002.45
675,2810.14,3005.11
676,2808.42,3007.88
677,2806.8,3010.54
678,2805.18,3013.2
679,2803.56,3015.87
680,2801.94,3018.53
681,2800.23,3021.19
682,2798.61,3023.85
683,2796.99,3026.51
684,2795.37,3029.28
685,2793.75,3031.94
686,2792.03,3034.6
687,2790.41,3037.26
688,2788.79,3039.93
689,2783.94,3047.69
690,2778.98,3055.56
691,2774.12,3063.32
692,2769.17,3071.19
693,2764.31,3078.95
694,2762.97,3082.83
695,2761.64,3086.6
696,2760.31,3090.48
697,2758.97,3094.36
698,2757.64,3098.24
699,2756.3,3102.01
700,2754.97,3105.89
701,2753.64,3109.78
702,2752.3,3113.55
703,2750.97,3117.43
704,2750.97,3117.43
705,2750.97,3117.43
706,2750.97,3117.43
707,2750.97,3117.43
708,2750.97,3117.43
709,2750.97,3117.43
710,2750.97,3117.43
711,2750.97,3117.43
712,2750.97,3117.43
713,2750.97,3117.43
714,2750.97,3117.43
715,2750.97,3117.43
716,2750.97,3117.43
717,2750.97,3117.43
718,2750.97,3117.43
719,2750.97,3117.43
720,2750.97,3117.43
721,2750.97,3117.43
722,2750.97,3117.43
723,2750.97,3117.43
724,2750.97,3117.43
725,2750.97,3117.43
726,2750.97,3117.43
727,2750.97,3117.43
728,2750.97,3117.43
729,2750.97,3117.43
730,2750.97,3117.43
731,2750.97,3117.43
732,2750.97,3117.43
733,2750.97,3117.43
734,2750.97,3117.43
735,2750.97,3117.43
736,2750.97,3117.43
737,2750.97,3117.43
738,2750.97,3117.43
739,2750.97,3117.43
740,2750.97,3117.43
741,2750.97,3117.43
742,2750.97,3117.43
743,2750.97,3117.43
744,2750.97,3117.43
745,2750.97,3117.43
746,2750.97,3117.43
747,2750.97,3117.43
748,2750.97,3117.43
749,2750.97,3117.43
750,2750.97,3117.43
751,2750.97,3117.43
752,2750.97,3117.43
753,2750.97,3117.43
754,2750.97,3117.43
755,2750.97,3117.43
756,2750.97,3117.43
757,2750.97,3117.43
758,2750.97,3117.43
759,2750.97,3117.43
760,2750.97,3117.43
761,2750.97,3117.43
762,2750.97,3117.43
763,2750.97,3117.43
764,2750.97,3117.43
765,2750.97,3117.43
766,2750.97,3117.43
767,2750.97,3117.43
768,2750.97,3117.43
769,2750.97,3117.43
770,2750.97,3117.43
771,2750.97,3117.43
772,2750.97,3117.43
773,2750.97,3117.43
774,2750.97,3117.43
775,2750.97,3117.43
776,2750.97,3117.43
777,2750.97,3117.43
778,2750.97,3117.43
779,2750.97,3117.43
780,2750.97,3117.43
781,2750.97,3117.43
782,2750.97,3117.43
783,2750.97,3117.43
784,2750.97,3117.43
785,2750.97,3117.43
786,2750.97,3117.43
787,2750.97,3117.43
788,2750.97,3117.43
789,2750.97,3117.43
790,2750.97,3117.43
791,2750.97,3117.43
792,2750.97,3117.43
793,2750.97,3117.43
794,2750.11,3118.09
795,2749.25,3118.87
796,2748.4,3119.53
797,2747.54,3120.31
798,2746.68,3120.97
799,2745.82,3121.64
800,2744.97,3122.41
801,2744.11,3123.08
802,2743.25,3123.86
803,2742.3,3124.52
804,2741.44,3125.19
805,2740.58,3125.96
806,2739.73,3126.63
807,2738.87,3127.4
808,2738.01,3128.07
809,2737.15,3128.73
810,2736.3,3129.51
811,2735.44,3130.18
812,2734.58,3130.95
813,2733.72,3131.62
814,2732.77,3131.4
815,2731.82,3131.17
816,2730.87,3130.95
817,2729.91,3130.73
818,2728.96,3130.51
819,2728.01,3130.18
820,2727.05,3129.95
821,2726.1,3129.73
822,2725.15,3129.51
823,2724.2,3129.29
824,2723.24,3129.07
825,2718.57,3126.63
826,2713.91,3124.3
827,2709.33,3121.86
828,2704.66,3119.42
829,2700.0,3117.09
830,2695.33,3114.65
831,2690.75,3112.21
832,2686.08,3109.89
833,2681.42,3107.45
834,2678.65,3106.56
835,2675.89,3105.56
836,2673.13,3104.68
837,2670.36,3103.79
838,2667.6,3102.79
839,2664.84,3101.9
840,2662.07,3100.91
841,2659.41,3100.02
842,2656.64,3099.13
843,2653.88,3098.13
844,2651.12,3097.25
845,2648.35,3096.36
846,2645.59,3095.36
847,2642.83,3094.47
848,2642.64,3094.47
849,2642.45,3094.36
850,2642.35,3094.25
851,2642.16,3094.25
852,2641.97,3094.25
853,2641.78,3094.14
854,2641.78,3094.14
855,2641.78,3094.14
856,2641.78,3094.14
857,2641.78,3094.14
858,2641.78,3094.14
859,2641.78,3094.14
860,2641.78,3094.14
861,2641.78,3094.14
862,2641.78,3094.14
863,2641.78,3094.14
864,2641.78,3094.14
865,2641.78,3094.14
866,2641.78,3094.14
867,2641.78,3094.14
868,2641.78,3094.14
869,2641.78,3094.14
870,2641.78,3094.14
871,2641.78,3094.14
872,2641.78,3094.14
873,2641.78,3094.14
874,2641.78,3094.14
875,2641.78,3094.14
876,2641.78,3094.14
877,2641.78,3094.14
878,2641.78,3094.14
879,2641.78,3094.14
880,2641.78,3094.14
881,2641.78,3094.14
882,2641.78,3094.14
883,2641.78,3094.14
884,2641.78,3094.14
885,2641.78,3094.14
886,2641.78,3094.14
887,2641.78,3094.14
888,2641.78,3094.14
889,2641.78,3094.14
890,2641.78,3094.14
891,2641.78,3094.14
892,2641.78,3094.14
893,2641.78,3094.14
894,2640.07,3093.59
895,2638.35,3093.03
896,2636.64,3092.37
897,2634.92,3091.81
898,2633.3,3091.26
899,2631.59,3090.71
900,2629.87,3090.15
901,2628.16,3089.49
902,2626.44,3088.93
903,2624.73,3088.38
904,2622.91,3087.6
905,2621.1,3086.71
906,2619.29,3085.94
907,2617.48,3085.16
908,2615.67,3084.27
909,2613.86,3083.5
910,2612.05,3082.72
911,2610.24,3081.95
912,2608.43,3081.06
913,2606.62,3080.28
914,2604.43,3079.17
915,2602.14,3078.07
916,2599.95,3076.96
917,2597.67,3075.85
918,2595.47,3074.74
919,2593.28,3073.63
920,2591.0,3072.52
921,2588.81,3071.41
922,2586.52,3070.3
923,2584.33,3069.2
924,2582.14,3068.09
925,2579.85,3066.98
926,2577.66,3065.87
927,2575.37,3064.76
928,2573.18,3063.65
929,2570.99,3062.54
930,2568.7,3061.43
931,2566.51,3060.33
932,2564.22,3059.22
933,2562.03,3058.11
934,2560.98,3058.44
935,2559.94,3058.77
936,2558.89,3059.11
937,2557.84,3059.44
938,2556.79,3059.77
939,2555.65,3060.1
940,2554.6,3060.44
941,2553.55,3060.77
942,2552.5,3061.1
943,2551.46,3061.43
944,2550.41,3061.77
