0,2011.23,2867.41
1,2009.42,2870.73
2,2007.51,2874.06
3,2005.61,2877.5
4,2003.8,2880.82
5,2001.89,2884.26
6,2000.08,2887.59
7,1998.18,2891.02
8,1999.89,2886.92
9,2001.7,2882.82
10,2003.42,2878.72
11,2005.23,2874.61
12,2007.04,2870.4
13,2008.75,2866.3
14,2010.47,2862.2
15,2012.28,2858.09
16,2013.99,2853.99
17,2015.8,2849.89
18,2017.61,2845.79
19,2019.33,2841.68
20,2021.04,2837.58
21,2022.85,2833.37
22,2024.66,2829.27
23,2026.38,2825.16
24,2028.19,2821.06
25,2029.9,2816.96
26,2031.33,2813.85
27,2032.86,2810.75
28,2034.29,2807.65
29,2035.72,2804.54
30,2037.14,2801.44
31,2038.67,2798.22
32,2040.1,2795.12
33,2041.53,2792.01
34,2042.96,2788.91
35,2044.48,2785.8
36,2045.91,2782.7
37,2045.91,2782.7
38,2045.91,2782.7
39,2045.91,2782.7
40,2045.91,2782.7
41,2045.91,2782.7
42,2045.91,2782.7
43,2045.91,2782.7
44,2045.91,2782.7
45,2045.91,2782.7
46,2045.91,2782.7
47,2045.91,2782.7
48,2045.91,2782.7
49,2045.91,2782.7
50,2045.91,2782.7
51,2045.91,2782.7
52,2045.91,2782.7
53,2045.91,2782.7
54,2045.91,2782.7
55,2045.91,2782.7
56,2045.91,2782.7
57,2045.91,2782.7
58,2045.91,2782.7
59,2045.91,2782.7
60,2045.91,2782.7
61,2045.91,2782.7
62,2045.91,2782.7
63,2045.91,2782.7
64,2045.91,2782.7
65,2045.91,2782.7
66,2045.91,2782.7
67,2045.91,2782.7
68,2045.91,2782.7
69,2045.91,2782.7
70,2045.91,2782.7
71,2045.91,2782.7
72,2045.91,2782.7
73,2045.91,2782.7
74,2045.91,2782.7
75,2045.91,2782.7
76,2045.91,2782.7
77,2045.91,2782.7
78,2045.91,2782.7
79,2045.91,2782.7
80,2045.91,2782.7
81,2045.91,2782.7
82,2045.91,2782.7
83,2045.91,2782.7
84,2045.91,2782.7
85,2045.91,2782.7
86,2045.91,2782.7
87,2045.91,2782.7
88,2045.91,2782.7
89,2045.91,2782.7
90,2045.91,2782.7
91,2045.91,2782.7
92,2045.91,2782.7
93,2045.91,2782.7
94,2045.91,2782.7
95,2045.91,2782.7
96,2045.91,2782.7
97,2045.91,2782.7
98,2045.91,2782.7
99,2045.91,2782.7
100,2045.91,2782.7
101,2045.91,2782.7
102,2045.91,2782.7
103,2045.91,2782.7
104,2045.91,2782.7
105,2045.91,2782.7
106,2045.91,2782.7
107,2045.91,2782.7
108,2045.91,2782.7
109,2045.91,2782.7
110,2045.91,2782.7
111,2045.91,2782.7
112,2045.91,2782.7
113,2045.91,2782.7
114,2045.91,2782.7
115,2045.91,2782.7
116,2047.15,2778.15
117,2048.39,2773.72
118,2049.63,2769.17
119,2050.86,2764.74
120,2052.1,2760.19
121,2053.34,2755.65
122,2054.58,2751.21
123,2055.82,2746.67
124,2057.06,2742.23
125,2058.3,2737.68
126,2055.63,2732.36
127,2053.06,2726.93
128,2050.39,2721.61
129,2046.2,2718.06
130,2041.91,2714.4
131,2037.72,2710.85
132,2033.43,2707.19
133,2029.24,2703.65
134,2025.04,2699.99
135,2020.76,2696.44
136,2016.56,2692.89
137,2012.37,2689.23
138,2008.08,2685.68
139,2003.89,2682.03
140,1999.7,2678.48
141,1995.41,2674.82
142,1991.22,2671.27
143,1986.93,2667.61
144,1982.74,2664.06
145,1979.02,2660.85
146,1975.31,2657.74
147,1971.5,2654.53
148,1967.78,2651.31
149,1967.78,2651.31
150,1967.78,2651.31
151,1967.78,2651.31
152,1967.78,2651.31
153,1967.78,2651.31
154,1967.78,2651.31
155,1967.78,2651.31
156,1967.78,2651.31
157,1967.78,2651.31
158,1967.78,2651.31
159,1967.78,2651.31
160,1967.78,2651.31
161,1967.78,2651.31
162,1967.78,2651.31
163,1967.78,2651.31
164,1967.78,2651.31
165,1967.78,2651.31
166,1967.78,2651.31
167,1967.78,2651.31
168,1967.78,2651.31
169,1967.78,2651.31
170,1967.78,2651.31
171,1967.78,2651.31
172,1967.78,2651.31
173,1967.78,2651.31
174,1967.78,2651.31
175,1967.78,2651.31
176,1967.78,2651.31
177,1967.78,2651.31
178,1967.78,2651.31
179,1967.78,2651.31
180,1967.78,2651.31
181,1967.78,2651.31
182,1967.78,2651.31
183,1967.78,2651.31
184,1967.78,2651.31
185,1967.78,2651.31
186,1967.78,2651.31
187,1967.78,2651.31
188,1967.78,2651.31
189,1967.78,2651.31
190,1967.78,2651.31
191,1967.78,2651.31
192,1967.78,2651.31
193,1967.78,2651.31
194,1967.78,2651.31
195,1967.78,2651.31
196,1967.78,2651.31
197,1967.78,2651.31
198,1967.78,2651.31
199,1967.78,2651.31
200,1967.78,2651.31
201,1967.78,2651.31
202,1967.78,2651.31
203,1967.78,2651.31
204,1967.78,2651.31
205,1967.78,2651.31
206,1967.78,2651.31
207,1967.78,2651.31
208,1967.78,2651.31
209,1967.78,2651.31
210,1967.78,2651.31
211,1967.78,2651.31
212,1967.78,2651.31
213,1967.78,2651.31
214,1967.78,2651.31
215,1967.78,2651.31
216,1967.78,2651.31
217,1967.78,2651.31
218,1967.78,2651.31
219,1967.78,2651.31
220,1967.78,2651.31
221,1967.78,2651.31
222,1967.78,2651.31
223,1967.78,2651.31
224,1967.78,2651.31
225,1967.78,2651.31
226,1967.78,2651.31
227,1967.78,2651.31
228,1967.78,2651.31
229,1965.97,2650.21
230,1964.26,2648.99
231,1962.45,2647.88
232,1960.73,2646.77
233,1958.92,2645.55
234,1957.11,2644.44
235,1955.4,2643.33
236,1953.59,2642.22
237,1951.87,2641.0
238,1950.06,2639.89
239,1942.82,2638.79
240,1935.58,2637.57
241,1928.24,2636.46
242,1921.0,2635.24
243,1913.76,2634.13
244,1906.52,2632.91
245,1899.28,2631.8
246,1892.04,2630.69
247,1884.79,2629.47
248,1877.46,2628.36
249,1870.22,2627.14
250,1862.98,2626.03
251,1855.73,2624.82
252,1848.49,2623.71
253,1841.25,2622.49
254,1833.92,2621.38
255,1826.67,2620.27
256,1819.43,2619.05
257,1812.19,2617.94
258,1804.95,2616.72
259,1797.71,2615.61
260,1790.37,2614.39
261,1783.13,2613.28
262,1775.89,2612.18
263,1768.65,2610.96
264,1761.41,2609.85
265,1754.17,2608.63
266,1746.83,2607.52
267,1739.59,2606.3
268,1732.35,2605.19
269,1725.87,2604.97
270,1719.3,2604.75
271,1712.72,2604.41
272,1706.24,2604.19
273,1699.76,2603.97
274,1693.19,2603.75
275,1686.71,2603.53
276,1680.14,2603.2
277,1673.56,2602.97
278,1667.08,2602.75
279,1660.41,2602.31
280,1653.74,2601.86
281,1646.98,2601.42
282,1640.31,2600.98
283,1633.64,2600.53
284,1626.97,2600.09
285,1620.3,2599.65
286,1613.54,2599.2
287,1606.87,2598.76
288,1600.2,2598.32
289,1599.44,2598.32
290,1598.67,2598.32
291,1598.01,2598.32
292,1597.24,2598.32
293,1596.48,2598.32
294,1595.72,2598.32
295,1594.96,2598.32
296,1594.29,2598.32
297,1593.53,2598.32
298,1592.77,2598.32
299,1592.77,2598.32
300,1592.77,2598.32
301,1592.77,2598.32
302,1592.77,2598.32
303,1592.77,2598.32
304,1592.77,2598.32
305,1592.77,2598.32
306,1592.77,2598.32
307,1592.77,2598.32
308,1592.77,2598.32
309,1591.53,2598.09
310,1590.29,2597.87
311,1589.05,2597.76
312,1587.81,2597.54
313,1586.67,2597.32
314,1585.43,2597.1
315,1584.19,2596.99
316,1582.95,2596.76
317,1581.71,2596.54
318,1580.48,2596.32
319,1579.24,2596.1
320,1578.0,2595.99
321,1576.76,2595.77
322,1575.62,2595.54
323,1574.38,2595.32
324,1573.14,2595.21
325,1571.9,2594.99
326,1570.66,2594.77
327,1567.61,2593.88
328,1563.9,2593.66
329,1560.28,2593.44
330,1556.56,2593.33
331,1552.94,2593.11
332,1549.22,2592.88
333,1545.51,2592.66
334,1541.89,2592.44
335,1538.17,2592.33
336,1534.55,2592.11
337,1530.84,2591.89
338,1531.22,2591.66
339,1531.5,2591.33
340,1531.88,2591.11
341,1532.26,2590.89
342,1532.65,2590.56
343,1532.93,2590.33
344,1533.31,2590.0
345,1533.69,2589.78
346,1538.55,2591.0
347,1543.41,2592.22
348,1548.27,2593.33
349,1553.13,2594.55
350,1558.09,2595.77
351,1562.94,2596.99
352,1567.8,2598.09
353,1572.66,2599.31
354,1577.52,2600.53
355,1578.57,2600.76
356,1579.52,2600.87
357,1580.57,2601.09
358,1581.52,2601.31
359,1582.57,2601.53
360,1583.62,2601.64
361,1584.57,2601.86
362,1585.62,2602.09
363,1586.57,2602.2
364,1587.62,2602.42
365,1591.34,2602.97
366,1595.05,2603.42
367,1598.67,2603.97
368,1602.39,2604.53
369,1606.11,2604.97
370,1609.73,2605.52
371,1613.44,2606.08
372,1617.16,2606.52
373,1620.87,2607.08
374,1624.59,2607.63
375,1628.21,2608.07
376,1631.93,2608.63
377,1635.64,2609.07
378,1639.36,2609.63
379,1642.98,2610.18
380,1646.69,2610.62
381,1650.41,2611.18
382,1654.13,2611.73
383,1657.75,2612.18
384,1661.46,2612.73
385,1665.18,2616.28
386,1668.89,2619.94
387,1672.61,2623.48
388,1676.42,2627.14
389,1680.14,2630.69
390,1683.85,2634.35
391,1687.57,2637.9
392,1689.86,2646.99
393,1692.14,2656.08
394,1694.43,2665.28
395,1696.72,2674.38
396,1699.0,2683.47
397,1698.81,2692.45
398,1698.62,2701.54
399,1698.43,2710.63
400,1698.24,2719.61
401,1698.05,2728.7
402,1697.86,2737.68
403,1697.0,2749.88
404,1696.24,2762.19
405,1695.38,2774.38
406,1694.62,2786.58
407,1693.76,2798.89
408,1693.0,2811.08
409,1692.14,2823.28
410,1691.38,2835.59
411,1690.52,2847.78
412,1690.52,2853.33
413,1690.43,2858.98
414,1690.43,2864.52
415,1690.33,2870.18
416,1690.33,2875.72
417,1690.24,2881.27
418,1690.24,2886.92
419,1690.14,2892.46
420,1690.14,2898.01
421,1690.05,2903.66
422,1690.05,2909.21
423,1689.95,2914.86
424,1689.95,2920.4
425,1689.95,2921.07
426,1689.95,2921.73
427,1689.95,2922.4
428,1689.95,2923.06
429,1689.95,2923.62
430,1689.95,2924.28
431,1689.95,2924.95
432,1689.95,2925.61
433,1689.95,2926.28
434,1691.19,2929.05
435,1692.33,2931.71
436,1693.57,2934.48
437,1694.71,2937.26
438,1695.95,2939.92
439,1697.1,2942.69
440,1698.33,2945.35
441,1699.57,2948.12
442,1700.72,2950.89
443,1701.96,2953.55
444,1703.1,2956.33
445,1704.34,2959.1
446,1705.48,2961.76
447,1706.72,2964.53
448,1712.53,2965.31
449,1718.25,2966.08
450,1724.06,2966.86
451,1729.87,2967.64
452,1735.68,2968.41
453,1741.4,2969.19
454,1747.21,2969.96
455,1753.02,2970.74
456,1758.74,2971.52
457,1764.55,2972.29
458,1768.84,2973.29
459,1773.13,2974.4
460,1777.42,2975.4
461,1781.7,2976.51
462,1785.99,2977.5
463,1790.28,2978.5
464,1794.57,2979.61
465,1798.85,2980.61
466,1803.14,2981.72
467,1807.43,2982.71
468,1814.29,2982.94
469,1821.15,2983.16
470,1828.1,2983.27
471,1834.96,2983.49
472,1841.82,2983.71
473,1848.68,2983.93
474,1855.54,2984.16
475,1862.5,2984.27
476,1869.36,2984.49
477,1876.22,2984.71
478,1878.12,2984.71
479,1880.03,2984.82
480,1881.94,2984.82
481,1883.84,2984.93
482,1885.84,2985.04
483,1887.75,2985.04
484,1889.65,2985.15
485,1891.56,2985.15
486,1893.46,2985.26
487,1895.37,2985.26
488,1899.75,2986.71
489,1904.14,2988.04
490,1908.61,2989.48
491,1913.0,2990.92
492,1917.38,2992.36
493,1921.76,2993.69
494,1926.24,2995.13
495,1930.62,2996.57
496,1935.01,2997.9
497,1939.48,2999.35
498,1943.87,3000.79
499,1948.25,3002.23
500,1952.63,3003.56
501,1957.11,3005.0
502,1961.49,3006.44
503,1965.88,3007.77
504,1970.26,3009.21
505,1974.74,3010.65
506,1979.12,3011.99
507,1983.5,3013.43
508,1987.89,3014.87
509,1992.36,3016.31
510,1996.75,3017.64
511,2001.13,3019.08
512,2008.85,3033.38
513,2016.56,3047.8
514,2024.19,3062.1
515,2031.9,3076.51
516,2039.62,3090.82
517,2047.34,3105.23
518,2049.91,3111.22
519,2052.58,3117.31
520,2055.15,3123.3
521,2057.82,3129.29
522,2060.39,3135.28
523,2062.96,3141.37
524,2065.63,3147.36
525,2068.21,3153.35
526,2070.87,3159.45
527,2073.45,3165.43
528,2077.35,3170.87
529,2081.26,3176.41
530,2085.07,3181.84
531,2088.98,3187.28
532,2092.88,3192.82
533,2096.79,3198.25
534,2100.69,3203.69
535,2104.51,3209.12
536,2108.41,3214.66
537,2112.32,3220.09
538,2116.89,3222.76
539,2121.47,3225.53
540,2126.04,3228.3
541,2130.61,3230.96
542,2135.19,3233.73
543,2139.76,3236.39
544,2144.33,3239.16
545,2148.91,3241.83
546,2153.48,3244.6
547,2158.05,3247.26
548,2166.34,3248.59
549,2174.63,3249.92
550,2182.82,3251.25
551,2191.11,3252.58
552,2199.4,3253.91
553,2207.6,3255.24
554,2215.89,3256.57
555,2224.18,3257.9
556,2232.46,3259.23
557,2240.75,3260.56
558,2248.95,3261.78
559,2257.24,3263.11
560,2265.53,3264.44
561,2273.82,3265.77
562,2282.01,3267.1
563,2290.3,3268.44
564,2298.59,3269.77
565,2306.88,3271.1
566,2315.07,3272.43
567,2323.36,3273.76
568,2327.27,3274.31
569,2331.17,3274.98
570,2335.17,3275.53
571,2339.08,3276.09
572,2342.99,3276.75
573,2346.89,3277.3
574,2350.8,3277.86
575,2354.8,3278.41
576,2358.71,3279.08
577,2362.61,3279.63
578,2368.24,3280.41
579,2373.76,3281.3
580,2379.38,3282.07
581,2384.91,3282.96
582,2390.53,3283.85
583,2396.15,3284.62
584,2401.68,3285.51
585,2407.3,3286.29
586,2412.83,3287.17
587,2418.45,3287.95
588,2422.83,3288.95
589,2427.12,3290.06
590,2431.5,3291.05
591,2435.88,3292.05
592,2440.17,3293.16
593,2444.55,3294.16
594,2448.94,3295.16
595,2453.32,3296.15
596,2457.61,3297.26
597,2461.99,3298.26
598,2467.04,3299.37
599,2472.09,3300.37
600,2477.23,3301.48
601,2482.28,3302.47
602,2487.33,3303.58
603,2492.38,3304.58
604,2497.43,3305.69
605,2502.48,3306.69
606,2507.63,3307.8
607,2512.68,3308.79
608,2517.73,3309.9
609,2525.64,3312.56
610,2533.45,3315.11
611,2541.36,3317.77
612,2549.17,3320.43
613,2557.08,3322.98
614,2564.89,3325.65
615,2572.8,3328.31
616,2580.61,3330.86
617,2588.52,3333.52
618,2596.33,3336.18
619,2604.24,3338.84
620,2612.05,3341.39
621,2619.96,3344.05
622,2627.77,3346.71
623,2635.68,3349.26
624,2643.5,3351.92
625,2651.4,3354.58
626,2659.22,3357.13
627,2667.12,3359.79
628,2671.98,3361.01
629,2676.94,3362.12
630,2681.8,3363.34
631,2686.75,3364.56
632,2691.61,3365.67
633,2696.47,3366.89
634,2701.42,3368.11
635,2706.28,3369.33
636,2711.24,3370.44
637,2716.1,3371.66
638,2718.19,3372.1
639,2720.38,3372.66
640,2722.48,3373.1
641,2724.58,3373.54
642,2726.77,3374.1
643,2728.86,3374.54
644,2730.96,3374.98
645,2733.06,3375.43
646,2735.25,3375.98
647,2737.34,3376.43
648,2737.53,3376.43
649,2737.73,3376.54
650,2737.82,3376.65
651,2738.01,3376.65
652,2738.2,3376.65
653,2738.39,3376.76
654,2738.58,3376.76
655,2738.68,3376.87
656,2738.87,3376.98
657,2739.06,3376.98
658,2739.06,3376.98
659,2739.06,3376.98
660,2739.06,3376.98
661,2739.06,3376.98
662,2739.06,3376.98
663,2739.06,3376.98
664,2739.06,3376.98
665,2739.06,3376.98
666,2739.06,3376.98
667,2739.06,3376.98
668,2741.54,3377.65
669,2744.01,3378.2
670,2746.59,3378.86
671,2749.06,3379.53
672,2751.54,3380.08
673,2754.02,3380.75
674,2756.59,3381.41
675,2759.07,3381.97
676,2761.54,3382.63
677,2764.02,3383.3
678,2766.5,3383.85
679,2769.07,3384.52
680,2771.55,3385.18
681,2774.03,3385.85
682,2776.5,3386.4
683,2779.08,3387.07
684,2781.55,3387.73
685,2784.03,3388.29
686,2786.51,3388.95
687,2789.08,3389.62
688,2791.56,3390.17
689,2794.03,3390.84
690,2796.51,3391.5
691,2798.99,3392.06
692,2801.56,3392.72
693,2804.04,3393.39
694,2806.52,3393.94
695,2808.99,3394.61
696,2811.57,3395.27
697,2814.04,3395.83
698,2816.52,3396.49
699,2819.0,3397.16
700,2821.57,3397.82
701,2824.05,3398.38
702,2826.52,3399.04
703,2829.0,3399.71
704,2831.48,3400.26
705,2834.05,3400.93
706,2836.53,3401.59
707,2839.01,3402.15
708,2841.48,3402.81
709,2844.06,3403.48
710,2846.53,3404.03
711,2849.01,3404.7
712,2862.44,3408.47
713,2875.88,3412.35
714,2889.22,3416.23
715,2902.65,3420.0
716,2916.09,3423.77
717,2929.52,3427.65
718,2932.76,3429.2
719,2936.0,3430.75
720,2939.24,3432.31
721,2942.48,3433.86
722,2945.72,3435.41
723,2949.05,3437.07
724,2952.29,3438.63
725,2955.53,3440.18
726,2958.77,3441.73
727,2962.01,3443.28
728,2965.25,3444.83
729,2973.16,3449.16
730,2981.16,3453.48
731,2989.07,3457.81
732,2997.07,3462.02
733,3004.98,3466.34
734,3012.98,3470.67
735,3020.89,3474.99
736,3028.9,3479.32
737,3036.8,3483.64
738,3044.81,3487.85
739,3052.72,3492.18
740,3060.72,3496.5
741,3068.63,3500.83
742,3076.63,3505.15
743,3084.54,3509.47
744,3092.54,3513.69
745,3100.45,3518.01
746,3108.45,3522.33
747,3116.36,3526.66
748,3121.98,3528.32
749,3127.51,3529.99
750,3133.13,3531.76
751,3138.66,3533.42
752,3144.28,3535.09
753,3149.8,3536.75
754,3155.33,3538.41
755,3160.95,3540.19
756,3166.48,3541.85
757,3172.1,3543.51
758,3178.01,3545.84
759,3183.91,3548.17
760,3189.82,3550.39
761,3195.73,3552.71
762,3201.64,3555.04
763,3207.54,3557.37
764,3213.45,3559.7
765,3219.36,3561.92
766,3225.26,3564.25
767,3231.17,3566.57
768,3234.79,3567.9
769,3238.41,3569.12
770,3242.03,3570.45
771,3245.65,3571.67
772,3249.27,3573.0
773,3252.8,3574.22
774,3256.42,3575.55
775,3260.04,3576.77
776,3263.66,3578.1
777,3267.28,3579.32
778,3270.9,3580.65
779,3273.0,3581.32
780,3275.09,3581.98
781,3277.1,3582.54
782,3279.19,3583.2
783,3279.19,3583.2
784,3279.19,3583.2
785,3279.19,3583.2
786,3279.19,3583.2
787,3279.19,3583.2
788,3279.19,3583.2
789,3279.19,3583.2
790,3279.19,3583.2
791,3279.19,3583.2
792,3279.19,3583.2
793,3279.19,3583.2
794,3279.67,3583.32
795,3280.05,3583.32
796,3280.53,3583.43
797,3280.91,3583.54
798,3281.38,3583.65
799,3281.76,3583.65
800,3282.24,3583.76
801,3282.62,3583.87
802,3283.1,3583.98
803,3283.48,3584.09
804,3283.96,3584.09
805,3284.43,3584.2
806,3284.81,3584.31
807,3285.29,3584.42
808,3285.67,3584.42
809,3286.15,3584.53
810,3286.53,3584.65
811,3287.0,3584.76
812,3287.39,3584.76
813,3287.86,3584.87
814,3291.96,3586.42
815,3295.96,3587.86
816,3300.06,3589.41
817,3304.06,3590.97
818,3308.06,3592.52
819,3312.16,3593.96
820,3316.16,3595.51
821,3320.26,3597.06
822,3324.26,3598.5
823,3328.36,3600.06
824,3331.4,3601.61
825,3334.36,3603.16
826,3337.41,3604.6
827,3340.46,3606.16
828,3343.5,3607.71
829,3346.46,3609.26
830,3349.51,3610.81
831,3352.56,3612.25
832,3355.51,3613.81
833,3358.56,3615.36
834,3360.27,3615.8
835,3361.89,3616.36
836,3363.61,3616.8
837,3365.32,3617.35
838,3367.04,3617.8
839,3368.66,3618.24
840,3370.37,3618.79
841,3372.09,3619.24
842,3373.71,3619.79
843,3375.42,3620.24
844,3377.14,3618.57
845,3378.95,3616.91
846,3380.66,3615.25
847,3382.38,3613.58
848,3384.09,3611.92
849,3385.9,3610.26
850,3387.62,3608.59
851,3388.57,3604.82
852,3389.52,3601.06
853,3390.48,3597.4
854,3391.52,3593.63
855,3392.48,3589.86
856,3393.43,3586.09
857,3394.38,3582.32
858,3395.34,3578.55
859,3396.38,3574.78
860,3397.34,3571.12
861,3398.29,3567.35
862,3399.24,3563.58
863,3400.19,3559.81
864,3401.15,3556.04
865,3402.1,3552.27
866,3403.15,3548.61
867,3404.1,3544.84
868,3405.05,3541.07
869,3416.96,3505.15
870,3428.78,3469.23
871,3431.54,3459.03
872,3434.3,3448.83
873,3437.07,3438.51
874,3439.83,3428.31
875,3442.69,3418.11
876,3445.45,3407.91
877,3448.22,3397.71
878,3450.98,3387.4
879,3453.74,3377.2
880,3456.5,3367.0
881,3458.31,3359.35
882,3460.12,3351.59
883,3462.03,3343.94
884,3463.84,3336.29
885,3465.65,3328.53
886,3467.46,3320.88
887,3469.27,3313.23
888,3471.18,3305.58
889,3472.99,3297.82
890,3474.8,3290.17
891,3475.85,3286.4
892,3476.8,3282.63
893,3477.85,3278.86
894,3478.8,3275.09
895,3479.85,3271.32
896,3480.8,3267.55
897,3481.85,3263.78
898,3482.8,3260.01
899,3483.85,3256.24
900,3484.8,3252.47
901,3486.14,3246.81
902,3487.47,3241.27
903,3488.9,3235.62
904,3490.23,3230.07
905,3491.57,3224.42
906,3492.9,3218.87
907,3494.23,3213.22
908,3495.66,3207.68
909,3497.0,3202.02
910,3498.33,3196.48
911,3497.28,3202.47
912,3496.14,3208.45
913,3495.09,3214.44
914,3493.95,3220.43
915,3492.9,3226.41
916,3491.76,3232.4
917,3490.71,3238.39
918,3489.57,3244.38
919,3488.52,3250.25
920,3487.37,3256.24
921,3486.33,3262.23
922,3485.18,3268.21
923,3484.14,3274.2
924,3482.99,3280.19
925,3481.94,3286.17
926,3480.8,3292.16
927,3479.75,3298.15
928,3477.47,3308.57
929,3475.08,3318.99
930,3472.8,3329.42
931,3470.42,3339.84
932,3468.13,3350.37
933,3465.84,3360.79
934,3463.46,3371.21
935,3461.17,3381.64
936,3458.79,3392.06
937,3456.5,3402.48
938,3454.79,3408.58
939,3453.07,3414.57
940,3451.36,3420.66
941,3449.55,3426.65
942,3447.83,3432.75
943,3446.12,3438.74
944,3444.4,3444.83
945,3442.69,3450.82
