0,2506.1,2187.53
1,2506.1,2187.53
2,2506.1,2187.53
3,2506.1,2187.53
4,2506.1,2187.53
5,2506.1,2187.53
6,2506.1,2187.53
7,2506.1,2187.53
8,2506.1,2187.53
9,2506.01,2187.42
10,2506.01,2187.42
11,2505.91,2187.42
12,2505.91,2187.42
13,2505.91,2187.31
14,2505.82,2187.31
15,2505.82,2187.31
16,2505.72,2187.31
17,2505.72,2187.2
18,2505.72,2187.2
19,2505.63,2187.2
20,2505.63,2187.2
21,2505.53,2187.2
22,2505.53,2187.09
23,2505.53,2187.09
24,2505.44,2187.09
25,2505.44,2186.98
26,2505.34,2186.98
27,2505.34,2186.98
28,2505.34,2186.98
29,2505.34,2186.98
30,2505.34,2186.98
31,2505.34,2186.98
32,2505.34,2186.98
33,2505.34,2186.98
34,2505.34,2186.98
35,2505.34,2186.98
36,2505.34,2186.98
37,2505.34,2186.98
38,2505.34,2186.98
39,2505.34,2186.98
40,2505.34,2186.98
41,2505.34,2186.98
42,2505.34,2186.98
43,2505.34,2186.98
44,2505.34,2186.98
45,2505.34,2186.98
46,2505.34,2186.98
47,2505.34,2186.98
48,2505.34,2186.98
49,2505.34,2186.98
50,2505.34,2186.98
51,2505.34,2186.98
52,2505.34,2186.98
53,2505.34,2186.98
54,2505.34,2186.98
55,2505.34,2186.98
56,2505.34,2186.98
57,2505.34,2186.98
58,2504.01,2186.09
59,2502.67,2185.31
60,2501.34,2184.43
61,2500.01,2183.54
62,2498.67,2182.76
63,2497.34,2181.88
64,2496.0,2180.99
65,2494.67,2180.1
66,2493.34,2179.33
67,2492.0,2178.44
68,2490.48,2177.33
69,2488.95,2176.22
70,2487.43,2175.11
71,2486.0,2174.0
72,2484.48,2172.9
73,2482.95,2171.79
74,2481.43,2170.68
75,2479.9,2169.57
76,2478.38,2168.46
77,2476.85,2167.24
78,2475.42,2166.13
79,2473.9,2165.02
80,2472.38,2163.91
81,2470.85,2162.81
82,2469.33,2161.7
83,2467.8,2160.59
84,2466.37,2159.48
85,2464.85,2158.37
86,2463.32,2157.26
87,2461.8,2156.15
88,2461.8,2156.04
89,2461.8,2156.04
90,2461.8,2155.93
91,2461.8,2155.93
92,2461.8,2155.82
93,2461.8,2155.82
94,2461.8,2155.71
95,2461.8,2155.71
96,2461.8,2155.6
97,2461.7,2155.49
98,2461.7,2155.49
99,2461.7,2155.38
100,2461.7,2155.38
101,2461.7,2155.27
102,2461.7,2155.27
103,2461.7,2155.16
104,2461.7,2155.16
105,2461.7,2155.05
106,2461.7,2155.05
107,2461.7,2155.05
108,2461.7,2155.05
109,2461.7,2155.05
110,2461.7,2155.05
111,2461.7,2155.05
112,2461.7,2155.05
113,2461.7,2155.05
114,2461.7,2155.05
115,2461.7,2155.05
116,2461.7,2155.05
117,2461.7,2155.05
118,2461.7,2155.05
119,2461.7,2155.05
120,2461.7,2155.05
121,2461.7,2155.05
122,2461.7,2155.05
123,2461.7,2155.05
124,2461.7,2155.05
125,2461.7,2155.05
126,2461.7,2155.05
127,2461.7,2155.05
128,2461.7,2155.05
129,2461.7,2155.05
130,2461.7,2155.05
131,2461.7,2155.05
132,2461.7,2155.05
133,2461.7,2155.05
134,2461.7,2155.05
135,2461.7,2155.05
136,2461.7,2155.05
137,2461.7,2155.05
138,2461.7,2155.05
139,2461.7,2155.05
140,2461.7,2155.05
141,2461.7,2155.05
142,2461.7,2155.05
143,2461.7,2155.05
144,2461.7,2155.05
145,2461.7,2155.05
146,2461.7,2155.05
147,2461.7,2155.05
148,2461.7,2154.82
149,2461.7,2154.71
150,2461.7,2154.49
151,2461.7,2154.27
152,2461.8,2154.05
153,2461.8,2153.94
154,2461.8,2153.71
155,2461.8,2153.49
156,2461.8,2153.38
157,2461.8,2153.16
158,2461.8,2153.16
159,2461.8,2153.16
160,2461.8,2153.16
161,2461.8,2153.16
162,2461.8,2153.16
163,2461.8,2153.16
164,2461.8,2153.16
165,2461.8,2153.16
166,2461.8,2153.16
167,2461.8,2153.16
168,2461.8,2153.16
169,2461.8,2153.16
170,2461.8,2153.16
171,2461.8,2153.16
172,2461.8,2153.16
173,2461.8,2153.16
174,2461.8,2153.16
175,2461.8,2153.16
176,2461.8,2153.16
177,2461.8,2153.16
178,2461.8,2153.16
179,2461.8,2153.16
180,2461.8,2153.16
181,2461.8,2153.16
182,2461.8,2153.16
183,2461.8,2153.16
184,2461.8,2153.16
185,2461.8,2153.16
186,2461.8,2153.16
187,2461.8,2153.16
188,2461.8,2153.16
189,2461.8,2153.16
190,2461.8,2153.16
191,2461.8,2153.16
192,2461.8,2153.16
193,2461.8,2153.16
194,2461.8,2153.16
195,2461.8,2153.16
196,2461.8,2153.16
197,2461.8,2153.16
198,2461.8,2153.16
199,2461.8,2153.16
200,2461.8,2153.16
201,2461.8,2153.16
202,2461.8,2153.16
203,2461.8,2153.16
204,2461.8,2153.16
205,2461.8,2153.16
206,2461.8,2153.16
207,2461.8,2153.16
208,2461.8,2153.05
209,2461.89,2152.83
210,2461.89,2152.72
211,2461.99,2152.61
212,2461.99,2152.49
213,2461.99,2152.27
214,2462.09,2152.16
215,2462.09,2152.05
216,2462.18,2151.83
217,2462.18,2151.72
218,2460.08,2150.06
219,2457.99,2148.5
220,2455.8,2146.84
221,2453.7,2145.18
222,2451.6,2143.51
223,2449.51,2141.96
224,2447.41,2140.3
225,2445.22,2138.64
226,2443.12,2137.08
227,2441.03,2135.42
228,2437.6,2134.31
229,2434.17,2133.31
230,2430.83,2132.21
231,2427.4,2131.1
232,2423.97,2130.1
233,2420.54,2128.99
234,2417.11,2127.88
235,2413.78,2126.77
236,2410.35,2125.77
237,2406.92,2124.67
238,2403.39,2123.22
239,2399.77,2121.78
240,2396.25,2120.45
241,2392.63,2119.01
242,2389.1,2117.57
243,2385.48,2116.13
244,2381.96,2114.69
245,2378.34,2113.36
246,2374.81,2111.92
247,2371.19,2110.47
248,2365.0,2107.92
249,2358.71,2105.48
250,2352.52,2102.93
251,2346.23,2100.5
252,2340.03,2097.95
253,2333.75,2095.51
254,2327.55,2092.96
255,2321.26,2090.52
256,2315.07,2087.97
257,2308.88,2085.53
258,2302.59,2083.09
259,2296.4,2080.54
260,2290.11,2078.1
261,2283.91,2075.55
262,2277.63,2073.11
263,2271.43,2070.56
264,2265.15,2068.12
265,2258.95,2065.57
266,2252.66,2063.13
267,2246.47,2060.58
268,2239.23,2056.7
269,2232.08,2052.71
270,2224.84,2048.83
271,2217.7,2044.95
272,2210.46,2041.07
273,2203.21,2037.08
274,2196.07,2033.2
275,2188.83,2029.31
276,2181.68,2025.32
277,2174.44,2021.44
278,2172.15,2020.11
279,2169.87,2018.89
280,2167.68,2017.56
281,2165.39,2016.34
282,2163.1,2015.01
283,2160.82,2013.79
284,2158.62,2012.46
285,2156.34,2011.24
286,2154.05,2009.91
287,2152.72,2009.14
288,2151.38,2008.25
289,2150.05,2007.47
290,2148.62,2006.59
291,2147.29,2005.7
292,2145.95,2004.92
293,2144.62,2004.04
294,2143.28,2003.26
295,2143.28,2003.26
296,2143.28,2003.26
297,2143.28,2003.26
298,2143.28,2003.26
299,2143.28,2003.26
300,2143.28,2003.26
301,2143.28,2003.26
302,2143.28,2003.26
303,2143.28,2003.26
304,2143.28,2003.26
305,2143.28,2003.26
306,2143.28,2003.26
307,2143.28,2003.26
308,2143.28,2003.26
309,2143.28,2003.26
310,2143.28,2003.26
311,2143.28,2003.26
312,2143.28,2003.26
313,2143.28,2003.26
314,2143.28,2003.26
315,2143.28,2003.26
316,2143.28,2003.26
317,2143.28,2003.26
318,2143.28,2003.26
319,2143.28,2003.26
320,2143.28,2003.26
321,2143.28,2003.26
322,2143.28,2003.26
323,2143.28,2003.26
324,2143.28,2003.26
325,2143.28,2003.26
326,2143.28,2003.26
327,2143.28,2003.26
328,2143.28,2003.26
329,2143.28,2003.26
330,2143.28,2003.26
331,2143.28,2003.26
332,2143.28,2003.26
333,2143.28,2003.26
334,2143.28,2003.26
335,2143.28,2003.26
336,2143.28,2003.26
337,2143.28,2003.26
338,2143.28,2003.26
339,2143.28,2003.26
340,2143.28,2003.26
341,2143.28,2003.26
342,2143.28,2003.26
343,2143.28,2003.26
344,2143.28,2003.26
345,2143.28,2003.26
346,2143.28,2003.26
347,2143.28,2003.26
348,2143.28,2003.26
349,2143.28,2003.26
350,2143.28,2003.26
351,2143.19,2003.37
352,2143.19,2003.48
353,2143.09,2003.59
354,2143.0,2003.7
355,2142.9,2003.81
356,2142.9,2004.04
357,2142.81,2004.15
358,2142.71,2004.26
359,2142.62,2004.37
360,2142.62,2004.48
361,2142.52,2004.59
362,2142.52,2004.59
363,2142.52,2004.59
364,2142.52,2004.59
365,2142.52,2004.59
366,2142.52,2004.59
367,2142.52,2004.59
368,2142.52,2004.59
369,2142.52,2004.59
370,2142.52,2004.59
371,2142.52,2004.59
372,2142.52,2004.59
373,2142.52,2004.59
374,2142.52,2004.59
375,2142.52,2004.59
376,2142.52,2004.59
377,2142.52,2004.59
378,2142.52,2004.59
379,2142.52,2004.59
380,2142.52,2004.59
381,2142.52,2004.59
382,2142.52,2004.59
383,2142.52,2004.59
384,2142.52,2004.59
385,2141.57,2004.48
386,2140.71,2004.48
387,2139.76,2004.37
388,2138.9,2004.26
389,2137.95,2004.15
390,2137.09,2004.15
391,2136.14,2004.04
392,2131.28,1999.71
393,2126.42,1995.39
394,2121.56,1991.17
395,2116.7,1986.85
396,2111.84,1982.53
397,2106.98,1978.2
398,2102.12,1973.88
399,2097.26,1969.66
400,2092.41,1965.34
401,2087.55,1961.02
402,2079.83,1958.69
403,2072.11,1956.47
404,2064.39,1954.14
405,2056.68,1951.81
406,2048.96,1949.6
407,2041.24,1947.27
408,2033.52,1944.94
409,2025.81,1942.61
410,2018.09,1940.39
411,2010.37,1938.07
412,2003.7,1934.96
413,1997.13,1931.97
414,1990.46,1928.86
415,1983.79,1925.76
416,1977.12,1922.77
417,1970.54,1919.66
418,1963.88,1916.56
419,1957.21,1913.45
420,1950.63,1910.46
421,1943.96,1907.35
422,1938.72,1904.69
423,1933.39,1901.92
424,1928.15,1899.26
425,1922.91,1896.6
426,1917.57,1893.83
427,1912.33,1891.17
428,1907.09,1888.51
429,1901.85,1885.84
430,1896.51,1883.07
431,1891.27,1880.41
432,1890.99,1880.3
433,1890.8,1880.19
434,1890.51,1880.08
435,1890.23,1880.08
436,1890.03,1879.97
437,1889.75,1879.86
438,1889.56,1879.75
439,1889.27,1879.64
440,1888.99,1879.52
441,1888.8,1879.41
442,1888.51,1879.41
443,1888.22,1879.3
444,1888.03,1879.19
445,1887.75,1879.08
446,1881.84,1875.98
447,1875.93,1872.98
448,1870.03,1869.88
449,1864.12,1866.89
450,1858.21,1863.78
451,1852.3,1860.68
452,1846.4,1857.68
453,1840.49,1854.58
454,1834.58,1851.58
455,1828.68,1848.48
456,1824.58,1844.82
457,1820.39,1841.05
458,1816.29,1837.39
459,1816.29,1836.62
460,1816.29,1835.84
461,1816.29,1834.95
462,1816.29,1834.18
463,1816.29,1833.4
464,1816.29,1832.63
465,1816.29,1831.85
466,1816.29,1830.96
467,1816.29,1830.19
468,1816.29,1829.41
469,1816.1,1828.97
470,1815.91,1828.63
471,1815.72,1828.19
472,1815.62,1827.75
473,1815.43,1827.3
474,1815.24,1826.97
475,1815.05,1826.53
476,1814.86,1826.08
477,1809.72,1826.53
478,1804.67,1826.97
479,1799.52,1827.41
480,1796.47,1827.53
481,1793.42,1827.53
482,1790.37,1827.64
483,1787.42,1827.75
484,1784.37,1827.86
485,1781.32,1827.86
486,1778.27,1827.97
487,1775.22,1828.08
488,1773.51,1826.53
489,1771.7,1824.98
490,1770.75,1822.54
491,1769.32,1819.43
492,1768.36,1815.88
493,1767.41,1812.45
494,1759.98,1809.34
495,1752.45,1806.35
496,1745.02,1803.24
497,1737.49,1800.14
498,1730.06,1797.15
499,1722.63,1794.04
500,1715.1,1790.94
501,1707.67,1787.83
502,1700.15,1784.84
503,1692.71,1781.73
504,1685.28,1778.63
505,1677.75,1775.64
506,1670.32,1772.53
507,1662.8,1769.43
508,1655.36,1766.43
509,1647.93,1763.33
510,1640.41,1760.23
511,1632.97,1757.12
512,1625.45,1754.13
513,1618.02,1751.02
514,1614.39,1749.36
515,1610.77,1747.7
516,1607.15,1746.14
517,1603.53,1744.48
518,1600.01,1742.82
519,1596.39,1741.15
520,1592.77,1739.49
521,1589.15,1737.94
522,1585.53,1736.28
523,1581.9,1734.61
524,1580.95,1734.17
525,1580.0,1733.73
526,1579.05,1733.28
527,1578.09,1732.84
528,1577.05,1732.4
529,1576.09,1731.95
530,1575.14,1731.51
531,1574.19,1731.07
532,1573.23,1730.62
533,1572.28,1730.18
534,1564.95,1729.29
535,1557.7,1728.52
536,1550.37,1727.63
537,1546.84,1722.64
538,1536.46,1717.87
539,1525.98,1713.21
540,1515.59,1708.45
541,1505.21,1703.68
542,1494.82,1699.02
543,1484.34,1694.26
544,1473.95,1689.49
545,1463.57,1684.72
546,1453.09,1680.06
547,1442.7,1675.3
548,1432.32,1668.87
549,1421.93,1662.43
550,1411.45,1656.0
551,1401.07,1649.57
552,1390.68,1643.14
553,1380.3,1636.71
554,1378.68,1640.26
555,1377.06,1643.81
556,1375.34,1647.36
557,1373.72,1650.9
558,1372.1,1654.45
559,1370.48,1658.0
560,1368.86,1661.55
561,1367.24,1665.1
562,1365.53,1668.53
563,1363.91,1672.08
564,1362.29,1675.63
565,1360.67,1679.18
566,1359.05,1682.72
567,1357.43,1686.27
568,1355.71,1689.82
569,1354.09,1693.37
570,1352.47,1696.92
571,1350.86,1700.46
572,1355.14,1707.67
573,1352.86,1714.21
574,1350.47,1720.75
575,1348.19,1727.18
576,1345.9,1733.73
577,1343.52,1740.27
578,1341.23,1746.81
579,1340.95,1747.36
580,1340.66,1747.81
581,1340.37,1748.36
582,1340.09,1748.81
583,1339.8,1749.36
584,1339.61,1749.8
585,1339.33,1750.36
586,1339.04,1750.8
587,1338.75,1751.36
588,1338.47,1751.8
589,1337.99,1752.35
590,1337.42,1752.8
591,1336.94,1753.24
592,1336.47,1753.79
593,1335.99,1754.35
594,1335.42,1754.79
595,1334.94,1755.35
596,1334.47,1755.79
597,1333.9,1756.23
598,1333.42,1756.79
599,1332.66,1759.89
600,1331.89,1763.11
601,1331.13,1766.21
602,1330.37,1769.32
603,1329.42,1777.41
604,1328.37,1785.62
605,1327.42,1793.71
606,1326.46,1801.91
607,1325.42,1810.01
608,1324.46,1818.1
609,1323.51,1826.31
610,1322.56,1834.4
611,1321.51,1842.6
612,1320.56,1850.7
613,1319.32,1859.23
614,1318.17,1867.66
615,1316.94,1876.2
616,1315.7,1884.62
617,1314.55,1893.16
618,1313.32,1901.7
619,1312.08,1910.13
620,1310.84,1918.66
621,1309.69,1927.2
622,1308.46,1935.63
623,1307.22,1944.16
624,1306.07,1952.59
625,1304.84,1961.13
626,1305.12,1965.45
627,1305.5,1969.89
628,1303.03,1974.65
629,1300.55,1979.42
630,1300.64,1980.53
631,1300.83,1981.64
632,1300.93,1982.75
633,1301.02,1983.86
634,1301.22,1984.97
635,1301.31,1985.96
636,1301.41,1987.07
637,1301.5,1988.18
638,1301.69,1989.29
639,1301.79,1990.4
640,1301.22,1994.28
641,1300.64,1998.16
642,1300.07,2002.04
643,1299.5,2005.92
644,1298.93,2009.91
645,1298.36,2013.79
646,1297.79,2017.67
647,1297.21,2021.55
648,1296.64,2025.43
649,1296.07,2029.31
650,1295.31,2035.41
651,1294.64,2041.62
652,1293.88,2047.72
653,1293.12,2053.82
654,1292.45,2060.03
655,1291.69,2066.12
656,1292.07,2067.23
657,1292.35,2068.23
658,1292.74,2069.23
659,1293.02,2070.34
660,1293.4,2071.45
661,1293.78,2072.44
662,1294.07,2073.55
663,1294.45,2074.55
664,1294.74,2075.66
665,1295.12,2076.66
666,1295.4,2078.32
667,1295.59,2079.98
668,1295.88,2081.65
669,1296.07,2083.31
670,1296.36,2084.97
671,1296.64,2086.53
672,1296.83,2088.19
673,1297.12,2089.85
674,1297.31,2091.51
675,1297.59,2093.18
676,1297.88,2094.84
677,1298.07,2096.5
678,1298.36,2098.17
679,1298.55,2099.83
680,1298.83,2101.38
681,1299.12,2103.05
682,1299.31,2104.71
683,1299.6,2106.37
684,1299.79,2108.03
685,1300.07,2109.7
686,1300.17,2114.02
687,1300.26,2118.24
688,1300.36,2122.56
689,1300.45,2126.77
690,1300.55,2131.1
691,1300.64,2135.42
692,1300.64,2139.63
693,1300.74,2143.96
694,1300.83,2148.28
695,1300.93,2152.49
696,1301.02,2156.82
697,1301.12,2161.03
698,1301.22,2165.36
699,1302.36,2170.79
700,1303.41,2176.22
701,1304.55,2181.65
702,1305.6,2187.09
703,1306.74,2192.52
704,1307.79,2197.95
705,1308.93,2203.39
706,1309.03,2205.71
707,1309.12,2208.04
708,1300.83,2208.71
709,1292.64,2209.37
710,1284.35,2210.04
711,1276.06,2210.81
712,1267.87,2211.48
713,1259.58,2212.14
714,1251.29,2212.81
715,1243.0,2213.48
716,1234.81,2214.14
717,1226.52,2214.92
718,1218.23,2215.58
719,1210.03,2216.25
720,1201.74,2216.91
721,1185.26,2216.69
722,1168.87,2216.36
723,1152.39,2216.03
724,1135.91,2215.8
725,1119.52,2215.58
726,1103.04,2215.25
727,1086.65,2214.92
728,1070.17,2214.69
729,1054.54,2215.25
730,1038.91,2215.8
731,1023.19,2216.36
732,1007.57,2216.91
733,991.94,2217.47
734,976.32,2217.91
735,960.6,2218.46
736,944.97,2219.02
737,929.34,2219.57
738,913.62,2220.13
739,898.0,2220.68
740,882.37,2221.24
741,866.75,2221.79
742,851.03,2222.35
743,835.4,2222.79
744,819.77,2223.34
745,804.15,2223.9
746,788.43,2224.45
747,772.8,2225.01
748,757.18,2225.56
749,739.07,2226.56
750,730.5,2215.8
751,716.87,2215.14
752,703.34,2214.36
753,689.72,2213.7
754,676.09,2213.03
755,662.56,2212.37
756,648.94,2211.59
757,635.32,2210.93
758,621.79,2210.26
759,608.16,2209.48
760,594.63,2208.82
761,581.01,2208.15
762,567.38,2207.38
763,553.85,2206.71
764,540.23,2206.05
765,526.6,2205.38
766,513.07,2204.61
767,499.45,2203.94
768,480.68,2195.96
769,461.81,2187.97
770,443.04,2179.99
771,424.27,2172.01
772,405.41,2164.03
773,386.64,2156.04
774,367.77,2148.06
775,349.0,2140.08
776,337.29,2134.64
777,325.57,2129.21
778,313.85,2123.78
779,302.13,2118.35
780,290.41,2112.91
781,281.26,2104.15
782,272.02,2095.51
783,264.59,2092.96
784,257.16,2090.41
785,249.63,2087.97
786,242.2,2085.42
787,234.77,2082.87
788,227.33,2080.32
789,219.9,2077.77
790,212.38,2075.33
791,204.94,2072.78
792,197.51,2070.23
793,197.13,2070.12
794,196.84,2070.01
795,196.46,2069.89
796,196.18,2069.78
797,195.8,2069.67
798,195.51,2069.56
799,195.13,2069.45
800,194.84,2069.34
801,194.46,2069.23
802,194.08,2069.23
803,193.8,2069.12
804,193.41,2069.01
805,193.13,2068.9
806,192.75,2068.79
807,192.46,2068.67
808,192.08,2068.56
809,191.8,2068.45
810,191.41,2068.34
811,191.13,2068.23
812,190.75,2068.12
813,190.75,2068.12
814,190.75,2068.12
815,190.75,2068.12
816,190.75,2068.12
817,190.75,2068.12
818,190.75,2068.12
819,190.75,2068.12
820,190.75,2068.12
821,190.75,2068.12
822,190.75,2068.12
823,190.75,2068.12
824,190.75,2068.12
825,190.75,2068.12
826,190.75,2068.12
827,190.75,2068.12
828,190.75,2068.12
829,190.75,2068.12
830,190.75,2068.12
831,190.75,2068.12
832,190.75,2068.12
833,190.75,2068.12
834,190.75,2068.12
835,190.75,2068.12
836,190.75,2068.12
837,190.75,2068.12
838,190.75,2068.12
839,190.75,2068.12
840,190.75,2068.12
841,190.75,2068.12
842,190.75,2068.12
843,190.75,2068.12
844,190.75,2068.12
845,190.75,2068.12
846,190.75,2068.12
847,190.75,2068.12
848,190.75,2068.12
849,190.75,2068.12
850,190.75,2068.12
851,190.75,2068.12
852,190.75,2068.12
853,185.7,2066.57
854,180.65,2065.13
855,175.5,2063.57
856,170.45,2062.02
857,165.4,2060.58
858,160.35,2059.03
859,155.3,2057.48
860,150.16,2056.04
861,145.11,2054.48
862,140.06,2053.04
863,135.01,2051.49
864,129.96,2049.94
865,124.81,2048.5
866,119.76,2046.94
867,114.72,2045.39
868,109.67,2043.95
869,104.62,2042.4
870,99.47,2040.85
871,94.42,2039.4
872,89.37,2037.85
