0,1597.15,3215.1
1,1597.15,3215.1
2,1597.15,3215.1
3,1597.15,3215.1
4,1597.15,3215.1
5,1596.86,3214.99
6,1596.48,3214.88
7,1596.2,3214.77
8,1596.2,3214.77
9,1596.2,3214.77
10,1596.2,3214.77
11,1596.2,3214.77
12,1596.2,3214.77
13,1596.2,3214.77
14,1596.2,3214.77
15,1596.2,3214.77
16,1596.2,3214.77
17,1596.2,3214.77
18,1596.2,3214.77
19,1596.2,3214.77
20,1596.2,3214.77
21,1596.2,3214.77
22,1596.2,3214.77
23,1596.2,3214.77
24,1596.2,3214.77
25,1596.2,3214.77
26,1596.2,3214.77
27,1596.2,3214.77
28,1596.1,3211.45
29,1596.01,3208.12
30,1595.91,3204.79
31,1595.82,3201.47
32,1595.72,3198.14
33,1595.53,3194.82
34,1595.43,3191.49
35,1595.34,3188.16
36,1595.24,3184.84
37,1595.15,3181.51
38,1597.44,3168.76
39,1599.72,3155.9
40,1602.01,3143.15
41,1604.3,3130.4
42,1606.58,3117.65
43,1608.87,3104.79
44,1611.16,3092.04
45,1613.44,3079.29
46,1615.73,3066.42
47,1618.02,3053.67
48,1618.21,3043.36
49,1618.4,3033.05
50,1618.68,3022.74
51,1618.87,3012.32
52,1619.06,3002.01
53,1619.25,2991.7
54,1608.49,2988.04
55,1608.39,2985.82
56,1608.3,2983.71
57,1608.3,2981.49
58,1608.2,2979.28
59,1608.11,2977.17
60,1608.01,2974.95
61,1601.63,2973.51
62,1595.24,2971.96
63,1588.86,2970.52
64,1582.38,2968.97
65,1576.0,2967.52
66,1569.61,2965.97
67,1563.23,2964.53
68,1557.32,2963.76
69,1551.42,2962.98
70,1545.6,2962.2
71,1539.7,2961.43
72,1533.79,2960.65
73,1526.07,2960.54
74,1518.35,2960.43
75,1510.73,2960.32
76,1503.01,2960.21
77,1495.3,2960.1
78,1487.58,2959.99
79,1479.86,2959.87
80,1472.24,2959.76
81,1464.52,2959.76
82,1456.8,2959.65
83,1449.09,2959.54
84,1441.37,2959.43
85,1433.65,2959.32
86,1426.03,2959.21
87,1418.31,2959.1
88,1410.59,2958.99
89,1406.31,2959.99
90,1402.02,2960.98
91,1397.73,2961.98
92,1393.54,2962.87
93,1389.25,2963.87
94,1384.96,2964.86
95,1380.68,2965.86
96,1376.39,2966.86
97,1372.1,2967.86
98,1367.81,2968.86
99,1363.53,2969.85
100,1359.24,2970.85
101,1355.05,2971.74
102,1350.76,2972.74
103,1346.47,2973.73
104,1342.18,2974.73
105,1270.82,2966.19
106,1269.49,2966.19
107,1268.06,2966.08
108,1266.72,2966.08
109,1265.3,2966.08
110,1263.96,2965.97
111,1262.53,2965.97
112,1261.2,2965.97
113,1259.77,2965.86
114,1258.44,2965.86
115,1258.44,2965.86
116,1258.44,2965.86
117,1258.44,2965.86
118,1258.44,2965.86
119,1258.44,2965.86
120,1258.44,2965.86
121,1258.44,2965.86
122,1258.44,2965.86
123,1258.44,2965.86
124,1258.44,2965.86
125,1258.44,2965.86
126,1258.44,2965.86
127,1258.44,2965.86
128,1258.44,2965.86
129,1258.44,2965.86
130,1258.44,2965.86
131,1258.44,2965.86
132,1258.44,2965.86
133,1258.44,2965.86
134,1258.44,2965.86
135,1258.44,2965.86
136,1258.44,2965.86
137,1258.44,2965.86
138,1258.44,2965.86
139,1258.44,2965.86
140,1258.44,2965.86
141,1258.44,2965.86
142,1258.44,2965.86
143,1258.44,2965.86
144,1258.44,2965.86
145,1258.44,2965.86
146,1258.44,2965.86
147,1258.44,2965.86
148,1258.44,2965.86
149,1258.44,2965.86
150,1258.44,2965.86
151,1258.44,2965.86
152,1258.44,2965.86
153,1258.44,2965.86
154,1258.44,2965.86
155,1258.44,2965.86
156,1258.44,2965.86
157,1258.44,2965.86
158,1258.44,2965.86
159,1258.44,2965.86
160,1258.44,2965.86
161,1258.44,2965.86
162,1258.44,2965.86
163,1258.44,2965.86
164,1258.44,2965.86
165,1258.44,2965.86
166,1258.34,2965.86
167,1258.34,2965.97
168,1258.24,2965.97
169,1258.24,2965.97
170,1258.15,2965.97
171,1258.05,2966.08
172,1258.05,2966.08
173,1257.96,2966.08
174,1257.96,2966.19
175,1257.86,2966.19
176,1257.86,2966.19
177,1257.86,2966.19
178,1257.86,2966.19
179,1257.86,2966.19
180,1257.86,2966.19
181,1257.86,2966.19
182,1257.86,2966.19
183,1257.86,2966.19
184,1257.86,2966.19
185,1257.86,2966.19
186,1255.39,2966.75
187,1252.81,2967.3
188,1250.34,2967.86
189,1247.86,2968.41
190,1245.29,2968.86
191,1242.81,2969.41
192,1240.24,2969.96
193,1237.76,2970.52
194,1235.28,2971.07
195,1232.71,2971.63
196,1230.23,2972.18
197,1227.76,2972.74
198,1225.18,2973.18
199,1222.71,2973.73
200,1220.23,2974.29
201,1217.66,2974.84
202,1215.18,2975.4
203,1212.7,2975.95
204,1210.13,2976.51
205,1207.65,2977.06
206,1205.08,2977.5
207,1202.6,2978.06
208,1200.12,2978.61
209,1197.55,2979.17
210,1195.08,2979.72
211,1188.98,2978.06
212,1182.78,2976.39
213,1176.59,2974.62
214,1170.49,2972.96
215,1164.4,2971.29
216,1158.2,2969.63
217,1152.01,2967.97
218,1145.91,2966.19
219,1139.81,2964.53
220,1133.62,2962.87
221,1129.81,2961.87
222,1126.09,2960.98
223,1122.28,2959.99
224,1118.47,2959.1
225,1114.76,2958.1
226,1110.94,2957.1
227,1107.13,2956.22
228,1103.32,2955.22
229,1099.61,2954.33
230,1095.8,2953.33
231,1091.98,2952.34
232,1088.27,2951.45
233,1084.46,2950.45
234,1080.65,2949.45
235,1076.93,2948.57
236,1073.12,2947.57
237,1069.31,2946.68
238,1065.5,2945.68
239,1061.78,2944.68
240,1057.97,2943.8
241,1054.16,2942.8
242,1050.44,2941.91
243,1046.63,2940.92
244,983.94,2899.01
245,973.74,2896.68
246,963.64,2894.35
247,953.45,2892.02
248,943.35,2889.8
249,933.25,2887.47
250,923.06,2885.15
251,919.91,2881.82
252,916.86,2878.49
253,913.72,2875.17
254,910.57,2871.84
255,907.53,2868.51
256,904.38,2865.19
257,901.33,2861.86
258,898.19,2858.54
259,895.04,2855.21
260,891.99,2851.88
261,888.85,2848.56
262,885.71,2845.23
263,882.66,2841.91
264,879.51,2838.58
265,876.46,2835.25
266,873.32,2831.93
267,870.18,2828.6
268,867.13,2825.27
269,863.98,2821.95
270,863.98,2821.95
271,863.98,2821.95
272,863.98,2821.95
273,863.98,2821.95
274,863.98,2821.95
275,863.98,2821.95
276,863.98,2821.95
277,863.98,2821.95
278,863.98,2821.95
279,863.98,2821.95
280,863.98,2821.95
281,863.98,2821.95
282,863.98,2821.95
283,863.98,2821.95
284,863.98,2821.95
285,863.98,2821.95
286,863.98,2821.95
287,863.98,2821.95
288,863.98,2821.95
289,863.98,2821.95
290,863.98,2821.95
291,863.98,2821.95
292,863.98,2821.95
293,863.98,2821.95
294,863.98,2821.95
295,863.98,2821.95
296,863.98,2821.95
297,863.98,2821.95
298,863.98,2821.95
299,863.98,2821.95
300,864.08,2821.95
301,864.08,2822.06
302,864.17,2822.06
303,864.27,2822.06
304,864.27,2822.17
305,864.36,2822.17
306,864.46,2822.17
307,864.55,2822.17
308,864.55,2822.28
309,864.65,2822.28
310,863.41,2820.73
311,862.27,2819.18
312,861.03,2817.51
313,859.89,2815.96
314,858.65,2814.41
315,857.41,2812.75
316,856.27,2811.19
317,855.03,2809.64
318,853.88,2808.09
319,852.65,2806.54
320,851.41,2804.87
321,850.26,2803.32
322,849.02,2801.77
323,847.88,2800.11
324,846.64,2798.55
325,845.4,2797.0
326,844.26,2795.45
327,843.02,2793.79
328,841.88,2792.23
329,840.64,2790.68
330,840.64,2790.68
331,840.64,2790.68
332,840.64,2790.68
333,840.64,2790.68
334,840.64,2790.68
335,840.64,2790.68
336,840.64,2790.68
337,840.64,2790.68
338,840.64,2790.68
339,840.64,2790.68
340,840.64,2790.68
341,840.64,2790.68
342,840.64,2790.68
343,840.64,2790.68
344,840.64,2790.68
345,840.64,2790.68
346,840.64,2790.68
347,840.64,2790.68
348,840.64,2790.68
349,840.64,2790.68
350,840.07,2790.02
351,839.5,2789.46
352,839.02,2788.8
353,838.45,2788.24
354,837.88,2787.58
355,837.31,2787.02
356,836.73,2786.47
357,836.26,2785.8
358,835.69,2785.14
359,835.11,2784.58
360,832.54,2783.36
361,829.97,2782.03
362,827.4,2780.81
363,824.82,2779.59
364,822.25,2778.26
365,819.68,2777.04
366,817.11,2775.82
367,814.53,2774.61
368,811.96,2773.27
369,809.39,2772.06
370,807.58,2770.95
371,805.86,2769.95
372,804.05,2768.84
373,802.34,2767.84
374,800.53,2766.73
375,798.81,2765.74
376,797.0,2764.63
377,795.19,2763.63
378,793.48,2762.52
379,791.67,2761.52
380,789.95,2760.41
381,788.14,2759.42
382,786.43,2758.31
383,784.62,2757.2
384,782.81,2756.2
385,781.09,2755.09
386,779.28,2754.09
387,777.57,2752.98
388,775.76,2751.99
389,774.04,2750.88
390,772.23,2749.88
391,770.42,2748.77
392,768.7,2747.77
393,766.89,2746.67
394,765.18,2745.67
395,763.37,2744.56
396,761.65,2743.56
397,759.84,2742.45
398,755.56,2739.79
399,751.36,2737.24
400,747.08,2734.58
401,742.79,2732.03
402,738.6,2729.37
403,734.31,2726.82
404,730.12,2724.16
405,725.83,2721.61
406,721.54,2718.95
407,717.35,2716.4
408,713.06,2713.74
409,708.77,2711.07
410,704.58,2708.52
411,700.3,2705.86
412,696.01,2703.31
413,691.82,2700.65
414,687.53,2698.1
415,683.34,2695.44
416,679.05,2692.89
417,674.76,2690.23
418,670.57,2687.68
419,666.28,2685.02
420,666.28,2685.02
421,666.28,2685.02
422,666.28,2685.02
423,666.28,2685.02
424,666.28,2685.02
425,666.28,2685.02
426,666.28,2685.02
427,666.28,2685.02
428,666.28,2685.02
429,666.28,2685.02
430,663.99,2683.25
431,661.71,2681.47
432,659.52,2679.7
433,657.23,2677.92
434,654.94,2676.15
435,652.66,2674.38
436,650.37,2672.6
437,648.18,2670.83
438,645.89,2669.05
439,643.6,2667.28
440,641.32,2665.51
441,639.03,2663.73
442,636.84,2661.96
443,634.55,2660.18
444,632.27,2658.41
445,629.98,2656.64
446,627.69,2654.86
447,625.5,2653.09
448,623.22,2651.31
449,620.93,2649.54
450,616.83,2646.99
451,612.83,2644.44
452,608.73,2641.89
453,604.64,2639.34
454,600.63,2636.79
455,596.54,2634.24
456,592.44,2631.69
457,588.44,2629.14
458,584.34,2626.59
459,580.34,2624.04
460,576.24,2621.49
461,572.15,2618.94
462,568.14,2616.39
463,564.05,2613.84
464,562.24,2612.18
465,560.43,2610.51
466,558.52,2608.85
467,556.71,2607.19
468,554.9,2605.52
469,553.09,2603.86
470,551.28,2602.2
471,549.47,2600.53
472,547.56,2598.87
473,545.75,2597.21
474,543.94,2595.54
475,542.13,2593.88
476,542.13,2593.88
477,542.13,2593.88
478,542.13,2593.88
479,542.13,2593.88
480,542.13,2593.88
481,542.13,2593.88
482,542.13,2593.88
483,542.13,2593.88
484,542.13,2593.88
485,542.13,2593.88
486,542.13,2593.88
487,542.13,2593.88
488,542.13,2593.88
489,542.13,2593.88
490,542.13,2593.88
491,542.13,2593.88
492,542.13,2593.88
493,542.13,2593.88
494,542.13,2593.88
495,542.13,2593.88
496,542.13,2593.88
497,542.13,2593.88
498,542.13,2593.88
499,542.13,2593.88
500,542.13,2593.88
501,542.13,2593.88
502,542.13,2593.88
503,542.13,2593.88
504,542.13,2593.88
505,542.13,2593.88
506,542.13,2593.88
507,542.13,2593.88
508,542.13,2593.88
509,542.13,2593.88
510,542.13,2593.88
511,542.13,2593.88
512,542.13,2593.88
513,542.13,2593.88
514,542.13,2593.88
515,542.13,2593.88
516,542.13,2593.88
517,542.13,2593.88
518,542.13,2593.88
519,542.13,2593.88
520,542.13,2593.88
521,542.13,2593.88
522,542.13,2593.88
523,542.13,2593.88
524,542.13,2593.88
525,542.13,2593.88
526,542.13,2593.88
527,542.13,2593.88
528,542.7,2594.1
529,543.28,2594.44
530,542.23,2593.33
531,541.18,2592.22
532,540.13,2591.22
533,539.08,2590.11
534,538.13,2589.0
535,537.08,2587.89
536,536.04,2586.79
537,534.99,2585.79
538,533.94,2584.68
539,532.89,2583.57
540,532.61,2583.35
541,532.32,2583.13
542,532.03,2582.79
543,531.75,2582.57
544,531.46,2582.35
545,531.08,2582.13
546,530.8,2581.91
547,530.51,2581.57
548,530.22,2581.35
549,529.94,2581.13
550,529.94,2581.13
551,529.94,2581.13
552,529.94,2581.13
553,529.94,2581.13
554,529.94,2581.13
555,529.94,2581.13
556,529.94,2581.13
557,529.94,2581.13
558,529.94,2581.13
559,529.94,2581.13
560,529.94,2581.13
561,529.94,2581.13
562,529.94,2581.13
563,529.94,2581.13
564,529.94,2581.13
565,529.94,2581.13
566,529.94,2581.13
567,529.94,2581.13
568,529.94,2581.13
569,529.94,2581.13
570,529.94,2581.13
571,529.94,2581.13
572,529.94,2581.13
573,529.94,2581.13
574,529.94,2581.13
575,529.94,2581.13
576,529.94,2581.13
577,529.94,2581.13
578,529.94,2581.13
579,529.94,2581.13
580,529.94,2581.13
581,529.94,2581.13
582,529.94,2581.13
583,529.94,2581.13
584,529.94,2581.13
585,529.94,2581.13
586,529.94,2581.13
587,529.94,2581.13
588,529.94,2581.13
589,529.94,2581.13
590,529.75,2579.8
591,529.56,2578.36
592,529.27,2577.03
593,529.08,2575.59
594,528.89,2574.26
595,528.7,2572.82
596,528.41,2571.49
597,528.22,2570.04
598,528.03,2568.71
599,528.51,2564.61
600,529.08,2560.4
601,529.56,2556.3
602,530.13,2552.19
603,530.6,2548.09
604,531.18,2543.88
605,531.65,2539.78
606,536.8,2533.46
607,541.85,2527.14
608,546.99,2520.82
609,552.04,2514.5
610,557.19,2508.07
611,562.24,2501.75
612,567.38,2495.43
613,572.53,2489.11
614,577.58,2482.79
615,582.72,2476.47
616,587.77,2470.15
617,592.92,2463.83
618,598.06,2457.51
619,603.11,2451.19
620,608.26,2444.76
621,613.31,2438.44
622,618.45,2432.12
623,623.5,2425.8
624,628.65,2419.48
625,634.08,2419.37
626,639.51,2419.26
627,641.51,2414.38
628,643.41,2409.5
629,645.41,2404.62
630,647.32,2399.74
631,649.23,2394.86
632,651.23,2389.99
633,653.13,2385.11
634,655.13,2380.23
635,657.04,2375.35
636,659.04,2370.47
637,659.33,2365.48
638,659.71,2360.49
639,659.99,2355.5
640,660.37,2350.51
641,660.66,2345.53
642,660.95,2340.54
643,661.33,2335.55
644,661.61,2330.56
645,661.99,2325.57
646,662.28,2320.58
647,662.66,2315.59
648,662.95,2310.6
649,663.14,2309.49
650,663.33,2308.49
651,663.52,2307.38
652,663.71,2306.28
653,663.9,2305.17
654,664.09,2304.17
655,664.28,2303.06
656,664.66,2300.95
657,665.04,2298.74
658,665.42,2296.63
659,665.8,2294.41
660,666.19,2292.31
661,666.57,2290.2
662,666.95,2287.98
663,667.33,2285.88
664,667.71,2283.66
665,668.09,2281.55
666,668.95,2274.68
667,669.81,2267.69
668,670.76,2260.82
669,671.62,2253.83
670,672.47,2246.96
671,673.33,2240.08
672,674.19,2233.1
673,675.05,2226.23
674,676.0,2219.24
675,676.86,2212.37
676,677.71,2205.49
677,678.57,2198.51
678,679.43,2191.63
679,680.29,2184.76
680,681.24,2177.77
681,682.1,2170.9
682,682.95,2163.91
683,683.81,2157.04
684,684.67,2150.17
685,685.53,2143.18
686,686.48,2136.31
687,687.34,2129.32
688,688.19,2122.45
689,688.0,2113.8
690,687.91,2105.15
691,687.72,2096.5
692,687.62,2087.86
693,687.43,2079.21
694,687.24,2070.56
695,687.15,2061.91
696,686.96,2053.26
697,686.86,2044.62
698,686.67,2035.97
699,687.91,2028.65
700,689.15,2021.44
701,690.39,2014.13
702,691.62,2006.92
703,692.86,1999.6
704,694.1,1992.39
705,695.34,1985.08
706,696.58,1977.87
707,697.82,1970.66
708,699.06,1963.35
709,701.53,1957.91
710,704.11,1952.48
711,706.58,1947.05
712,709.06,1941.61
713,711.63,1936.18
714,714.11,1930.75
715,716.59,1925.32
716,719.16,1919.88
717,721.64,1914.45
718,724.11,1909.02
719,726.69,1903.58
720,729.16,1898.15
721,733.26,1888.51
722,737.26,1878.97
723,741.36,1869.32
724,745.46,1859.79
725,749.55,1850.14
726,753.65,1840.5
727,757.65,1830.96
728,761.75,1821.32
729,763.75,1813.56
730,765.75,1805.79
731,767.75,1798.03
732,769.75,1790.27
733,771.85,1782.51
734,773.85,1774.64
735,775.85,1766.88
736,777.85,1759.12
737,779.85,1751.36
738,781.85,1743.59
739,783.85,1735.83
740,785.86,1728.07
741,787.86,1720.31
742,789.86,1712.55
743,791.86,1704.79
744,793.95,1696.92
745,795.95,1689.16
746,797.96,1681.39
747,799.96,1673.63
748,801.96,1665.87
749,803.29,1660.99
750,804.72,1656.12
751,806.05,1651.13
752,807.39,1646.25
753,808.72,1641.37
754,810.15,1636.49
755,811.48,1631.61
756,812.82,1626.62
757,814.25,1621.74
758,815.58,1616.87
759,815.58,1616.87
760,815.58,1616.87
761,815.58,1616.87
762,815.58,1616.87
763,815.58,1616.87
764,815.58,1616.87
765,815.58,1616.87
766,815.58,1616.87
767,815.58,1616.87
768,815.58,1616.87
769,815.58,1616.87
770,815.58,1616.87
771,815.58,1616.87
772,815.58,1616.87
773,815.58,1616.87
774,815.58,1616.87
775,815.58,1616.87
776,815.58,1616.87
777,815.58,1616.87
778,815.58,1616.87
779,815.58,1616.87
780,815.58,1616.87
781,815.58,1616.87
782,815.58,1616.87
783,815.58,1616.87
784,815.58,1616.87
785,815.58,1616.87
786,815.58,1616.87
787,815.58,1616.87
788,815.58,1616.87
789,817.3,1612.32
790,818.92,1607.66
791,820.63,1603.01
792,822.25,1598.46
793,823.97,1593.92
794,825.68,1589.26
795,827.3,1584.6
796,829.02,1580.06
797,830.64,1575.51
798,832.35,1570.85
799,834.07,1566.2
800,835.69,1561.65
801,837.4,1557.11
802,839.02,1552.45
803,840.74,1547.79
804,842.45,1543.25
805,844.07,1538.7
806,845.79,1534.04
807,847.4,1529.39
808,849.12,1524.84
809,850.55,1521.96
810,851.98,1518.96
811,853.41,1516.08
812,854.84,1513.2
813,856.27,1510.32
814,857.69,1507.32
815,859.12,1504.44
816,860.55,1501.56
817,861.98,1498.56
818,863.41,1495.68
819,864.36,1494.57
820,865.41,1493.46
821,866.37,1492.47
822,867.41,1491.36
823,868.37,1490.25
824,869.41,1489.14
825,870.37,1488.03
826,871.41,1486.92
827,872.37,1485.92
828,873.42,1484.82
829,874.46,1483.71
830,875.42,1482.6
831,876.37,1481.49
832,877.42,1480.49
833,878.37,1479.38
834,879.42,1478.27
835,879.51,1478.05
836,879.51,1477.83
837,879.61,1477.61
838,879.7,1477.39
839,879.99,1476.83
840,880.37,1476.17
841,880.66,1475.61
842,881.04,1475.06
843,881.32,1474.5
844,881.61,1473.84
845,881.99,1473.28
846,882.28,1472.73
847,882.66,1472.07
848,882.94,1471.51
849,883.32,1470.73
850,883.71,1470.07
851,884.09,1469.29
852,884.47,1468.52
853,884.85,1467.74
854,885.23,1467.08
855,885.61,1466.3
856,885.99,1465.52
857,886.37,1464.86
858,886.75,1464.08
859,887.23,1463.31
860,887.61,1462.64
861,887.99,1461.86
862,888.37,1461.09
863,888.76,1460.42
864,889.14,1459.65
865,889.52,1458.87
866,889.9,1458.1
867,890.28,1457.43
868,890.66,1456.65
869,891.61,1453.66
870,892.66,1450.67
871,893.71,1447.67
872,894.66,1444.68
873,895.62,1441.69
874,896.66,1438.58
875,897.62,1435.59
876,898.66,1432.59
877,899.62,1429.6
878,900.67,1426.61
879,901.14,1422.95
880,901.62,1419.29
881,902.19,1415.63
882,902.67,1411.97
883,903.14,1408.31
884,903.62,1404.65
885,904.1,1401.0
886,904.67,1397.34
887,905.14,1393.68
888,905.62,1390.02
889,908.86,1379.38
890,912.1,1368.62
891,915.24,1357.98
892,918.48,1347.22
893,921.72,1336.58
894,924.96,1325.93
895,928.2,1315.18
896,931.34,1304.54
897,934.58,1293.78
898,937.82,1283.14
899,942.59,1274.49
900,947.35,1265.73
901,952.21,1257.08
902,956.97,1248.43
903,961.74,1239.79
904,966.5,1231.03
905,971.27,1222.38
906,976.13,1213.73
907,980.89,1204.97
908,985.65,1196.32
909,989.56,1188.23
910,993.47,1180.14
911,997.37,1172.04
912,1001.28,1163.84
913,1005.09,1155.74
914,1009.0,1147.65
915,1012.9,1139.56
916,1016.81,1131.46
917,1020.72,1123.37
918,1024.62,1115.16
919,1028.53,1107.07
920,1032.44,1098.98
921,1036.34,1090.88
922,1040.25,1082.79
923,1044.15,1074.7
924,1047.97,1066.6
925,1051.87,1058.4
926,1055.78,1050.3
927,1059.68,1042.21
928,1063.59,1034.12
929,1067.21,1021.48
930,1070.74,1008.73
931,1074.36,996.09
932,1077.88,983.34
933,1081.41,970.7
934,1085.03,958.06
935,1088.55,945.31
936,1092.17,932.67
937,1095.7,919.92
938,1099.32,907.28
939,1102.37,893.2
940,1105.42,879.11
941,1108.47,865.03
942,1111.52,850.95
943,1114.47,836.87
944,1117.52,822.79
945,1120.57,808.71
