0,2323.17,2248.73
1,2323.17,2248.73
2,2323.17,2248.73
3,2323.17,2248.73
4,2323.17,2248.73
5,2323.17,2248.73
6,2323.17,2248.73
7,2323.17,2248.73
8,2323.17,2248.73
9,2323.74,2246.07
10,2324.22,2243.52
11,2324.79,2240.86
12,2325.36,2238.2
13,2325.93,2235.65
14,2326.41,2232.99
15,2326.98,2230.33
16,2327.55,2227.78
17,2328.03,2225.12
18,2328.6,2222.57
19,2329.17,2219.91
20,2329.65,2217.24
21,2330.22,2214.69
22,2330.79,2212.03
23,2331.36,2209.37
24,2331.84,2206.82
25,2332.41,2204.16
26,2333.08,2203.05
27,2333.65,2201.94
28,2334.22,2200.72
29,2334.89,2199.62
30,2335.56,2198.51
31,2336.13,2197.4
32,2336.79,2196.29
33,2337.37,2195.07
34,2337.94,2193.96
35,2338.6,2192.85
36,2338.6,2192.85
37,2338.6,2192.85
38,2338.6,2192.85
39,2338.6,2192.85
40,2338.6,2192.85
41,2338.6,2192.85
42,2338.6,2192.85
43,2338.6,2192.85
44,2338.6,2192.85
45,2338.6,2192.85
46,2338.6,2192.85
47,2338.6,2192.85
48,2338.6,2192.85
49,2338.6,2192.85
50,2338.6,2192.85
51,2338.6,2192.85
52,2338.6,2192.85
53,2338.6,2192.85
54,2338.6,2192.85
55,2338.6,2192.85
56,2338.6,2192.85
57,2338.6,2192.85
58,2338.6,2192.85
59,2338.6,2192.85
60,2338.6,2192.85
61,2338.6,2192.85
62,2338.6,2192.85
63,2338.6,2192.85
64,2338.6,2192.85
65,2338.6,2192.85
66,2338.6,2192.85
67,2338.6,2192.85
68,2338.6,2192.85
69,2338.6,2192.85
70,2338.6,2192.85
71,2338.6,2192.85
72,2338.6,2192.85
73,2338.6,2192.85
74,2338.6,2192.85
75,2338.6,2192.85
76,2338.6,2192.85
77,2338.6,2192.85
78,2338.6,2192.85
79,2338.6,2192.85
80,2338.6,2192.85
81,2338.6,2192.85
82,2338.6,2192.85
83,2338.6,2192.85
84,2338.6,2192.85
85,2338.6,2192.85
86,2338.6,2192.85
87,2338.6,2192.85
88,2338.7,2192.85
89,2338.7,2192.85
90,2338.7,2192.74
91,2338.7,2192.74
92,2338.7,2192.74
93,2338.8,2192.74
94,2338.8,2192.74
95,2338.8,2192.74
96,2338.8,2192.74
97,2338.8,2192.74
98,2338.8,2192.74
99,2338.8,2192.74
100,2338.8,2192.74
101,2338.8,2192.74
102,2338.8,2192.74
103,2338.8,2192.74
104,2338.8,2192.74
105,2338.8,2192.74
106,2338.99,2192.3
107,2339.18,2191.85
108,2339.27,2191.41
109,2339.46,2190.97
110,2339.65,2190.52
111,2339.84,2190.08
112,2340.03,2189.64
113,2340.13,2189.19
114,2340.32,2188.75
115,2340.51,2188.31
116,2342.13,2181.88
117,2343.75,2175.45
118,2345.37,2169.02
119,2346.99,2162.58
120,2348.61,2156.15
121,2350.23,2149.72
122,2351.85,2143.29
123,2353.47,2136.86
124,2355.09,2130.43
125,2356.71,2124.0
126,2358.8,2120.56
127,2360.9,2117.02
128,2363.0,2113.58
129,2365.09,2110.03
130,2367.19,2106.59
131,2369.28,2103.05
132,2371.38,2099.61
133,2373.48,2096.06
134,2375.57,2092.62
135,2377.67,2089.19
136,2379.76,2085.64
137,2381.86,2082.2
138,2383.96,2078.65
139,2386.05,2075.22
140,2388.15,2071.67
141,2390.25,2068.23
142,2392.34,2064.68
143,2394.44,2061.25
144,2396.53,2057.7
145,2398.63,2054.26
146,2400.06,2051.71
147,2401.39,2049.16
148,2402.82,2046.72
149,2404.25,2044.17
150,2405.59,2041.62
151,2407.01,2039.07
152,2408.44,2036.52
153,2409.87,2034.08
154,2411.21,2031.53
155,2412.64,2028.98
156,2412.64,2028.98
157,2412.64,2028.98
158,2412.64,2028.98
159,2412.64,2028.98
160,2412.64,2028.98
161,2412.64,2028.98
162,2412.64,2028.98
163,2412.64,2028.98
164,2412.64,2028.98
165,2412.64,2028.98
166,2412.64,2028.98
167,2412.64,2028.98
168,2412.64,2028.98
169,2412.64,2028.98
170,2412.64,2028.98
171,2412.64,2028.98
172,2412.64,2028.98
173,2412.64,2028.98
174,2412.64,2028.98
175,2412.64,2028.98
176,2412.73,2028.54
177,2412.92,2028.1
178,2413.02,2027.76
179,2413.11,2027.32
180,2413.21,2026.88
181,2413.4,2026.43
182,2413.49,2025.99
183,2413.59,2025.66
184,2413.78,2025.21
185,2413.87,2024.77
186,2414.92,2021.44
187,2415.97,2018.12
188,2417.02,2014.79
189,2418.07,2011.57
190,2419.21,2008.25
191,2420.26,2004.92
192,2421.31,2001.6
193,2422.35,1998.27
194,2423.4,1994.94
195,2424.45,1991.62
196,2425.5,1988.4
197,2426.55,1985.08
198,2427.59,1981.75
199,2428.64,1978.42
200,2429.69,1975.1
201,2430.83,1971.77
202,2431.88,1968.56
203,2432.93,1965.23
204,2433.98,1961.9
205,2435.03,1958.58
206,2434.36,1957.8
207,2433.69,1957.14
208,2433.12,1956.36
209,2432.45,1955.69
210,2431.79,1955.03
211,2431.22,1954.25
212,2430.55,1953.59
213,2429.88,1952.81
214,2426.36,1951.04
215,2422.74,1949.15
216,2419.21,1947.38
217,2415.68,1945.61
218,2412.06,1943.72
219,2408.54,1941.95
220,2405.01,1940.17
221,2401.49,1938.4
222,2397.87,1936.51
223,2394.34,1934.74
224,2393.58,1934.52
225,2392.72,1934.19
226,2391.96,1933.96
227,2391.1,1933.63
228,2390.34,1933.41
229,2389.48,1933.08
230,2388.72,1932.85
231,2387.86,1932.52
232,2387.1,1932.3
233,2386.24,1931.97
234,2385.48,1931.75
235,2385.48,1931.75
236,2385.48,1931.75
237,2385.48,1931.75
238,2385.48,1931.75
239,2385.48,1931.75
240,2385.48,1931.75
241,2385.48,1931.75
242,2385.48,1931.75
243,2385.48,1931.75
244,2385.48,1931.75
245,2383.96,1930.97
246,2382.43,1930.19
247,2380.91,1929.42
248,2379.38,1928.64
249,2377.76,1927.87
250,2376.24,1927.09
251,2374.72,1926.31
252,2373.19,1925.54
253,2371.67,1924.76
254,2370.52,1923.87
255,2369.47,1923.1
256,2368.33,1922.21
257,2367.28,1921.43
258,2366.14,1920.55
259,2365.09,1919.66
260,2363.95,1918.88
261,2362.9,1918.0
262,2361.76,1917.11
263,2360.71,1916.33
264,2359.57,1915.45
265,2358.52,1914.67
266,2357.37,1913.78
267,2356.33,1912.9
268,2355.18,1912.12
269,2354.14,1911.23
270,2352.99,1910.35
271,2351.94,1909.57
272,2350.8,1908.68
273,2349.75,1907.91
274,2348.61,1907.02
275,2348.13,1906.69
276,2347.75,1906.36
277,2347.28,1905.91
278,2346.8,1905.58
279,2346.42,1905.25
280,2345.94,1904.91
281,2345.46,1904.58
282,2344.99,1904.14
283,2344.61,1903.81
284,2344.13,1903.47
285,2344.13,1901.81
286,2344.13,1900.04
287,2344.13,1898.37
288,2344.32,1893.83
289,2344.61,1889.28
290,2344.8,1884.85
291,2344.99,1880.3
292,2345.18,1875.76
293,2345.46,1871.21
294,2345.66,1866.66
295,2345.85,1862.12
296,2346.04,1857.68
297,2346.32,1853.14
298,2346.51,1848.59
299,2346.61,1841.38
300,2346.7,1834.18
301,2346.89,1826.97
302,2346.99,1819.76
303,2345.46,1811.89
304,2345.56,1809.34
305,2345.66,1806.79
306,2345.66,1804.24
307,2345.75,1801.69
308,2345.85,1799.14
309,2345.94,1796.59
310,2346.04,1794.04
311,2346.04,1791.49
312,2346.13,1788.94
313,2346.23,1786.39
314,2346.61,1784.28
315,2347.08,1782.18
316,2347.47,1780.07
317,2347.85,1777.96
318,2348.23,1775.86
319,2348.7,1773.75
320,2349.09,1771.65
321,2349.47,1769.54
322,2349.85,1767.43
323,2350.32,1765.33
324,2350.71,1763.22
325,2350.9,1761.78
326,2351.09,1760.34
327,2351.18,1758.89
328,2351.37,1757.45
329,2351.56,1756.01
330,2351.75,1754.57
331,2351.94,1753.13
332,2352.04,1751.69
333,2352.23,1750.25
334,2352.42,1748.81
335,2352.71,1746.59
336,2352.99,1744.26
337,2353.18,1741.93
338,2353.47,1739.71
339,2353.75,1737.5
340,2354.04,1735.17
341,2354.33,1732.84
342,2354.52,1730.62
343,2354.8,1728.4
344,2355.09,1726.08
345,2355.28,1723.97
346,2355.47,1721.86
347,2355.66,1719.76
348,2355.85,1717.65
349,2355.95,1715.54
350,2356.14,1713.44
351,2356.33,1711.33
352,2356.52,1709.22
353,2356.71,1707.12
354,2356.61,1707.01
355,2356.52,1707.01
356,2356.42,1706.9
357,2356.33,1706.9
358,2356.23,1706.78
359,2356.14,1706.67
360,2356.04,1706.67
361,2355.95,1706.56
362,2355.95,1706.56
363,2355.95,1706.56
364,2355.95,1706.56
365,2355.95,1706.56
366,2355.95,1706.56
367,2355.95,1706.56
368,2355.95,1706.56
369,2355.95,1706.56
370,2355.95,1706.56
371,2355.95,1706.56
372,2355.95,1706.45
373,2356.04,1706.23
374,2356.04,1706.12
375,2356.14,1706.01
376,2356.14,1705.79
377,2356.14,1705.68
378,2356.23,1705.56
379,2356.23,1705.34
380,2356.33,1705.23
381,2356.33,1705.12
382,2356.33,1704.9
383,2356.42,1704.79
384,2356.42,1704.57
385,2356.52,1704.46
386,2356.52,1704.34
387,2356.52,1704.12
388,2356.61,1704.01
389,2356.61,1703.9
390,2356.71,1703.68
391,2356.71,1703.57
392,2357.09,1700.8
393,2357.47,1698.03
394,2357.76,1695.36
395,2358.14,1692.59
396,2358.52,1689.82
397,2358.9,1687.05
398,2359.28,1684.28
399,2359.57,1681.62
400,2359.95,1678.84
401,2360.33,1676.07
402,2361.0,1671.97
403,2361.66,1667.87
404,2362.14,1665.87
405,2362.61,1663.99
406,2363.0,1661.99
407,2363.47,1660.0
408,2363.95,1658.0
409,2364.43,1656.12
410,2364.9,1654.12
411,2365.38,1652.12
412,2365.76,1650.13
413,2366.24,1648.24
414,2366.71,1646.25
415,2366.71,1646.25
416,2366.71,1646.25
417,2366.71,1646.25
418,2366.71,1646.25
419,2366.71,1646.25
420,2366.71,1646.25
421,2366.71,1646.25
422,2366.71,1646.25
423,2366.71,1646.25
424,2366.71,1646.25
425,2366.71,1646.25
426,2366.71,1646.25
427,2366.71,1646.25
428,2366.71,1646.25
429,2366.71,1646.25
430,2366.71,1646.25
431,2366.71,1646.25
432,2366.71,1646.25
433,2366.71,1646.25
434,2366.71,1646.25
435,2367.0,1645.03
436,2367.38,1643.92
437,2367.66,1642.7
438,2367.95,1641.48
439,2368.33,1640.37
440,2368.62,1639.15
441,2368.9,1637.93
442,2369.28,1636.82
443,2369.57,1635.6
444,2369.86,1634.38
445,2370.14,1633.16
446,2370.52,1632.06
447,2370.81,1630.84
448,2371.09,1629.62
449,2371.48,1628.51
450,2371.76,1627.29
451,2372.05,1626.07
452,2372.43,1624.96
453,2372.71,1623.74
454,2373.86,1616.64
455,2375.0,1609.55
456,2376.24,1602.45
457,2377.38,1595.36
458,2378.53,1588.26
459,2379.67,1581.16
460,2380.81,1574.07
461,2382.05,1566.97
462,2383.19,1559.88
463,2384.34,1552.78
464,2384.81,1548.79
465,2385.2,1544.69
466,2385.67,1540.7
467,2386.05,1536.7
468,2386.53,1532.71
469,2386.91,1528.61
470,2387.29,1524.62
471,2387.77,1520.63
472,2388.24,1516.53
473,2388.63,1512.53
474,2389.1,1508.54
475,2389.48,1504.55
476,2389.96,1500.45
477,2390.34,1496.46
478,2391.29,1492.69
479,2392.25,1488.81
480,2393.2,1485.04
481,2394.15,1481.16
482,2395.1,1477.39
483,2396.06,1473.51
484,2397.01,1469.74
485,2397.96,1465.86
486,2398.92,1462.09
487,2399.87,1458.21
488,2400.82,1454.44
489,2401.2,1452.44
490,2401.49,1450.44
491,2401.87,1448.45
492,2402.25,1446.45
493,2402.54,1444.46
494,2402.92,1442.46
495,2403.2,1440.47
496,2403.58,1438.47
497,2403.97,1436.47
498,2404.25,1434.48
499,2404.63,1432.59
500,2405.01,1430.6
501,2405.3,1428.6
502,2405.68,1426.61
503,2406.06,1424.61
504,2406.35,1422.62
505,2406.73,1420.62
506,2407.01,1418.62
507,2407.4,1416.63
508,2407.78,1414.63
509,2408.06,1412.64
510,2408.44,1410.64
511,2408.44,1410.64
512,2408.44,1410.64
513,2408.44,1410.64
514,2408.44,1410.64
515,2408.44,1410.64
516,2408.44,1410.64
517,2408.44,1410.64
518,2408.44,1410.64
519,2408.44,1410.64
520,2408.44,1410.64
521,2408.44,1410.64
522,2408.44,1410.64
523,2408.44,1410.64
524,2408.44,1410.64
525,2408.44,1410.64
526,2408.44,1410.64
527,2408.44,1410.64
528,2408.44,1410.64
529,2408.44,1410.64
530,2408.44,1410.64
531,2408.44,1410.64
532,2408.44,1410.64
533,2408.54,1410.31
534,2408.73,1409.98
535,2408.82,1409.75
536,2408.92,1409.42
537,2409.02,1409.09
538,2409.21,1408.76
539,2409.3,1408.42
540,2409.4,1408.09
541,2409.49,1407.87
542,2409.68,1407.54
543,2409.78,1407.2
544,2410.54,1403.55
545,2411.3,1399.89
546,2412.06,1396.23
547,2412.83,1392.57
548,2413.59,1388.91
549,2414.45,1385.25
550,2415.21,1381.59
551,2415.97,1377.93
552,2416.73,1374.27
553,2417.5,1370.62
554,2418.26,1366.96
555,2419.02,1363.3
556,2419.78,1359.64
557,2420.54,1355.98
558,2421.4,1352.43
559,2422.16,1348.77
560,2422.93,1345.12
561,2423.69,1341.46
562,2424.45,1337.8
563,2425.21,1334.14
564,2425.97,1330.48
565,2426.74,1326.82
566,2427.5,1323.16
567,2428.26,1319.5
568,2429.12,1315.84
569,2429.88,1312.19
570,2430.64,1308.53
571,2431.41,1304.87
572,2432.17,1301.21
573,2432.93,1297.55
574,2433.69,1290.9
575,2434.55,1284.25
576,2435.31,1277.7
577,2436.07,1271.05
578,2436.84,1264.4
579,2437.69,1257.75
580,2438.46,1251.09
581,2439.22,1244.55
582,2440.08,1237.9
583,2440.84,1231.25
584,2441.7,1224.6
585,2442.65,1217.94
586,2443.51,1211.18
587,2444.46,1204.53
588,2445.32,1197.88
589,2446.17,1191.22
590,2447.13,1184.57
591,2447.98,1177.81
592,2448.94,1171.16
593,2449.79,1164.5
594,2451.51,1154.97
595,2453.13,1145.32
596,2454.84,1135.68
597,2456.46,1126.14
598,2458.08,1116.61
599,2459.8,1106.96
600,2461.51,1097.31
601,2463.13,1087.78
602,2464.85,1078.24
603,2466.47,1068.6
604,2467.61,1058.62
605,2468.66,1048.53
606,2469.8,1038.55
607,2470.85,1028.57
608,2471.99,1018.59
609,2473.04,1008.5
610,2474.19,998.53
611,2475.23,988.55
612,2476.28,978.46
613,2477.43,968.48
614,2477.71,966.26
615,2478.0,963.93
616,2478.28,961.72
617,2478.57,959.5
618,2478.85,957.17
619,2479.14,954.95
620,2479.43,952.73
621,2479.71,950.41
622,2480.0,948.19
623,2480.38,945.86
624,2480.66,943.64
625,2480.95,941.43
626,2481.24,939.1
627,2481.52,936.88
628,2481.81,934.66
629,2482.09,932.33
630,2482.38,930.12
631,2482.67,927.9
632,2482.95,925.57
633,2483.24,923.35
634,2483.24,923.35
635,2483.24,923.35
636,2483.24,923.35
637,2483.24,923.35
638,2483.24,923.35
639,2483.24,923.35
640,2483.24,923.35
641,2483.24,923.35
642,2483.24,923.35
643,2483.24,923.35
644,2483.24,923.35
645,2483.24,923.35
646,2483.24,923.35
647,2483.24,923.35
648,2483.24,923.35
649,2483.24,923.35
650,2483.24,923.35
651,2483.24,923.35
652,2483.24,923.35
653,2483.24,923.35
654,2483.24,923.35
655,2483.24,923.35
656,2483.24,923.35
657,2483.24,923.35
658,2483.24,923.35
659,2483.24,923.35
660,2483.24,923.35
661,2483.24,923.35
662,2483.24,923.35
663,2483.24,923.35
664,2483.24,923.35
665,2483.24,923.35
666,2483.24,923.35
667,2483.24,923.35
668,2483.24,923.35
669,2483.24,923.35
670,2483.24,923.35
671,2483.24,923.35
672,2483.24,923.35
673,2483.24,923.35
674,2483.81,920.47
675,2484.38,917.7
676,2484.95,914.82
677,2485.52,912.04
678,2486.1,909.16
679,2486.76,906.39
680,2487.33,903.51
681,2487.91,900.73
682,2488.48,897.85
683,2489.05,895.08
684,2489.62,892.2
685,2490.19,889.43
686,2490.76,886.65
687,2491.34,883.77
688,2492.0,881.0
689,2492.57,878.12
690,2493.15,875.23
691,2493.72,872.46
692,2494.29,869.58
693,2494.86,866.81
694,2497.15,855.83
695,2499.43,844.85
696,2501.72,833.99
697,2504.01,823.01
698,2506.29,812.04
699,2508.58,801.06
700,2510.87,790.08
701,2513.15,779.22
702,2515.44,768.24
703,2517.73,757.26
704,2519.92,745.29
705,2522.11,733.32
706,2524.3,721.34
707,2526.49,709.37
708,2528.68,697.39
709,2530.88,685.42
710,2533.07,673.44
711,2535.26,661.47
712,2537.45,649.5
713,2539.64,637.52
714,2542.5,628.87
715,2545.26,620.11
716,2548.12,611.47
717,2550.88,602.82
718,2553.74,594.17
719,2556.51,585.41
720,2559.36,576.76
721,2566.99,572.66
722,2574.7,568.45
723,2585.95,572.88
724,2597.09,577.21
725,2608.34,581.64
726,2619.58,585.97
727,2630.73,590.4
728,2641.97,594.84
729,2653.21,599.16
730,2664.46,603.59
731,2675.6,607.92
732,2686.85,612.35
733,2692.37,613.79
734,2697.99,615.24
735,2703.52,616.68
736,2709.05,618.12
737,2714.67,619.56
738,2720.19,621.0
739,2725.72,622.44
740,2731.34,623.88
741,2736.87,625.33
742,2742.39,626.77
743,2748.02,628.1
744,2753.54,629.54
745,2759.07,630.98
746,2764.69,632.42
747,2770.22,633.86
748,2775.74,635.3
749,2781.36,636.75
750,2786.89,638.19
751,2792.41,639.63
752,2798.04,641.07
753,2803.56,642.51
754,2808.33,643.18
755,2813.09,643.95
756,2817.85,644.62
757,2822.62,645.39
758,2827.38,646.06
759,2833.96,640.85
760,2840.44,635.64
761,2843.48,627.32
762,2846.53,619.01
763,2849.58,610.69
764,2852.63,602.37
765,2855.78,594.06
766,2858.82,585.74
767,2861.87,577.43
768,2864.92,569.11
769,2867.97,560.8
770,2871.02,552.48
771,2870.54,551.37
772,2870.07,550.26
773,2869.59,549.16
774,2869.11,548.05
775,2868.64,546.83
776,2868.07,545.72
777,2867.59,544.61
778,2867.11,543.5
779,2866.64,542.39
780,2866.16,541.28
781,2865.97,542.39
782,2865.78,543.5
783,2865.59,544.61
784,2865.4,545.72
785,2865.3,546.83
786,2865.11,547.94
787,2864.92,549.04
788,2864.73,550.15
789,2864.54,551.26
790,2864.25,551.59
791,2863.97,551.93
792,2863.78,552.26
793,2863.49,552.59
794,2863.21,552.93
795,2862.92,553.26
796,2862.64,553.59
797,2862.44,553.92
798,2862.16,554.26
799,2861.87,554.59
800,2861.59,554.92
801,2861.3,555.25
802,2861.02,555.59
803,2860.82,555.92
804,2860.54,556.25
805,2860.25,556.58
806,2860.25,556.58
807,2860.25,556.58
808,2860.25,556.58
809,2860.25,556.58
810,2860.25,556.58
811,2860.25,556.58
812,2860.25,556.58
813,2860.25,556.58
814,2860.25,556.58
815,2860.25,556.58
816,2860.25,556.58
817,2860.25,556.58
818,2860.25,556.58
819,2860.25,556.58
820,2860.25,556.58
821,2860.25,556.58
822,2860.25,556.58
823,2860.25,556.58
824,2860.25,556.58
825,2860.25,556.58
826,2859.01,556.81
827,2857.87,556.92
828,2856.63,557.14
829,2855.39,557.36
830,2854.16,557.58
831,2853.01,557.69
832,2851.77,557.91
833,2850.53,558.14
834,2849.39,558.25
835,2848.15,558.47
836,2843.87,557.03
837,2839.58,555.7
838,2835.29,554.26
839,2831.1,552.81
840,2826.81,551.48
841,2822.52,550.04
842,2818.24,548.6
843,2813.95,547.27
844,2809.66,545.83
845,2805.37,544.39
846,2801.09,543.06
847,2796.89,541.62
848,2792.61,540.17
849,2788.32,538.84
850,2784.03,537.4
851,2781.55,534.63
852,2779.08,531.86
853,2776.6,529.09
854,2774.98,527.65
855,2773.26,526.2
856,2771.64,524.76
857,2769.93,523.32
858,2768.31,521.88
859,2766.59,520.33
860,2764.97,518.89
861,2763.26,517.45
862,2761.64,516.0
863,2759.93,514.56
864,2758.31,513.12
865,2759.93,508.91
866,2761.45,504.7
867,2763.07,500.48
868,2764.59,496.27
869,2766.21,492.06
870,2767.45,491.06
871,2768.6,490.06
872,2769.83,489.06
873,2771.07,488.06
874,2772.31,487.07
875,2773.45,486.07
876,2774.69,485.07
877,2775.93,484.07
878,2777.08,483.08
879,2778.31,482.08
880,2780.03,480.08
881,2781.65,478.2
882,2783.36,476.2
883,2785.08,474.32
884,2786.79,472.32
885,2788.41,470.32
886,2790.13,468.44
887,2791.84,466.44
888,2796.13,466.22
889,2800.42,466.0
890,2804.61,465.67
891,2808.9,465.45
892,2813.19,465.22
893,2817.47,465.0
894,2821.76,464.78
895,2825.95,464.45
896,2830.24,464.23
897,2834.53,464.0
898,2837.86,466.22
899,2841.77,467.55
900,2845.68,468.99
901,2847.87,470.77
902,2849.96,472.65
903,2852.15,474.43
904,2854.25,476.31
905,2856.44,478.09
906,2859.87,479.31
907,2863.4,480.53
908,2866.83,481.74
909,2870.35,482.96
910,2873.78,484.18
911,2873.12,486.84
912,2872.35,489.62
913,2871.69,492.28
914,2871.02,494.94
915,2870.35,497.6
916,2869.59,500.37
917,2868.92,503.03
918,2868.26,505.69
919,2867.49,508.47
920,2866.83,511.13
921,2866.16,513.79
922,2865.49,516.45
923,2864.73,519.22
924,2864.06,521.88
925,2865.3,526.32
926,2864.83,530.2
927,2863.78,531.31
928,2862.73,532.41
929,2861.78,533.52
930,2860.73,534.63
931,2859.68,535.74
932,2858.63,536.85
933,2857.59,537.96
934,2856.63,539.07
935,2855.58,540.17
936,2854.54,541.28
937,2855.2,541.06
938,2855.97,540.84
939,2856.63,540.51
940,2857.39,540.29
941,2858.06,540.06
942,2858.82,539.84
943,2859.49,539.51
944,2860.25,539.29
945,2860.92,539.07
