0,1560.56,3864.71
1,1558.47,3858.61
2,1558.47,3858.61
3,1558.47,3858.61
4,1558.47,3858.61
5,1558.47,3858.61
6,1558.47,3858.61
7,1558.47,3858.61
8,1558.47,3858.61
9,1558.47,3858.61
10,1558.47,3858.61
11,1558.47,3858.61
12,1558.47,3858.61
13,1558.47,3858.61
14,1558.47,3858.61
15,1558.47,3858.61
16,1558.47,3858.61
17,1558.47,3858.61
18,1558.47,3858.61
19,1558.47,3858.61
20,1558.47,3858.61
21,1558.47,3858.61
22,1558.47,3858.61
23,1558.47,3858.61
24,1558.47,3858.61
25,1558.47,3858.61
26,1558.47,3858.61
27,1558.47,3858.61
28,1558.47,3858.61
29,1558.47,3858.61
30,1558.47,3858.61
31,1558.47,3858.61
32,1558.47,3858.61
33,1558.47,3858.61
34,1558.47,3858.61
35,1558.47,3858.61
36,1558.47,3858.61
37,1558.47,3858.61
38,1558.47,3858.61
39,1558.47,3858.61
40,1558.47,3858.61
41,1558.47,3858.61
42,1558.47,3858.61
43,1558.47,3858.61
44,1558.47,3858.61
45,1558.47,3858.61
46,1558.47,3858.61
47,1558.47,3858.61
48,1558.47,3858.61
49,1558.47,3858.61
50,1558.47,3858.61
51,1558.47,3858.61
52,1558.47,3858.61
53,1558.47,3858.61
54,1558.47,3858.61
55,1558.47,3858.5
56,1558.47,3858.39
57,1558.47,3858.39
58,1558.47,3858.28
59,1558.47,3858.17
60,1558.47,3858.06
61,1558.47,3858.06
62,1558.47,3857.95
63,1558.47,3857.84
64,1558.47,3857.84
65,1558.47,3857.84
66,1558.47,3857.84
67,1558.47,3857.84
68,1558.47,3857.84
69,1558.47,3857.84
70,1558.47,3857.84
71,1558.47,3857.84
72,1558.47,3857.84
73,1558.47,3857.84
74,1558.47,3857.84
75,1558.47,3857.84
76,1558.47,3857.84
77,1558.47,3857.84
78,1558.47,3857.84
79,1558.47,3857.84
80,1558.47,3857.84
81,1558.47,3857.84
82,1558.47,3857.84
83,1558.47,3857.84
84,1558.47,3857.84
85,1558.47,3857.84
86,1558.47,3857.84
87,1558.47,3857.84
88,1558.47,3857.84
89,1558.47,3857.84
90,1558.47,3857.84
91,1558.47,3857.84
92,1558.47,3857.84
93,1558.47,3857.84
94,1558.47,3857.73
95,1558.47,3857.51
96,1558.47,3857.39
97,1558.47,3857.28
98,1558.56,3857.17
99,1558.56,3856.95
100,1558.56,3856.84
101,1558.56,3856.73
102,1558.56,3856.51
103,1558.56,3856.4
104,1558.56,3856.4
105,1558.56,3856.4
106,1558.56,3856.4
107,1558.56,3856.4
108,1558.56,3856.4
109,1558.56,3856.4
110,1558.56,3856.4
111,1558.56,3856.4
112,1558.56,3856.4
113,1558.56,3856.4
114,1556.37,3854.96
115,1554.27,3853.62
116,1552.08,3852.18
117,1549.99,3850.74
118,1547.8,3849.41
119,1545.7,3847.97
120,1543.51,3846.64
121,1541.41,3845.2
122,1539.22,3843.76
123,1537.12,3842.43
124,1534.93,3840.98
125,1532.74,3839.77
126,1530.55,3838.55
127,1528.36,3837.33
128,1526.26,3836.11
129,1524.07,3834.89
130,1521.88,3833.78
131,1519.69,3832.56
132,1517.5,3831.34
133,1515.31,3830.12
134,1513.11,3828.9
135,1511.02,3827.68
136,1508.83,3826.46
137,1506.63,3825.24
138,1504.44,3824.02
139,1502.25,3822.8
140,1500.06,3821.69
141,1497.96,3820.47
142,1495.77,3819.25
143,1493.58,3818.03
144,1491.39,3816.81
145,1491.39,3816.81
146,1491.39,3816.81
147,1491.39,3816.81
148,1491.39,3816.81
149,1491.39,3816.81
150,1491.39,3816.81
151,1491.39,3816.81
152,1491.39,3816.81
153,1491.39,3816.81
154,1491.39,3816.81
155,1491.39,3816.81
156,1491.39,3816.81
157,1491.39,3816.81
158,1491.39,3816.81
159,1491.39,3816.81
160,1491.39,3816.81
161,1491.39,3816.81
162,1491.39,3816.81
163,1491.39,3816.81
164,1491.39,3816.81
165,1491.39,3816.81
166,1491.39,3816.81
167,1491.39,3816.81
168,1491.39,3816.81
169,1491.39,3816.81
170,1491.39,3816.81
171,1491.39,3816.81
172,1491.39,3816.81
173,1491.39,3816.81
174,1491.39,3816.81
175,1491.39,3816.81
176,1491.39,3816.81
177,1491.39,3816.81
178,1491.39,3816.81
179,1491.39,3816.81
180,1491.39,3816.81
181,1491.39,3816.81
182,1491.39,3816.81
183,1491.39,3816.81
184,1491.39,3816.81
185,1491.39,3816.81
186,1491.39,3816.81
187,1491.39,3816.81
188,1491.39,3816.81
189,1491.39,3816.81
190,1491.39,3816.81
191,1491.39,3816.81
192,1491.49,3816.93
193,1491.49,3816.93
194,1491.49,3816.93
195,1491.49,3816.93
196,1491.49,3816.93
197,1491.49,3816.93
198,1491.49,3816.93
199,1491.49,3816.93
200,1491.49,3816.93
201,1491.49,3816.93
202,1491.49,3816.93
203,1491.49,3816.93
204,1491.49,3816.93
205,1491.49,3816.93
206,1491.49,3816.93
207,1491.58,3817.04
208,1491.58,3817.04
209,1491.58,3817.04
210,1491.58,3817.04
211,1491.58,3817.04
212,1491.58,3817.04
213,1491.58,3817.04
214,1491.58,3817.04
215,1491.58,3817.04
216,1491.58,3817.04
217,1491.58,3817.04
218,1491.58,3817.04
219,1491.58,3817.04
220,1491.58,3817.04
221,1491.58,3817.04
222,1491.58,3817.04
223,1491.58,3817.04
224,1491.58,3817.04
225,1491.58,3817.04
226,1491.58,3817.04
227,1491.58,3817.04
228,1491.58,3817.04
229,1491.58,3817.04
230,1491.58,3817.04
231,1491.58,3817.04
232,1491.58,3817.04
233,1491.58,3817.04
234,1491.58,3817.04
235,1491.58,3817.04
236,1491.58,3817.04
237,1491.58,3817.04
238,1491.58,3817.04
239,1491.58,3817.04
240,1491.58,3817.04
241,1491.58,3817.04
242,1491.58,3817.04
243,1491.58,3817.04
244,1491.58,3817.04
245,1491.58,3817.04
246,1491.58,3817.04
247,1491.68,3816.93
248,1491.68,3816.93
249,1491.68,3816.93
250,1491.68,3816.93
251,1491.77,3816.81
252,1491.77,3816.81
253,1491.77,3816.81
254,1491.77,3816.81
255,1491.87,3816.7
256,1491.87,3816.7
257,1491.87,3816.7
258,1491.87,3816.7
259,1491.87,3816.59
260,1491.96,3816.59
261,1491.96,3816.59
262,1491.96,3816.59
263,1491.96,3816.59
264,1492.06,3816.48
265,1492.06,3816.48
266,1492.06,3816.48
267,1492.06,3816.48
268,1492.15,3816.37
269,1492.15,3816.37
270,1492.15,3816.37
271,1492.15,3816.37
272,1492.25,3816.26
273,1492.25,3816.26
274,1492.25,3816.26
275,1488.91,3815.15
276,1485.58,3814.15
277,1482.24,3813.04
278,1478.91,3811.94
279,1475.57,3810.94
280,1472.24,3809.83
281,1468.9,3808.72
282,1465.57,3807.61
283,1462.24,3806.61
284,1458.9,3805.51
285,1454.14,3804.06
286,1449.37,3802.62
287,1444.61,3801.29
288,1439.84,3799.85
289,1435.08,3798.41
290,1430.32,3796.97
291,1425.55,3795.64
292,1420.79,3794.2
293,1416.03,3792.76
294,1411.45,3791.76
295,1406.97,3790.76
296,1402.5,3789.76
297,1397.92,3788.76
298,1395.73,3785.1
299,1393.44,3781.56
300,1393.54,3774.9
301,1393.63,3768.25
302,1396.68,3761.6
303,1399.64,3754.95
304,1402.69,3748.29
305,1406.97,3737.1
306,1411.26,3725.79
307,1415.45,3714.59
308,1419.74,3703.39
309,1424.03,3692.08
310,1428.32,3680.88
311,1432.51,3669.69
312,1436.8,3658.38
313,1441.08,3647.18
314,1441.94,3646.29
315,1442.8,3645.4
316,1443.56,3644.63
317,1444.42,3643.74
318,1445.28,3642.85
319,1446.13,3641.97
320,1446.9,3641.19
321,1447.75,3640.3
322,1448.61,3639.42
323,1449.37,3638.53
324,1450.23,3637.75
325,1451.09,3636.87
326,1451.09,3636.87
327,1451.09,3636.87
328,1451.09,3636.87
329,1451.09,3636.87
330,1451.09,3636.87
331,1451.09,3636.87
332,1451.09,3636.87
333,1451.09,3636.87
334,1451.09,3636.87
335,1451.09,3636.87
336,1451.09,3636.87
337,1451.09,3636.87
338,1451.09,3636.87
339,1451.09,3636.87
340,1451.09,3636.87
341,1451.09,3636.87
342,1451.09,3636.87
343,1451.09,3636.87
344,1451.09,3636.87
345,1451.09,3636.87
346,1451.09,3636.87
347,1451.09,3636.87
348,1451.09,3636.87
349,1451.09,3636.87
350,1451.09,3636.87
351,1451.09,3636.87
352,1451.09,3636.87
353,1451.09,3636.87
354,1451.09,3636.87
355,1451.18,3636.65
356,1451.37,3636.42
357,1451.47,3636.09
358,1451.66,3635.87
359,1451.75,3635.65
360,1451.95,3635.43
361,1452.04,3635.09
362,1452.23,3634.87
363,1452.33,3634.65
364,1454.52,3626.56
365,1456.71,3618.46
366,1458.9,3610.37
367,1461.09,3602.27
368,1463.28,3594.18
369,1465.38,3586.09
370,1467.57,3577.99
371,1469.76,3569.9
372,1471.95,3561.81
373,1474.15,3553.71
374,1477.96,3546.95
375,1481.77,3540.19
376,1485.48,3533.42
377,1489.29,3526.66
378,1493.11,3519.9
379,1496.92,3513.13
380,1500.63,3506.37
381,1504.44,3499.61
382,1508.25,3492.84
383,1512.07,3486.08
384,1515.78,3479.43
385,1519.59,3472.66
386,1523.4,3465.9
387,1527.22,3459.14
388,1530.93,3452.37
389,1534.74,3445.61
390,1538.55,3438.85
391,1542.36,3432.08
392,1546.08,3425.32
393,1549.89,3418.56
394,1553.7,3411.79
395,1553.7,3411.79
396,1553.7,3411.79
397,1553.7,3411.79
398,1553.7,3411.79
399,1553.7,3411.79
400,1553.7,3411.79
401,1553.7,3411.79
402,1553.7,3411.79
403,1553.7,3411.79
404,1553.61,3411.79
405,1553.51,3411.79
406,1553.42,3411.68
407,1553.32,3411.68
408,1553.23,3411.68
409,1553.13,3411.68
410,1553.04,3411.68
411,1552.94,3411.57
412,1552.84,3411.57
413,1552.75,3411.57
414,1552.18,3408.69
415,1551.7,3405.81
416,1551.13,3402.92
417,1554.27,3398.27
418,1555.89,3388.4
419,1557.51,3378.53
420,1559.13,3368.66
421,1560.85,3358.91
422,1562.47,3349.04
423,1564.09,3339.17
424,1565.71,3329.3
425,1574.95,3324.98
426,1584.1,3320.55
427,1593.34,3316.22
428,1595.43,3303.36
429,1597.63,3290.5
430,1599.72,3277.75
431,1601.82,3264.89
432,1604.01,3252.03
433,1606.11,3239.28
434,1608.2,3226.41
435,1610.39,3213.55
436,1612.49,3200.69
437,1614.68,3187.83
438,1616.78,3175.08
439,1618.87,3162.22
440,1621.06,3149.36
441,1623.16,3136.61
442,1625.26,3123.75
443,1627.45,3110.88
444,1629.54,3098.02
445,1631.64,3085.16
446,1633.83,3072.41
447,1635.93,3059.55
448,1636.02,3056.33
449,1636.21,3053.23
450,1636.31,3050.01
451,1636.4,3046.8
452,1636.59,3043.69
453,1636.69,3040.48
454,1636.88,3037.38
455,1636.98,3034.16
456,1637.07,3030.94
457,1637.26,3027.84
458,1637.36,3024.62
459,1637.36,3024.62
460,1637.36,3024.62
461,1637.36,3024.62
462,1637.36,3024.62
463,1637.36,3024.62
464,1637.36,3024.62
465,1637.36,3024.62
466,1637.36,3024.62
467,1637.36,3024.62
468,1636.88,3022.85
469,1636.4,3021.19
470,1635.93,3019.41
471,1635.45,3017.75
472,1634.97,3015.98
473,1636.21,3009.88
474,1637.45,3003.67
475,1638.69,2997.46
476,1639.93,2991.36
477,1641.17,2985.15
478,1642.41,2979.06
479,1643.65,2972.85
480,1644.88,2966.75
481,1646.12,2960.54
482,1647.36,2954.44
483,1648.89,2945.46
484,1650.31,2936.59
485,1651.84,2927.61
486,1653.36,2918.63
487,1654.79,2909.65
488,1656.32,2900.78
489,1657.84,2891.8
490,1659.37,2882.82
491,1660.8,2873.95
492,1662.32,2864.97
493,1662.13,2849.11
494,1662.03,2833.26
495,1661.84,2817.29
496,1661.65,2801.44
497,1661.56,2785.58
498,1661.37,2769.73
499,1661.18,2753.87
500,1661.08,2737.91
501,1660.89,2722.05
502,1660.7,2706.2
503,1660.6,2690.34
504,1660.41,2674.49
505,1660.22,2658.63
506,1660.13,2642.67
507,1659.94,2626.81
508,1659.75,2610.96
509,1659.65,2595.1
510,1659.46,2579.25
511,1659.27,2563.28
512,1659.18,2547.43
513,1658.98,2531.57
514,1660.22,2519.71
515,1661.56,2507.84
516,1662.8,2495.87
517,1664.03,2484.01
518,1665.27,2472.14
519,1666.51,2460.17
520,1667.85,2448.3
521,1669.08,2436.44
522,1673.09,2428.46
523,1676.99,2420.59
524,1680.99,2412.6
525,1685.0,2404.62
526,1689.0,2396.64
527,1692.9,2388.77
528,1696.91,2380.78
529,1712.53,2363.6
530,1728.06,2346.52
531,1743.69,2329.34
532,1759.22,2312.26
533,1774.84,2295.08
534,1777.03,2293.53
535,1779.23,2291.97
536,1781.51,2290.53
537,1783.7,2288.98
538,1785.9,2287.43
539,1788.09,2285.88
540,1790.28,2284.32
541,1792.57,2282.88
542,1794.76,2281.33
543,1796.95,2279.78
544,1794.57,2277.12
545,1796.76,2275.45
546,1798.85,2273.79
547,1801.04,2272.02
548,1803.14,2270.35
549,1803.14,2270.24
550,1803.14,2270.02
551,1803.05,2269.91
552,1803.05,2269.8
553,1803.05,2269.69
554,1803.05,2269.47
555,1802.95,2269.36
556,1802.95,2269.24
557,1802.95,2269.02
558,1802.95,2268.91
559,1802.86,2268.8
560,1802.86,2268.69
561,1802.86,2268.47
562,1802.86,2268.36
563,1802.76,2268.25
564,1802.76,2268.02
565,1802.76,2267.91
566,1802.76,2267.8
567,1802.66,2267.69
568,1802.66,2267.47
569,1802.66,2267.36
570,1802.66,2267.36
571,1802.66,2267.36
572,1802.66,2267.36
573,1802.66,2267.36
574,1802.66,2267.36
575,1802.66,2267.36
576,1802.66,2267.36
577,1802.66,2267.36
578,1802.66,2267.36
579,1802.66,2267.36
580,1802.66,2267.36
581,1802.66,2267.36
582,1802.66,2267.36
583,1802.66,2267.36
584,1802.66,2267.36
585,1802.66,2267.36
586,1802.66,2267.36
587,1802.66,2267.36
588,1802.66,2267.36
589,1802.66,2267.36
590,1802.66,2267.36
591,1802.66,2267.36
592,1802.66,2267.36
593,1802.66,2267.36
594,1802.66,2267.36
595,1802.66,2267.36
596,1802.66,2267.36
597,1802.66,2267.36
598,1803.14,2267.14
599,1803.62,2266.92
600,1804.0,2266.69
601,1804.47,2266.47
602,1804.95,2266.25
603,1805.43,2266.03
604,1805.9,2265.81
605,1806.38,2265.59
606,1806.76,2265.36
607,1807.24,2265.14
608,1807.71,2264.92
609,1807.81,2264.92
610,1807.81,2264.92
611,1807.9,2264.81
612,1808.0,2264.81
613,1808.0,2264.81
614,1808.1,2264.81
615,1808.19,2264.7
616,1808.19,2264.7
617,1808.29,2264.7
618,1808.38,2264.7
619,1808.38,2264.59
620,1808.48,2264.59
621,1808.57,2264.59
622,1808.67,2264.59
623,1808.67,2264.59
624,1808.76,2264.48
625,1808.86,2264.48
626,1808.86,2264.48
627,1808.95,2264.48
628,1809.05,2264.37
629,1809.05,2264.37
630,1809.14,2264.37
631,1813.91,2263.48
632,1821.82,2262.59
633,1829.82,2261.71
634,1837.73,2260.82
635,1845.73,2259.82
636,1853.64,2258.93
637,1861.64,2258.05
638,1869.55,2257.16
639,1877.84,2247.4
640,1886.13,2237.65
641,1894.51,2227.89
642,1902.8,2218.13
643,1911.09,2208.49
644,1919.38,2198.73
645,1927.76,2188.97
646,1936.05,2179.22
647,1944.34,2169.46
648,1950.06,2161.36
649,1955.78,2153.16
650,1961.49,2145.07
651,1967.21,2136.86
652,1975.5,2128.66
653,1983.69,2120.45
654,1991.98,2112.14
655,2000.27,2103.93
656,2008.47,2095.73
657,2016.75,2087.52
658,2024.95,2079.32
659,2033.24,2071.11
660,2041.53,2062.8
661,2049.72,2054.59
662,2058.01,2046.39
663,2060.11,2036.41
664,2062.11,2026.43
665,2064.2,2016.45
666,2066.2,2006.47
667,2068.21,1996.5
668,2070.3,1986.52
669,2072.4,1976.54
670,2074.4,1966.56
671,2075.07,1962.57
672,2075.64,1958.47
673,2076.3,1954.48
674,2076.97,1950.48
675,2077.54,1946.38
676,2078.21,1942.39
677,2078.88,1938.29
678,2079.45,1934.3
679,2080.11,1930.3
680,2080.69,1926.2
681,2081.35,1922.21
682,2082.02,1918.22
683,2082.59,1914.12
684,2083.26,1910.13
685,2085.16,1896.38
686,2087.07,1882.63
687,2089.07,1868.88
688,2090.98,1855.13
689,2092.88,1841.27
690,2094.88,1827.53
691,2096.79,1813.78
692,2098.69,1800.03
693,2090.21,1796.15
694,2086.78,1787.17
695,2083.35,1778.08
696,2079.92,1769.09
697,2076.49,1760.11
698,2073.16,1751.02
699,2069.73,1742.04
700,2066.3,1733.06
701,2062.87,1723.97
702,2059.44,1714.99
703,2058.68,1707.34
704,2057.82,1699.69
705,2057.06,1692.04
706,2056.3,1684.39
707,2055.44,1676.74
708,2054.68,1669.09
709,2053.91,1661.44
710,2053.15,1653.9
711,2052.29,1646.25
712,2051.53,1638.6
713,2050.77,1630.95
714,2049.91,1623.3
715,2049.15,1615.65
716,2048.39,1608.0
717,2047.53,1600.35
718,2046.77,1592.7
719,2035.33,1547.9
720,2023.81,1503.22
721,2012.28,1458.43
722,2000.84,1413.64
723,1997.7,1388.8
724,1994.55,1364.07
725,1991.41,1339.24
726,1988.27,1314.4
727,1985.12,1289.68
728,1981.98,1264.84
729,1978.83,1240.01
730,1975.69,1215.28
731,1972.55,1190.45
732,1974.83,1175.81
733,1977.12,1161.07
734,1979.41,1146.43
735,1981.6,1131.68
736,1983.88,1117.05
737,1986.17,1102.3
738,1988.46,1087.67
739,1990.74,1072.92
740,1993.03,1058.29
741,1995.32,1043.54
742,1997.6,1028.9
743,1999.8,1014.27
744,2002.08,999.52
745,2004.37,984.89
746,2006.66,970.14
747,2008.94,955.51
748,2011.23,940.76
749,2013.52,926.12
750,2015.71,911.38
751,2017.99,896.74
752,2020.28,882.0
753,2022.57,867.36
754,2025.23,862.59
755,2027.9,857.83
756,2030.57,853.17
757,2033.14,848.4
758,2035.81,843.64
759,2038.48,838.87
760,2041.15,834.21
761,2043.81,829.44
762,2046.48,824.68
763,2049.15,819.91
764,2051.72,815.14
765,2054.39,810.48
766,2057.06,805.72
767,2059.73,800.95
768,2062.39,796.18
769,2065.06,791.52
770,2067.63,786.76
771,2070.3,781.99
772,2072.97,777.22
773,2075.64,772.45
774,2078.3,767.8
775,2080.97,763.03
776,2083.64,758.26
777,2086.21,753.5
778,2088.88,748.84
779,2091.55,744.07
780,2094.22,739.3
781,2094.22,739.3
782,2094.22,739.3
783,2094.22,739.3
784,2094.22,739.3
785,2094.22,739.3
786,2094.22,739.3
787,2094.22,739.3
788,2094.22,739.3
789,2094.22,739.3
790,2094.22,739.3
791,2094.22,739.3
792,2094.22,739.3
793,2094.22,739.3
794,2094.22,739.3
795,2094.22,739.3
796,2094.22,739.3
797,2094.22,739.3
798,2094.22,739.3
799,2094.22,739.3
800,2094.22,739.3
801,2094.22,739.3
802,2094.22,739.3
803,2094.22,739.3
804,2094.22,739.3
805,2094.22,739.3
806,2094.22,739.3
807,2094.22,739.3
808,2094.22,739.3
809,2094.22,739.3
810,2094.22,739.3
811,2094.22,739.3
812,2094.22,739.3
813,2094.22,739.3
814,2094.6,739.3
815,2095.07,739.3
816,2095.45,739.3
817,2095.84,739.3
818,2096.31,739.3
819,2096.69,739.19
820,2097.07,739.19
821,2097.46,739.19
822,2097.93,739.19
823,2098.31,739.19
824,2101.74,734.2
825,2105.27,729.21
826,2108.7,724.22
827,2112.13,719.24
828,2115.65,714.25
829,2119.08,709.26
830,2122.51,704.27
831,2126.04,699.28
832,2129.47,694.29
833,2134.52,686.2
834,2139.47,678.21
835,2144.52,670.12
836,2149.48,662.02
837,2154.53,654.04
838,2159.48,645.95
839,2164.53,637.85
840,2169.49,629.87
841,2174.54,621.78
842,2177.01,616.23
843,2179.59,610.58
844,2182.06,605.04
845,2184.54,599.49
846,2187.02,593.95
847,2189.59,588.29
848,2192.07,582.75
849,2194.54,577.21
850,2197.02,571.66
851,2199.59,566.01
852,2202.07,560.46
853,2203.02,559.25
854,2203.98,558.03
855,2204.93,556.81
856,2205.88,555.59
857,2206.83,554.37
858,2207.69,553.15
859,2208.65,551.93
860,2209.6,550.71
861,2210.55,549.49
862,2211.5,548.27
863,2212.46,546.94
864,2213.41,545.72
865,2214.36,544.5
866,2215.31,543.28
867,2216.27,542.06
868,2217.12,540.84
869,2218.08,539.62
870,2219.03,538.4
871,2219.98,537.18
872,2220.94,535.96
873,2221.89,534.74
874,2225.13,527.42
875,2228.46,520.11
876,2231.7,512.79
877,2225.41,508.91
878,2219.03,504.92
879,2212.74,501.04
880,2206.36,497.16
881,2200.07,493.28
882,2193.69,489.28
883,2187.4,485.4
884,2181.01,481.52
885,2174.73,477.64
886,2168.34,473.65
887,2162.05,469.77
888,2151.67,462.01
889,2141.28,454.25
890,2130.99,446.49
891,2120.61,438.73
892,2110.22,430.96
893,2107.36,421.98
894,2104.41,413.11
895,2101.55,404.13
896,2098.69,395.15
897,2095.84,386.28
898,2092.88,377.3
899,2090.02,368.43
900,2087.17,359.45
901,2084.31,350.47
902,2081.35,341.6
903,2078.5,332.62
904,2076.78,326.97
905,2075.16,321.2
906,2073.45,315.55
907,2071.73,309.89
908,2070.11,304.24
909,2068.4,298.47
910,2066.68,292.82
911,2065.06,287.16
912,2063.35,281.4
913,2061.63,275.74
914,2060.01,270.09
915,2058.3,264.43
916,2056.58,258.67
917,2054.87,253.01
918,2053.25,247.36
919,2051.53,241.7
920,2049.82,235.94
921,2048.2,230.28
922,2046.48,224.63
923,2044.77,218.86
924,2043.15,213.21
925,2041.43,207.55
926,2039.72,201.9
927,2038.1,196.13
928,2036.38,190.48
929,1999.41,177.06
930,1998.46,176.84
931,1997.41,176.62
932,1996.46,176.4
933,1995.51,176.18
934,1994.46,176.07
935,1993.51,175.85
936,1992.46,175.62
937,1991.51,175.4
