0,758.8,2995.69
1,758.13,2995.46
2,757.37,2995.24
3,756.6,2995.02
4,755.84,2994.8
5,755.08,2994.58
6,754.41,2994.36
7,753.65,2994.13
8,752.89,2993.91
9,748.22,2991.58
10,743.46,2989.26
11,738.79,2987.04
12,734.12,2984.71
13,729.36,2982.38
14,724.69,2980.05
15,720.02,2977.73
16,715.25,2975.51
17,710.59,2973.18
18,705.82,2970.85
19,701.15,2968.52
20,696.48,2966.19
21,691.72,2963.98
22,687.05,2961.65
23,682.38,2959.32
24,677.62,2956.99
25,672.95,2954.66
26,668.28,2952.45
27,663.52,2950.12
28,658.85,2947.79
29,656.66,2946.46
30,654.56,2945.24
31,652.37,2944.02
32,650.18,2942.69
33,648.08,2941.36
34,645.89,2940.14
35,643.7,2938.81
36,641.51,2937.59
37,639.41,2936.37
38,637.22,2935.04
39,636.65,2934.48
40,635.98,2933.82
41,635.41,2933.26
42,634.84,2932.6
43,634.27,2932.05
44,633.6,2931.49
45,633.03,2930.83
46,632.46,2930.27
47,631.79,2929.61
48,631.22,2929.05
49,631.22,2929.05
50,631.22,2929.05
51,631.22,2929.05
52,631.22,2929.05
53,631.22,2929.05
54,631.22,2929.05
55,631.22,2929.05
56,631.22,2929.05
57,631.22,2929.05
58,631.22,2929.05
59,631.22,2929.05
60,631.22,2929.05
61,631.22,2929.05
62,631.22,2929.05
63,631.22,2929.05
64,631.22,2929.05
65,631.22,2929.05
66,631.22,2929.05
67,631.22,2929.05
68,631.22,2929.05
69,629.6,2928.28
70,627.98,2927.5
71,626.36,2926.72
72,624.74,2925.95
73,623.12,2925.17
74,621.5,2924.4
75,619.88,2923.62
76,618.26,2922.84
77,616.64,2922.07
78,615.12,2921.4
79,613.5,2920.63
80,611.88,2919.85
81,610.26,2919.07
82,608.64,2918.3
83,607.02,2917.52
84,605.4,2916.74
85,603.78,2915.97
86,602.16,2915.19
87,602.16,2915.19
88,602.16,2915.19
89,602.16,2915.19
90,602.16,2915.19
91,602.16,2915.19
92,602.16,2915.19
93,602.16,2915.19
94,602.16,2915.19
95,602.16,2915.19
96,602.16,2915.19
97,602.16,2915.19
98,602.16,2915.19
99,602.16,2915.19
100,602.16,2915.19
101,602.16,2915.19
102,602.16,2915.19
103,602.16,2915.19
104,602.16,2915.19
105,602.16,2915.19
106,602.16,2915.19
107,602.16,2915.19
108,602.16,2915.19
109,602.16,2915.19
110,602.16,2915.19
111,602.16,2915.19
112,602.16,2915.19
113,602.16,2915.19
114,602.16,2915.19
115,602.16,2915.19
116,602.16,2915.19
117,602.16,2915.19
118,602.16,2915.19
119,602.16,2915.19
120,602.16,2915.19
121,602.16,2915.19
122,602.16,2915.19
123,602.16,2915.19
124,602.16,2915.19
125,602.16,2915.19
126,602.16,2915.19
127,601.87,2915.08
128,601.49,2915.08
129,601.21,2914.97
130,600.82,2914.86
131,600.54,2914.75
132,600.16,2914.75
133,599.87,2914.64
134,599.49,2914.53
135,599.2,2914.53
136,598.82,2914.42
137,598.54,2914.31
138,598.16,2914.19
139,597.87,2914.19
140,597.49,2914.08
141,597.2,2913.97
142,596.82,2913.97
143,596.54,2913.86
144,596.16,2913.75
145,595.87,2913.64
146,595.49,2913.64
147,595.2,2913.53
148,595.2,2913.53
149,595.2,2913.53
150,595.2,2913.53
151,595.2,2913.53
152,595.2,2913.53
153,595.2,2913.53
154,595.2,2913.53
155,595.2,2913.53
156,595.2,2913.53
157,595.2,2913.53
158,595.2,2913.53
159,595.2,2913.53
160,595.2,2913.53
161,595.2,2913.53
162,595.2,2913.53
163,595.2,2913.53
164,595.2,2913.53
165,595.2,2913.53
166,595.2,2913.53
167,595.2,2913.53
168,595.2,2913.53
169,595.2,2913.53
170,595.2,2913.53
171,595.2,2913.53
172,595.2,2913.53
173,595.2,2913.53
174,595.2,2913.53
175,595.2,2913.53
176,595.2,2913.53
177,595.2,2913.53
178,595.2,2913.53
179,595.2,2913.53
180,595.2,2913.53
181,595.2,2913.53
182,595.2,2913.53
183,595.2,2913.53
184,595.2,2913.53
185,595.2,2913.53
186,595.2,2913.53
187,594.73,2913.53
188,594.35,2913.53
189,593.87,2913.53
190,593.49,2913.53
191,593.01,2913.53
192,592.54,2913.53
193,592.15,2913.53
194,591.68,2913.53
195,591.3,2913.53
196,590.82,2913.53
197,590.34,2913.42
198,589.96,2913.42
199,589.49,2913.42
200,589.11,2913.42
201,588.63,2913.42
202,588.15,2913.42
203,587.77,2913.42
204,587.3,2913.42
205,586.91,2913.42
206,586.44,2913.42
207,583.1,2912.31
208,579.77,2911.31
209,576.53,2910.31
210,573.19,2909.21
211,569.86,2908.21
212,566.52,2907.1
213,563.19,2906.1
214,559.95,2904.99
215,556.62,2903.99
216,553.28,2902.89
217,551.76,2900.11
218,550.23,2897.34
219,548.71,2894.57
220,547.18,2891.8
221,545.66,2889.14
222,544.23,2886.37
223,542.7,2883.59
224,541.18,2880.82
225,539.66,2878.05
226,538.13,2875.28
227,538.89,2874.28
228,539.75,2873.39
229,540.51,2872.4
230,541.37,2871.51
231,542.13,2870.51
232,542.9,2869.51
233,543.75,2868.63
234,544.52,2867.63
235,545.37,2866.74
236,546.13,2865.74
237,547.37,2863.53
238,548.61,2861.2
239,549.95,2858.98
240,551.18,2856.65
241,552.42,2854.43
242,553.66,2852.11
243,554.9,2849.89
244,556.14,2847.67
245,557.47,2845.34
246,558.71,2843.12
247,559.95,2840.8
248,561.19,2838.58
249,563.38,2835.25
250,565.48,2831.93
251,567.67,2828.6
252,569.86,2825.27
253,571.96,2821.95
254,574.15,2818.62
255,576.34,2815.3
256,578.43,2811.97
257,580.63,2808.75
258,582.82,2805.43
259,584.91,2802.1
260,587.1,2798.78
261,589.3,2795.45
262,591.39,2792.12
263,593.58,2788.8
264,595.77,2785.47
265,597.87,2782.14
266,600.06,2778.82
267,602.16,2775.82
268,604.25,2772.83
269,606.45,2769.95
270,608.54,2766.95
271,610.64,2763.96
272,612.73,2760.97
273,614.83,2757.97
274,617.02,2755.09
275,619.12,2752.1
276,621.21,2749.1
277,621.98,2745.33
278,622.64,2741.68
279,623.41,2737.91
280,624.17,2734.14
281,624.93,2730.37
282,625.6,2726.71
283,626.36,2722.94
284,627.12,2719.17
285,627.79,2715.51
286,628.55,2711.74
287,631.22,2708.64
288,633.79,2705.42
289,636.46,2702.32
290,639.03,2699.21
291,641.7,2696.11
292,644.37,2692.89
293,646.94,2689.79
294,649.61,2686.68
295,652.18,2683.47
296,654.85,2680.36
297,657.32,2679.03
298,659.8,2677.81
299,663.71,2680.14
300,667.71,2682.58
301,673.9,2687.35
302,680.0,2692.12
303,686.19,2696.99
304,692.39,2701.76
305,698.48,2706.53
306,704.68,2711.3
307,710.87,2716.06
308,717.06,2720.94
309,723.16,2725.71
310,729.36,2730.48
311,731.36,2731.59
312,733.26,2732.7
313,735.26,2733.8
314,737.26,2734.91
315,739.17,2736.02
316,741.17,2737.13
317,743.08,2738.24
318,745.08,2739.24
319,747.08,2740.35
320,748.98,2741.45
321,750.98,2742.56
322,752.98,2743.67
323,754.89,2744.78
324,756.89,2745.89
325,758.89,2747.0
326,760.8,2748.11
327,762.8,2749.22
328,764.8,2750.32
329,766.7,2751.43
330,768.7,2752.54
331,770.61,2753.54
332,772.61,2754.65
333,774.61,2755.76
334,776.52,2756.87
335,778.52,2757.97
336,780.52,2759.08
337,782.43,2760.19
338,784.43,2761.3
339,786.14,2761.97
340,787.86,2762.63
341,789.67,2763.41
342,791.38,2764.07
343,793.1,2764.74
344,794.81,2765.4
345,796.53,2766.07
346,798.24,2766.73
347,800.05,2767.51
348,801.77,2768.17
349,803.48,2768.84
350,816.06,2779.59
351,817.77,2780.7
352,819.58,2781.81
353,821.3,2783.03
354,823.11,2784.14
355,824.82,2785.25
356,826.63,2786.36
357,828.35,2787.47
358,830.16,2788.69
359,831.97,2789.79
360,833.68,2790.9
361,835.4,2791.24
362,837.02,2791.57
363,838.73,2791.79
364,840.45,2792.12
365,842.07,2792.46
366,843.78,2792.79
367,845.5,2793.12
368,847.21,2793.34
369,848.83,2793.68
370,850.55,2794.01
371,852.07,2792.12
372,853.69,2790.24
373,855.22,2788.35
374,856.84,2786.58
375,858.36,2784.69
376,859.98,2782.81
377,861.51,2780.93
378,863.13,2779.04
379,864.75,2777.16
380,866.27,2775.38
381,867.79,2773.5
382,869.41,2771.61
383,870.94,2769.73
384,872.56,2767.84
385,874.08,2765.96
386,875.7,2764.07
387,877.23,2762.3
388,878.85,2760.41
389,880.37,2758.53
390,881.99,2756.64
391,881.99,2756.53
392,882.09,2756.53
393,882.09,2756.42
394,882.09,2756.42
395,882.18,2756.31
396,882.18,2756.2
397,882.18,2756.2
398,882.18,2756.09
399,882.28,2756.09
400,882.28,2755.98
401,882.28,2755.98
402,882.28,2755.98
403,882.28,2755.98
404,882.28,2755.98
405,882.28,2755.98
406,882.28,2755.98
407,882.28,2755.98
408,882.28,2755.98
409,882.28,2755.98
410,882.28,2755.98
411,882.28,2755.98
412,882.28,2755.98
413,882.28,2755.98
414,882.28,2755.98
415,882.28,2755.98
416,882.28,2755.98
417,882.28,2755.98
418,882.28,2755.98
419,882.28,2755.98
420,882.28,2755.98
421,882.37,2755.42
422,882.47,2754.98
423,882.66,2754.43
424,882.75,2753.87
425,882.85,2753.43
426,882.94,2752.87
427,883.04,2752.32
428,883.23,2751.77
429,883.32,2751.32
430,883.42,2750.77
431,885.42,2746.44
432,887.42,2742.12
433,889.42,2737.8
434,891.42,2733.58
435,893.42,2729.26
436,895.43,2724.93
437,897.43,2720.61
438,899.43,2716.29
439,901.43,2711.96
440,903.43,2707.64
441,905.43,2703.42
442,907.43,2699.1
443,909.43,2694.78
444,911.43,2690.45
445,913.43,2686.13
446,915.43,2681.8
447,917.43,2677.59
448,919.44,2673.27
449,921.44,2668.94
450,923.44,2664.62
451,923.63,2663.84
452,923.82,2663.18
453,924.01,2662.4
454,924.2,2661.74
455,924.39,2660.96
456,924.68,2660.18
457,924.87,2659.52
458,925.06,2658.74
459,925.25,2658.08
460,925.44,2657.3
461,925.44,2657.3
462,925.44,2657.3
463,925.44,2657.3
464,925.44,2657.3
465,925.44,2657.3
466,925.44,2657.3
467,925.44,2657.3
468,925.44,2657.3
469,925.44,2657.3
470,925.44,2657.3
471,925.44,2657.3
472,925.44,2657.3
473,925.44,2657.3
474,925.44,2657.3
475,925.44,2657.3
476,925.44,2657.3
477,925.44,2657.3
478,925.44,2657.3
479,925.44,2657.3
480,925.44,2657.3
481,925.91,2656.64
482,926.39,2655.86
483,926.87,2655.19
484,927.34,2654.42
485,927.82,2653.75
486,929.63,2650.43
487,931.44,2645.66
488,933.25,2641.0
489,935.06,2636.24
490,936.87,2631.47
491,938.68,2626.81
492,940.49,2622.04
493,942.3,2617.28
494,944.11,2612.62
495,945.92,2607.85
496,947.73,2603.08
497,949.54,2598.43
498,951.35,2593.66
499,953.16,2589.0
500,954.97,2584.24
501,956.78,2579.47
502,958.59,2574.81
503,960.4,2570.04
504,962.22,2565.28
505,964.03,2560.62
506,965.84,2555.85
507,966.03,2555.41
508,966.12,2554.97
509,966.31,2554.52
510,966.41,2554.08
511,966.6,2553.63
512,966.79,2553.19
513,966.88,2552.75
514,967.07,2552.3
515,967.17,2551.86
516,967.36,2551.42
517,967.36,2551.42
518,967.36,2551.42
519,967.36,2551.42
520,967.36,2551.42
521,967.36,2551.42
522,967.36,2551.42
523,967.36,2551.42
524,967.36,2551.42
525,967.36,2551.42
526,967.36,2551.42
527,967.46,2550.64
528,967.65,2549.98
529,967.74,2549.31
530,967.93,2548.53
531,968.12,2547.87
532,968.22,2547.09
533,968.31,2546.43
534,968.5,2545.65
535,968.69,2544.99
536,968.79,2544.21
537,971.55,2536.89
538,974.32,2529.46
539,977.17,2522.15
540,979.94,2514.72
541,982.7,2507.4
542,985.46,2500.08
543,988.23,2492.65
544,991.08,2485.34
545,993.85,2477.91
546,996.61,2470.59
547,998.23,2465.38
548,999.85,2460.17
549,1001.47,2455.07
550,1003.18,2449.86
551,1004.8,2444.65
552,1006.42,2439.55
553,1008.04,2434.33
554,1009.66,2429.12
555,1011.28,2423.91
556,1013.0,2418.7
557,1014.62,2413.6
558,1016.24,2408.39
559,1017.86,2403.18
560,1019.48,2398.08
561,1021.1,2392.87
562,1022.72,2387.66
563,1024.43,2382.45
564,1026.05,2377.24
565,1027.67,2372.14
566,1029.29,2366.92
567,1029.29,2366.92
568,1029.29,2366.92
569,1029.29,2366.92
570,1029.29,2366.92
571,1029.29,2366.92
572,1029.29,2366.92
573,1029.29,2366.92
574,1029.29,2366.92
575,1029.29,2366.92
576,1029.29,2366.92
577,1029.29,2366.92
578,1029.29,2366.92
579,1029.29,2366.92
580,1029.29,2366.92
581,1029.29,2366.92
582,1029.29,2366.92
583,1029.29,2366.92
584,1029.29,2366.92
585,1029.29,2366.92
586,1029.29,2366.92
587,1029.29,2366.92
588,1029.29,2366.92
589,1029.29,2366.92
590,1029.29,2366.92
591,1029.29,2366.92
592,1029.29,2366.92
593,1029.29,2366.92
594,1029.29,2366.92
595,1029.29,2366.92
596,1029.29,2366.92
597,1029.29,2366.92
598,1029.29,2366.92
599,1029.29,2366.92
600,1029.29,2366.92
601,1029.29,2366.92
602,1029.29,2366.92
603,1029.29,2366.92
604,1029.29,2366.92
605,1029.29,2366.92
606,1029.29,2366.92
607,1029.29,2366.92
608,1029.39,2366.81
609,1029.39,2366.81
610,1029.48,2366.81
611,1029.48,2366.7
612,1029.58,2366.7
613,1029.58,2366.7
614,1029.67,2366.7
615,1029.67,2366.59
616,1029.67,2366.59
617,1029.77,2366.59
618,1029.77,2366.48
619,1029.86,2366.48
620,1029.86,2366.48
621,1029.96,2366.37
622,1029.96,2366.37
623,1030.05,2366.37
624,1030.05,2366.37
625,1030.15,2366.26
626,1030.15,2366.26
627,1030.15,2366.26
628,1030.15,2366.26
629,1030.15,2366.26
630,1030.15,2366.26
631,1030.15,2366.26
632,1030.15,2366.26
633,1030.15,2366.26
634,1030.15,2366.26
635,1030.15,2366.26
636,1030.15,2366.26
637,1030.15,2366.26
638,1030.15,2366.26
639,1030.15,2366.26
640,1030.15,2366.26
641,1030.15,2366.26
642,1030.15,2366.26
643,1030.15,2366.26
644,1030.15,2366.26
645,1030.15,2366.26
646,1030.15,2366.26
647,1030.15,2366.26
648,1030.15,2366.26
649,1030.15,2366.26
650,1030.15,2366.26
651,1030.15,2366.26
652,1030.15,2366.26
653,1030.15,2366.26
654,1030.15,2366.26
655,1030.15,2366.26
656,1031.01,2364.04
657,1031.86,2361.82
658,1032.72,2359.5
659,1033.58,2357.28
660,1034.44,2355.06
661,1035.39,2352.84
662,1036.25,2350.63
663,1037.1,2348.41
664,1037.96,2346.08
665,1038.82,2343.86
666,1039.68,2341.64
667,1040.91,2336.88
668,1042.25,2332.11
669,1043.49,2327.34
670,1044.82,2322.69
671,1046.06,2317.92
672,1047.3,2313.15
673,1048.63,2308.38
674,1049.87,2303.62
675,1051.2,2298.85
676,1052.44,2294.19
677,1053.68,2289.42
678,1055.02,2284.66
679,1056.25,2279.89
680,1057.59,2275.12
681,1058.83,2270.35
682,1060.07,2265.59
683,1061.4,2260.93
684,1062.64,2256.16
685,1063.97,2251.39
686,1065.21,2246.63
687,1065.21,2241.64
688,1065.21,2236.76
689,1065.21,2231.77
690,1065.21,2226.89
691,1065.21,2221.9
692,1060.73,2219.8
693,1056.25,2217.58
694,1051.87,2215.36
695,1047.39,2213.25
696,1036.06,2213.7
697,1024.62,2214.14
698,1013.28,2214.58
699,1001.85,2215.03
700,990.51,2215.58
701,979.08,2216.03
702,967.74,2216.47
703,956.31,2216.91
704,944.87,2217.36
705,933.54,2217.8
706,918.48,2217.58
707,903.43,2217.47
708,888.37,2217.24
709,873.32,2217.13
710,858.27,2216.91
711,843.21,2216.8
712,828.16,2216.69
713,813.1,2216.47
714,798.05,2216.36
715,783.0,2216.14
716,770.13,2215.36
717,757.18,2214.47
718,744.31,2213.7
719,731.45,2212.81
720,718.49,2211.92
721,705.63,2211.15
722,692.77,2210.26
723,679.91,2209.48
724,666.95,2208.6
725,654.09,2207.82
726,642.94,2205.16
727,631.89,2202.5
728,620.74,2199.84
729,609.69,2197.18
730,598.54,2194.41
731,587.49,2191.74
732,576.34,2189.08
733,565.29,2186.42
734,554.14,2183.76
735,543.09,2181.1
736,531.94,2178.44
737,520.89,2175.78
738,509.74,2173.01
739,498.69,2170.35
740,487.54,2167.68
741,476.49,2165.02
742,465.34,2162.36
743,454.29,2159.7
744,443.14,2157.04
745,432.09,2154.38
746,420.94,2151.61
747,409.89,2148.95
748,398.74,2146.29
749,387.69,2143.63
750,376.54,2140.96
751,345.38,2126.22
752,314.13,2111.58
753,282.98,2096.84
754,251.73,2082.2
755,220.57,2067.46
756,208.28,2062.02
757,195.89,2056.59
758,183.6,2051.16
759,171.22,2045.72
760,158.92,2040.29
761,146.63,2034.86
762,134.25,2029.31
763,121.96,2023.88
764,109.57,2018.45
765,97.28,2013.02
766,84.89,2007.58
767,72.6,2002.15
