0,2462.18,3817.15
1,2462.18,3817.15
2,2462.18,3817.15
3,2462.18,3817.15
4,2462.18,3817.15
5,2462.18,3817.15
6,2462.18,3817.15
7,2462.18,3817.15
8,2462.18,3817.15
9,2462.18,3817.15
10,2462.18,3817.15
11,2462.18,3817.15
12,2462.18,3817.15
13,2462.18,3817.15
14,2462.18,3817.15
15,2462.18,3817.15
16,2462.18,3817.15
17,2462.18,3817.15
18,2462.18,3817.15
19,2462.18,3817.15
20,2462.18,3817.15
21,2462.18,3817.15
22,2462.18,3817.15
23,2462.18,3817.15
24,2462.18,3817.15
25,2462.18,3817.15
26,2462.18,3817.15
27,2462.18,3817.15
28,2462.18,3817.15
29,2462.18,3817.15
30,2462.18,3817.15
31,2462.18,3817.15
32,2462.18,3817.15
33,2462.18,3817.15
34,2462.18,3817.15
35,2462.18,3817.15
36,2462.18,3817.15
37,2462.18,3817.15
38,2462.18,3817.15
39,2462.18,3817.15
40,2462.18,3817.15
41,2462.18,3817.15
42,2462.18,3817.15
43,2462.18,3817.15
44,2462.18,3817.15
45,2462.18,3817.15
46,2462.18,3817.15
47,2462.18,3817.15
48,2462.18,3817.15
49,2462.18,3817.15
50,2462.18,3817.15
51,2462.18,3817.15
52,2462.18,3817.15
53,2462.18,3817.15
54,2462.18,3817.15
55,2462.18,3817.15
56,2462.18,3817.15
57,2462.18,3817.15
58,2462.18,3817.15
59,2462.18,3817.15
60,2462.18,3817.15
61,2462.18,3817.15
62,2462.18,3817.15
63,2462.18,3817.15
64,2462.18,3817.15
65,2462.18,3817.15
66,2462.18,3817.15
67,2462.18,3817.15
68,2462.18,3817.15
69,2462.18,3817.15
70,2462.18,3817.15
71,2462.18,3817.15
72,2462.18,3817.15
73,2462.18,3817.15
74,2462.18,3817.15
75,2462.18,3817.15
76,2462.18,3817.15
77,2462.18,3817.15
78,2462.18,3817.15
79,2462.18,3817.15
80,2462.18,3817.15
81,2462.18,3817.15
82,2462.18,3817.15
83,2462.18,3817.15
84,2462.18,3817.15
85,2462.18,3817.15
86,2462.18,3817.15
87,2462.18,3817.15
88,2462.18,3817.15
89,2462.18,3817.15
90,2462.18,3817.15
91,2462.18,3817.15
92,2462.18,3817.15
93,2462.18,3817.15
94,2462.18,3817.15
95,2462.18,3817.15
96,2462.18,3817.15
97,2462.18,3817.15
98,2462.18,3817.15
99,2462.18,3817.15
100,2462.18,3817.15
101,2462.18,3817.15
102,2462.18,3817.15
103,2462.18,3817.15
104,2462.18,3817.15
105,2462.18,3817.15
106,2462.18,3817.15
107,2462.18,3817.15
108,2461.61,3817.04
109,2460.94,3816.93
110,2460.28,3816.93
111,2459.7,3816.81
112,2459.13,3816.7
113,2458.46,3816.59
114,2457.89,3816.48
115,2457.23,3816.48
116,2456.56,3816.37
117,2455.99,3816.26
118,2456.37,3814.93
119,2456.84,3813.6
120,2457.23,3812.27
121,2457.61,3810.94
122,2458.08,3809.61
123,2458.46,3808.28
124,2458.94,3806.95
125,2459.32,3805.62
126,2459.7,3804.29
127,2460.18,3802.96
128,2460.56,3801.62
129,2463.9,3801.74
130,2467.14,3801.85
131,2470.47,3801.96
132,2473.71,3802.07
133,2477.04,3802.18
134,2480.28,3802.29
135,2483.62,3802.4
136,2486.86,3802.51
137,2490.19,3802.62
138,2493.43,3802.73
139,2496.77,3802.84
140,2500.01,3802.96
141,2503.34,3803.07
142,2506.58,3803.18
143,2509.91,3803.29
144,2513.15,3803.4
145,2516.49,3803.51
146,2519.73,3803.62
147,2523.06,3803.73
148,2526.3,3803.84
149,2529.64,3803.95
150,2532.88,3804.06
151,2536.21,3804.18
152,2539.45,3804.29
153,2542.79,3804.4
154,2545.83,3805.39
155,2548.79,3806.39
156,2551.84,3807.39
157,2554.89,3808.39
158,2557.84,3809.28
159,2560.89,3810.27
160,2563.94,3811.27
161,2566.89,3812.27
162,2569.94,3813.27
163,2571.94,3812.16
164,2573.94,3811.05
165,2576.04,3809.83
166,2578.04,3808.72
167,2580.04,3807.61
168,2582.04,3806.5
169,2583.66,3802.96
170,2585.28,3799.52
171,2586.8,3795.97
172,2588.42,3792.42
173,2590.04,3788.87
174,2591.66,3785.44
175,2593.28,3781.89
176,2594.81,3778.34
177,2596.43,3774.9
178,2598.05,3771.36
179,2600.62,3766.59
180,2603.19,3761.82
181,2605.76,3756.94
182,2608.34,3752.18
183,2610.91,3747.41
184,2613.39,3742.64
185,2615.96,3737.87
186,2618.53,3732.99
187,2621.1,3728.23
188,2623.68,3723.46
189,2625.01,3720.8
190,2626.25,3718.14
191,2627.58,3715.59
192,2628.82,3712.93
193,2630.16,3710.27
194,2631.39,3707.6
195,2632.73,3704.94
196,2633.97,3702.28
197,2635.3,3699.73
198,2636.64,3697.07
199,2637.87,3694.41
200,2639.21,3691.75
201,2640.45,3689.09
202,2641.78,3686.54
203,2643.02,3683.88
204,2644.35,3681.22
205,2645.59,3678.56
206,2646.93,3675.89
207,2648.26,3673.34
208,2649.5,3670.68
209,2650.83,3668.02
210,2652.07,3665.36
211,2653.4,3662.7
212,2654.64,3660.04
213,2655.98,3657.49
214,2657.22,3654.83
215,2658.55,3652.17
216,2664.08,3641.63
217,2669.7,3631.1
218,2675.22,3620.57
219,2676.94,3617.69
220,2678.75,3614.91
221,2680.46,3612.03
222,2682.18,3609.26
223,2683.99,3606.38
224,2685.7,3603.61
225,2687.42,3600.72
226,2689.23,3597.95
227,2690.94,3595.07
228,2691.13,3594.96
229,2691.32,3594.74
230,2691.61,3594.62
231,2691.8,3594.4
232,2691.99,3594.29
233,2692.18,3594.18
234,2692.47,3593.96
235,2692.66,3593.85
236,2692.85,3593.74
237,2693.04,3593.52
238,2693.33,3593.4
239,2693.52,3593.18
240,2693.71,3593.07
241,2694.37,3592.85
242,2695.14,3592.63
243,2695.8,3592.41
244,2696.57,3592.07
245,2697.23,3591.85
246,2697.99,3591.63
247,2698.76,3591.41
248,2699.42,3591.19
249,2699.42,3590.97
250,2699.33,3590.63
251,2699.33,3590.41
252,2699.23,3590.19
253,2699.23,3589.97
254,2699.14,3589.64
255,2699.14,3589.41
256,2699.04,3589.19
257,2699.04,3588.97
258,2698.95,3588.64
259,2698.95,3588.42
260,2698.95,3588.19
261,2698.85,3587.97
262,2698.85,3587.75
263,2698.76,3587.42
264,2698.76,3587.2
265,2698.66,3586.97
266,2698.66,3586.64
267,2698.57,3586.42
268,2698.57,3586.2
269,2699.42,3584.42
270,2700.28,3582.54
271,2701.14,3580.77
272,2702.0,3578.99
273,2702.85,3577.11
274,2703.71,3575.33
275,2704.57,3573.56
276,2705.43,3571.78
277,2706.28,3569.9
278,2707.14,3568.13
279,2707.52,3566.13
280,2707.9,3564.25
281,2708.38,3562.25
282,2708.76,3560.36
283,2709.14,3558.37
284,2709.52,3556.48
285,2709.9,3554.49
286,2710.38,3552.6
287,2710.76,3550.61
288,2711.14,3548.72
289,2712.48,3546.51
290,2713.72,3544.29
291,2715.05,3542.07
292,2716.38,3539.85
293,2717.62,3537.64
294,2718.96,3535.53
295,2720.29,3533.31
296,2721.62,3531.09
297,2722.86,3528.88
298,2724.2,3526.66
299,2725.43,3525.0
300,2726.77,3523.22
301,2728.01,3521.56
302,2729.34,3519.78
303,2730.58,3518.12
304,2731.91,3516.35
305,2733.15,3514.68
306,2734.49,3512.91
307,2735.82,3511.25
308,2737.06,3509.47
309,2738.87,3508.03
310,2740.68,3506.59
311,2742.49,3505.15
312,2744.3,3503.6
313,2746.11,3502.16
314,2747.92,3500.71
315,2749.73,3499.27
316,2751.54,3497.83
317,2753.35,3496.39
318,2755.16,3494.84
319,2757.07,3493.4
320,2758.88,3491.96
321,2760.69,3490.51
322,2762.5,3489.07
323,2764.31,3487.63
324,2766.12,3486.19
325,2767.93,3484.64
326,2769.74,3483.2
327,2771.55,3481.76
328,2773.36,3480.31
329,2776.41,3477.87
330,2779.46,3475.32
331,2782.51,3472.89
332,2785.55,3470.34
333,2788.6,3467.9
334,2791.65,3465.35
335,2794.7,3462.91
336,2797.75,3460.36
337,2800.8,3457.92
338,2803.85,3455.37
339,2806.9,3452.93
340,2809.85,3451.04
341,2812.8,3449.16
342,2815.76,3447.27
343,2818.71,3445.39
344,2821.67,3443.5
345,2824.71,3441.73
346,2827.67,3439.85
347,2830.62,3437.96
348,2833.58,3436.08
349,2836.53,3434.19
350,2839.48,3432.31
351,2842.05,3429.76
352,2844.72,3427.21
353,2847.3,3424.66
354,2849.87,3422.11
355,2852.54,3419.56
356,2855.11,3417.01
357,2857.68,3414.46
358,2860.25,3411.91
359,2862.92,3409.36
360,2865.49,3406.8
361,2868.07,3404.25
362,2870.73,3401.7
363,2873.31,3399.15
364,2881.79,3393.72
365,2890.27,3388.29
366,2898.75,3382.86
367,2907.23,3377.42
368,2909.13,3374.76
369,2911.04,3372.1
370,2912.94,3369.44
371,2914.75,3366.78
372,2916.66,3364.12
373,2918.56,3361.46
374,2920.47,3358.8
375,2922.37,3356.14
376,2924.28,3353.47
377,2926.19,3350.81
378,2928.0,3348.15
379,2929.9,3345.49
380,2931.81,3342.83
381,2933.71,3340.17
382,2935.62,3337.51
383,2937.52,3334.85
384,2939.43,3332.19
385,2941.24,3329.53
386,2943.15,3326.87
387,2945.05,3324.2
388,2946.96,3321.54
389,2948.96,3318.33
390,2950.96,3315.11
391,2952.86,3312.01
392,2954.86,3308.79
393,2956.87,3305.58
394,2958.87,3302.36
395,2960.87,3299.15
396,2962.77,3296.04
397,2964.77,3292.83
398,2966.77,3289.61
399,2967.82,3287.62
400,2968.87,3285.62
401,2969.92,3283.62
402,2970.97,3281.74
403,2972.01,3279.74
404,2973.06,3277.75
405,2974.21,3275.75
406,2975.25,3273.76
407,2976.3,3271.76
408,2977.35,3269.88
409,2978.4,3267.88
410,2979.45,3265.88
411,2980.49,3263.89
412,2980.97,3261.67
413,2981.54,3259.45
414,2982.02,3257.13
415,2982.59,3254.91
416,2983.07,3252.69
417,2983.64,3250.47
418,2982.11,3248.59
419,2980.68,3246.81
420,2979.16,3244.93
421,2977.73,3243.16
422,2976.21,3241.38
423,2974.68,3239.5
424,2973.25,3237.72
425,2971.73,3235.84
426,2970.39,3234.95
427,2969.06,3234.06
428,2967.63,3233.18
429,2966.3,3232.29
430,2964.96,3231.4
431,2963.63,3230.52
432,2962.3,3229.63
433,2960.87,3228.74
434,2959.53,3227.86
435,2958.2,3226.97
436,2956.87,3226.19
437,2955.53,3225.31
438,2954.2,3224.42
439,2952.77,3223.53
440,2951.43,3222.64
441,2950.1,3221.76
442,2948.77,3220.87
443,2947.43,3219.98
444,2946.0,3219.1
445,2944.67,3218.21
446,2943.34,3217.32
447,2940.95,3215.77
448,2938.57,3214.33
449,2936.19,3212.78
450,2933.81,3211.22
451,2931.43,3209.78
452,2929.04,3208.23
453,2926.66,3206.68
454,2924.28,3205.24
455,2921.9,3203.69
456,2919.9,3202.69
457,2917.9,3201.58
458,2915.9,3200.58
459,2913.89,3199.58
460,2911.89,3198.58
461,2909.8,3197.48
462,2907.8,3196.48
463,2905.8,3195.48
464,2903.8,3194.48
465,2901.79,3193.37
466,2899.79,3192.38
467,2896.84,3191.27
468,2893.98,3190.05
469,2891.03,3188.94
470,2888.07,3187.83
471,2885.12,3186.72
472,2882.26,3185.5
473,2879.31,3184.39
474,2876.36,3183.28
475,2873.4,3182.18
476,2870.54,3180.96
477,2867.59,3179.85
478,2867.02,3178.96
479,2866.54,3178.18
480,2865.97,3177.3
481,2865.4,3176.41
482,2864.92,3175.63
483,2864.35,3174.75
484,2863.78,3173.86
485,2863.3,3173.08
486,2862.73,3172.2
487,2862.16,3171.31
488,2861.68,3170.53
489,2861.11,3169.65
490,2860.54,3168.76
491,2860.06,3167.98
492,2859.49,3167.1
493,2861.02,3164.77
494,2862.44,3162.44
495,2863.97,3160.0
496,2865.49,3157.67
497,2867.02,3155.34
498,2868.45,3153.02
499,2869.97,3150.58
500,2871.5,3148.25
501,2873.02,3145.92
502,2874.45,3143.59
503,2875.97,3141.26
504,2877.5,3138.82
505,2878.93,3136.5
506,2880.45,3134.17
507,2881.98,3131.84
508,2883.5,3129.4
509,2884.93,3127.07
510,2886.45,3124.74
511,2887.88,3122.97
512,2889.31,3121.2
513,2890.84,3119.31
514,2892.27,3117.54
515,2893.7,3115.76
516,2895.12,3113.99
517,2896.55,3112.21
518,2897.98,3110.44
519,2899.51,3108.56
520,2900.94,3106.78
521,2902.37,3105.01
522,2903.13,3103.9
523,2903.89,3102.79
524,2904.65,3101.68
525,2905.42,3100.57
526,2906.18,3099.46
527,2906.94,3098.36
528,2907.7,3097.25
529,2908.46,3096.14
530,2909.23,3095.03
531,2909.99,3093.92
532,2910.75,3092.81
533,2913.51,3090.93
534,2916.28,3089.15
535,2919.04,3087.27
536,2921.8,3085.49
537,2924.57,3083.61
538,2927.23,3081.84
539,2930.0,3079.95
540,2932.76,3078.18
541,2935.52,3076.29
542,2938.29,3074.52
543,2941.05,3072.63
544,2944.19,3073.96
545,2947.34,3075.29
546,2950.58,3076.62
547,2953.72,3077.95
548,2956.87,3079.29
549,2960.01,3080.62
550,2963.25,3081.95
551,2966.39,3083.28
552,2969.54,3084.61
553,2972.68,3085.94
554,2975.92,3087.27
555,2979.07,3088.6
556,2982.21,3089.93
557,2985.35,3091.26
558,2988.5,3092.59
559,2991.74,3093.92
560,2994.88,3095.25
561,2998.03,3096.58
562,3001.17,3097.91
563,3004.41,3099.24
564,3007.55,3100.57
565,3010.7,3101.9
566,3013.84,3103.23
567,3017.08,3104.56
568,3020.23,3105.89
569,3023.37,3107.23
570,3024.42,3107.78
571,3025.47,3108.44
572,3026.51,3109.0
573,3027.56,3109.66
574,3028.61,3110.22
575,3029.66,3110.88
576,3030.71,3111.44
577,3031.75,3112.1
578,3032.71,3112.66
579,3033.75,3113.32
580,3034.8,3113.88
581,3035.85,3114.54
582,3036.9,3115.1
583,3037.95,3115.76
584,3039.0,3116.32
585,3040.04,3116.98
586,3041.09,3117.54
587,3050.14,3118.76
588,3059.19,3119.86
589,3068.25,3121.08
590,3073.39,3121.53
591,3078.44,3122.08
592,3083.59,3122.53
593,3088.64,3122.97
594,3093.78,3123.41
595,3098.83,3123.97
596,3103.97,3124.41
597,3109.02,3124.85
598,3114.17,3125.3
599,3119.22,3125.85
600,3124.36,3126.3
601,3129.7,3126.74
602,3135.04,3127.18
603,3140.28,3127.52
604,3145.61,3127.96
605,3150.95,3128.4
606,3156.28,3128.85
607,3161.62,3129.29
608,3166.86,3129.62
609,3172.19,3130.07
610,3177.53,3130.51
611,3183.06,3131.73
612,3188.68,3133.06
613,3194.2,3134.28
614,3199.82,3135.61
615,3205.35,3136.83
616,3210.97,3138.16
617,3216.5,3139.38
618,3222.02,3140.71
619,3227.65,3141.93
620,3233.17,3143.26
621,3238.79,3144.48
622,3244.32,3145.81
623,3249.85,3147.03
624,3255.47,3148.36
625,3260.99,3149.58
626,3266.61,3150.91
627,3272.14,3152.13
628,3277.76,3153.46
629,3283.29,3154.68
630,3285.38,3154.35
631,3287.58,3153.9
632,3289.67,3153.57
633,3291.77,3153.13
634,3293.86,3152.79
635,3296.06,3152.35
636,3298.15,3151.91
637,3300.25,3151.57
638,3302.44,3151.13
639,3304.54,3150.8
640,3305.01,3150.13
641,3305.49,3149.47
642,3305.96,3148.8
643,3306.44,3148.14
644,3306.92,3147.47
645,3307.39,3146.81
646,3307.87,3146.14
647,3308.35,3145.48
648,3308.82,3144.81
649,3309.3,3144.15
650,3312.35,3144.48
651,3315.4,3144.92
652,3318.54,3145.37
653,3321.59,3145.7
654,3324.64,3146.03
655,3327.69,3146.47
656,3330.74,3146.92
657,3333.88,3147.25
658,3336.93,3147.58
659,3339.98,3148.03
660,3342.93,3148.47
661,3345.89,3148.8
662,3348.94,3149.25
663,3351.89,3149.69
664,3354.84,3150.02
665,3357.8,3150.47
666,3360.75,3150.91
667,3363.8,3151.35
668,3366.75,3151.69
669,3369.71,3152.13
670,3372.66,3152.57
671,3375.61,3152.91
672,3378.66,3153.35
673,3381.62,3153.79
674,3384.57,3154.12
675,3387.52,3154.57
676,3390.57,3155.01
677,3393.53,3155.34
678,3396.48,3155.79
679,3399.43,3156.23
680,3402.39,3156.56
681,3405.44,3157.01
682,3408.39,3157.45
683,3411.34,3157.89
684,3414.3,3158.23
685,3417.25,3158.67
686,3420.3,3159.11
687,3423.25,3159.45
688,3426.21,3159.89
689,3482.23,3168.43
690,3484.9,3167.43
691,3487.57,3166.54
692,3490.23,3165.54
693,3492.9,3164.55
694,3493.76,3161.77
695,3494.62,3158.89
696,3495.57,3156.12
697,3496.43,3153.35
698,3497.28,3150.58
699,3498.14,3147.69
700,3499.09,3144.92
701,3499.95,3142.15
702,3500.81,3139.38
703,3501.67,3136.5
704,3502.62,3133.72
705,3503.48,3130.95
706,3504.33,3128.18
707,3505.19,3125.3
708,3506.05,3122.53
709,3507.0,3119.75
710,3507.86,3116.87
711,3508.72,3114.1
712,3509.57,3111.33
713,3510.53,3108.56
714,3511.38,3105.67
715,3512.24,3102.9
716,3513.1,3100.13
717,3514.05,3097.36
718,3514.91,3094.47
719,3515.77,3091.7
720,3516.53,3091.92
721,3517.29,3092.15
722,3518.05,3092.37
723,3518.82,3092.59
724,3519.58,3092.81
725,3520.34,3093.03
726,3521.1,3093.26
727,3521.87,3093.48
728,3522.63,3093.7
729,3522.72,3094.03
730,3522.91,3094.36
731,3523.01,3094.7
732,3523.1,3095.03
733,3523.2,3095.47
734,3523.29,3095.81
735,3523.49,3096.14
736,3523.58,3096.47
737,3523.68,3096.8
738,3523.87,3097.14
739,3523.96,3097.47
740,3524.06,3097.8
741,3524.15,3098.13
742,3524.25,3098.47
743,3524.44,3098.91
744,3524.53,3099.24
745,3524.63,3099.57
746,3524.82,3099.91
747,3524.91,3100.24
748,3525.01,3100.57
749,3525.01,3100.57
750,3525.01,3100.57
751,3525.01,3100.57
752,3525.01,3100.57
753,3525.01,3100.57
754,3525.01,3100.57
755,3525.01,3100.57
756,3525.01,3100.57
757,3525.01,3100.57
758,3525.01,3100.57
759,3525.01,3100.57
760,3525.01,3100.57
761,3525.01,3100.57
762,3525.49,3100.91
763,3525.96,3101.24
764,3526.44,3101.68
765,3526.92,3102.01
766,3527.39,3102.35
767,3527.96,3102.68
768,3528.44,3103.01
769,3528.92,3103.34
770,3529.39,3103.79
771,3529.87,3104.12
772,3530.35,3104.45
773,3531.49,3104.56
774,3532.63,3104.68
775,3533.78,3104.79
776,3534.92,3104.9
777,3536.06,3105.01
778,3537.21,3105.12
779,3538.35,3105.23
780,3538.35,3104.23
781,3538.35,3103.12
782,3538.35,3102.13
783,3538.35,3101.13
784,3538.35,3100.13
785,3538.35,3099.02
786,3538.35,3098.02
787,3538.35,3097.02
788,3538.73,3094.81
789,3539.11,3092.48
790,3539.49,3090.26
791,3539.97,3088.04
792,3540.35,3085.83
793,3540.73,3083.61
794,3541.11,3081.28
795,3541.49,3079.06
796,3541.87,3076.85
797,3542.35,3074.63
798,3542.73,3072.3
799,3543.11,3070.08
800,3543.49,3067.87
801,3543.87,3065.54
802,3544.26,3063.32
803,3544.64,3061.1
804,3545.11,3058.88
805,3545.49,3056.67
806,3545.88,3054.34
807,3546.26,3052.12
808,3546.73,3044.47
809,3547.21,3036.71
810,3547.69,3029.06
811,3548.16,3021.3
812,3548.73,3013.65
813,3549.21,3006.0
814,3549.69,2998.24
815,3550.16,2990.59
816,3550.64,2982.83
817,3551.12,2975.18
818,3551.59,2967.52
819,3552.07,2959.76
820,3552.54,2952.11
821,3553.02,2944.35
822,3553.5,2936.7
823,3554.07,2929.05
824,3554.55,2921.29
825,3555.02,2913.64
826,3555.5,2905.88
827,3555.97,2898.23
828,3557.4,2893.46
829,3558.83,2888.69
830,3560.26,2883.93
831,3561.69,2879.05
832,3563.12,2874.28
833,3564.55,2869.51
834,3565.98,2864.75
835,3567.41,2859.98
836,3568.84,2855.21
837,3570.27,2850.33
838,3571.7,2845.56
839,3573.12,2840.8
840,3574.55,2836.03
841,3575.98,2831.26
842,3577.41,2826.49
843,3578.84,2821.73
844,3580.27,2816.85
845,3581.7,2812.08
846,3583.13,2807.31
847,3584.56,2802.55
848,3584.94,2802.55
849,3585.23,2802.43
850,3585.61,2802.43
851,3585.99,2802.32
852,3586.37,2802.32
853,3586.65,2802.21
854,3587.04,2802.21
855,3587.42,2802.1
856,3587.7,2802.1
857,3588.08,2801.99
858,3588.46,2801.99
859,3588.85,2801.88
860,3589.13,2801.88
861,3589.51,2801.77
862,3589.89,2801.77
863,3590.18,2801.66
864,3590.56,2801.66
865,3590.94,2801.55
866,3591.32,2801.55
867,3591.61,2801.44
868,3591.99,2801.44
869,3592.28,2800.77
870,3592.56,2800.22
871,3592.85,2799.55
872,3593.13,2799.0
873,3593.51,2798.44
874,3593.8,2797.78
875,3594.09,2797.22
876,3594.37,2796.56
877,3594.37,2796.56
878,3594.37,2796.56
879,3594.37,2796.56
880,3594.37,2796.56
881,3594.37,2796.56
882,3594.37,2796.56
883,3594.37,2796.56
884,3594.37,2796.56
885,3594.37,2796.56
886,3594.37,2796.56
887,3594.37,2796.56
888,3593.42,2795.34
889,3592.47,2794.23
890,3591.61,2793.01
891,3590.66,2791.79
892,3589.7,2790.68
893,3588.75,2789.46
894,3587.89,2788.24
895,3586.94,2787.13
896,3585.99,2785.91
897,3585.99,2785.91
898,3585.99,2785.91
899,3585.99,2785.91
900,3585.99,2785.91
901,3585.99,2785.91
902,3585.99,2785.91
903,3585.99,2785.91
904,3585.99,2785.91
905,3585.99,2785.91
906,3585.99,2785.91
907,3585.99,2785.58
908,3585.89,2785.14
909,3585.89,2784.81
910,3585.8,2784.36
911,3585.8,2784.03
912,3585.7,2783.59
913,3585.7,2783.25
914,3585.7,2782.92
915,3585.61,2782.48
916,3585.61,2782.14
917,3585.51,2781.7
918,3585.51,2781.37
919,3585.42,2780.93
920,3585.42,2780.59
921,3585.42,2780.26
922,3585.32,2779.82
923,3585.32,2779.48
924,3585.23,2779.04
925,3585.23,2778.71
926,3585.13,2778.26
927,3585.13,2777.93
928,3585.32,2778.49
929,3585.42,2779.15
930,3585.61,2779.71
931,3585.7,2780.37
932,3585.89,2780.93
933,3586.08,2781.48
934,3586.18,2782.14
935,3586.37,2782.7
936,3586.46,2783.36
937,3586.65,2783.92
938,3586.85,2784.47
939,3586.94,2785.14
940,3587.13,2785.69
941,3587.32,2786.25
942,3587.42,2786.91
943,3587.61,2787.47
944,3587.7,2788.13
945,3587.89,2788.69
