0,1759.22,2512.61
1,1759.6,2512.5
2,1759.88,2512.39
3,1760.27,2512.28
4,1760.65,2512.06
5,1760.93,2511.95
6,1761.31,2511.84
7,1761.6,2511.61
8,1761.98,2511.5
9,1762.27,2511.39
10,1762.55,2511.28
11,1762.84,2511.17
12,1763.12,2511.17
13,1763.41,2511.06
14,1763.7,2510.95
15,1763.98,2510.84
16,1764.27,2510.73
17,1764.55,2510.62
18,1764.84,2510.62
19,1765.03,2510.5
20,1765.32,2510.39
21,1765.6,2510.28
22,1765.89,2510.17
23,1766.17,2510.06
24,1766.46,2509.95
25,1766.74,2509.95
26,1767.03,2509.84
27,1767.32,2509.73
28,1767.6,2509.62
29,1767.79,2509.62
30,1767.89,2509.51
31,1768.08,2509.51
32,1768.17,2509.4
33,1768.36,2509.29
34,1768.55,2509.29
35,1768.65,2509.17
36,1768.84,2509.17
37,1768.94,2509.06
38,1769.13,2509.06
39,1769.22,2509.06
40,1769.32,2508.95
41,1769.51,2508.84
42,1769.6,2508.84
43,1769.7,2508.84
44,1769.79,2508.73
45,1769.89,2508.73
46,1770.08,2508.62
47,1770.17,2508.51
48,1770.27,2508.51
49,1770.27,2508.4
50,1770.27,2508.4
51,1770.27,2508.29
52,1770.27,2508.29
53,1770.27,2508.18
54,1770.27,2508.18
55,1770.27,2508.07
56,1770.27,2508.07
57,1770.27,2507.95
58,1769.89,2507.95
59,1769.6,2507.95
60,1769.22,2507.84
61,1768.94,2507.84
62,1768.55,2507.84
63,1768.27,2507.84
64,1767.89,2507.84
65,1767.6,2507.73
66,1767.32,2507.73
67,1766.94,2507.73
68,1766.94,2507.73
69,1766.84,2507.73
70,1766.84,2507.84
71,1766.74,2507.84
72,1766.74,2507.84
73,1766.74,2507.84
74,1766.65,2507.84
75,1766.65,2507.95
76,1766.55,2507.95
77,1766.55,2507.95
78,1766.55,2507.95
79,1766.46,2507.95
80,1766.46,2508.07
81,1766.36,2508.07
82,1766.36,2508.07
83,1766.36,2508.07
84,1766.27,2508.07
85,1766.27,2508.18
86,1766.17,2508.18
87,1766.17,2508.18
88,1766.17,2508.18
89,1766.17,2508.29
90,1766.17,2508.29
91,1766.17,2508.29
92,1766.08,2508.4
93,1766.08,2508.4
94,1766.08,2508.4
95,1766.08,2508.51
96,1766.08,2508.51
97,1766.08,2508.51
98,1766.08,2508.51
99,1765.98,2508.62
100,1765.98,2508.62
101,1765.98,2508.62
102,1765.98,2508.73
103,1765.98,2508.73
104,1766.46,2508.73
105,1766.84,2508.73
106,1767.32,2508.84
107,1767.7,2508.84
108,1768.17,2508.84
109,1768.27,2508.84
110,1768.36,2508.84
111,1768.46,2508.84
112,1768.55,2508.84
113,1768.75,2508.84
114,1768.84,2508.84
115,1768.94,2508.84
116,1769.03,2508.84
117,1769.13,2508.84
118,1769.32,2508.95
119,1769.51,2509.06
120,1769.79,2509.17
121,1769.98,2509.29
122,1770.17,2509.4
123,1770.37,2509.51
124,1770.56,2509.62
125,1770.84,2509.73
126,1771.03,2509.84
127,1771.22,2509.95
128,1771.32,2509.95
129,1771.32,2510.06
130,1771.41,2510.06
131,1771.51,2510.17
132,1771.51,2510.17
133,1771.6,2510.28
134,1771.7,2510.28
135,1771.7,2510.39
136,1771.79,2510.39
137,1771.79,2510.39
138,1771.89,2510.5
139,1771.98,2510.5
140,1771.98,2510.62
141,1772.08,2510.62
142,1772.18,2510.73
143,1772.18,2510.73
144,1772.27,2510.84
145,1772.37,2510.84
146,1772.37,2510.95
147,1772.46,2510.95
148,1772.37,2510.95
149,1772.18,2511.06
150,1772.08,2511.06
151,1771.89,2511.06
152,1771.79,2511.06
153,1771.6,2511.17
154,1771.51,2511.17
155,1771.32,2511.17
156,1771.22,2511.28
157,1771.03,2511.28
158,1770.94,2511.28
159,1770.75,2511.39
160,1770.65,2511.39
161,1770.46,2511.39
162,1770.37,2511.39
163,1770.17,2511.5
164,1770.08,2511.5
165,1768.65,2511.39
166,1767.13,2511.17
167,1765.7,2511.06
168,1765.32,2511.06
169,1765.03,2510.95
170,1764.65,2510.84
171,1764.36,2510.84
172,1764.08,2510.73
173,1763.7,2510.73
174,1763.41,2510.73
175,1763.03,2510.62
176,1762.74,2510.62
177,1762.36,2510.5
178,1761.89,2510.39
179,1761.41,2510.28
180,1760.93,2510.28
181,1760.46,2510.17
182,1759.98,2510.06
183,1759.6,2509.95
184,1759.12,2509.84
185,1758.65,2509.84
186,1758.17,2509.73
187,1757.69,2509.62
188,1757.31,2509.62
189,1756.93,2509.51
190,1756.55,2509.51
191,1756.17,2509.4
192,1755.79,2509.4
193,1755.41,2509.29
194,1755.03,2509.29
195,1754.64,2509.17
196,1754.26,2509.17
197,1753.88,2509.06
198,1753.6,2509.06
199,1753.22,2508.95
200,1752.83,2508.95
201,1752.45,2508.84
202,1752.07,2508.84
203,1751.69,2508.73
204,1751.31,2508.73
205,1750.93,2508.62
206,1750.55,2508.62
207,1750.17,2508.51
208,1749.79,2508.51
209,1749.59,2508.51
210,1749.31,2508.62
211,1749.12,2508.73
212,1748.83,2508.73
213,1748.55,2508.84
214,1748.36,2508.84
215,1748.07,2508.84
216,1747.88,2508.95
217,1747.59,2509.06
218,1747.4,2509.06
219,1747.21,2509.06
220,1747.02,2509.06
221,1746.74,2509.06
222,1746.55,2509.06
223,1746.36,2509.06
224,1746.16,2509.06
225,1745.97,2509.06
226,1745.69,2509.06
227,1745.5,2509.06
228,1745.31,2509.06
229,1745.21,2508.95
230,1745.02,2508.95
231,1744.93,2508.84
232,1744.74,2508.84
233,1744.64,2508.73
234,1744.45,2508.73
235,1744.35,2508.62
236,1744.16,2508.62
237,1744.07,2508.51
238,1744.07,2508.62
239,1743.97,2508.73
240,1743.97,2508.95
241,1743.97,2509.06
242,1743.88,2509.17
243,1743.88,2509.29
244,1743.88,2509.4
245,1743.88,2509.62
246,1743.78,2509.73
247,1743.78,2509.84
248,1743.78,2509.95
249,1743.78,2510.06
250,1743.69,2510.17
251,1743.69,2510.28
252,1743.69,2510.39
253,1743.69,2510.5
254,1743.59,2510.62
255,1743.59,2510.73
256,1743.59,2510.84
257,1743.59,2510.95
258,1743.5,2511.06
259,1743.5,2511.17
260,1743.5,2511.28
261,1743.4,2511.39
262,1743.4,2511.5
263,1743.4,2511.61
264,1743.4,2511.72
265,1743.31,2511.84
266,1743.31,2511.95
267,1743.31,2512.06
268,1743.21,2512.06
269,1743.02,2512.06
270,1742.93,2512.06
271,1742.83,2512.06
272,1742.73,2512.06
273,1742.54,2512.17
274,1742.45,2512.17
275,1742.35,2512.17
276,1742.26,2512.17
277,1742.07,2512.17
278,1741.97,2512.17
279,1741.78,2512.17
280,1741.59,2512.17
281,1741.31,2512.17
282,1741.11,2512.17
283,1740.92,2512.17
284,1740.73,2512.17
285,1740.45,2512.17
286,1740.26,2512.17
287,1740.07,2512.17
288,1739.88,2512.17
289,1739.59,2512.17
290,1739.4,2512.28
291,1739.21,2512.28
292,1738.92,2512.28
293,1738.73,2512.28
294,1738.54,2512.28
295,1738.35,2512.39
296,1738.07,2512.39
297,1737.88,2512.39
298,1737.68,2512.39
299,1737.59,2512.39
300,1737.4,2512.28
301,1737.21,2512.28
302,1737.11,2512.28
303,1736.92,2512.28
304,1736.73,2512.28
305,1736.54,2512.17
306,1736.45,2512.17
307,1736.26,2512.17
308,1736.35,2512.17
309,1736.45,2512.17
310,1736.54,2512.28
311,1736.64,2512.28
312,1736.73,2512.28
313,1736.83,2512.28
314,1736.92,2512.28
315,1737.02,2512.39
316,1737.11,2512.39
317,1737.21,2512.39
318,1737.3,2512.39
319,1737.4,2512.39
320,1737.49,2512.5
321,1737.59,2512.5
322,1737.68,2512.5
323,1737.78,2512.5
324,1737.88,2512.5
325,1737.97,2512.61
326,1738.07,2512.61
327,1738.16,2512.61
328,1738.16,2512.5
329,1738.16,2512.5
330,1738.26,2512.39
331,1738.26,2512.28
332,1738.26,2512.17
333,1738.26,2512.17
334,1738.26,2512.06
335,1738.26,2511.95
336,1738.35,2511.84
337,1738.35,2511.84
338,1738.35,2511.72
339,1738.35,2511.61
340,1738.26,2511.5
341,1738.16,2511.39
342,1738.07,2511.28
343,1737.97,2511.17
344,1737.88,2511.06
345,1737.68,2511.06
346,1737.59,2510.95
347,1737.49,2510.84
348,1737.4,2510.73
349,1737.3,2510.62
350,1737.21,2510.5
351,1737.11,2510.39
352,1736.92,2510.28
353,1736.83,2510.17
354,1736.64,2510.06
355,1736.54,2509.95
356,1736.35,2509.84
357,1736.26,2509.73
358,1736.07,2509.62
359,1735.97,2509.51
360,1735.78,2509.4
361,1735.68,2509.29
362,1735.59,2509.17
363,1735.4,2509.17
364,1735.3,2509.06
365,1735.21,2508.95
366,1735.02,2508.95
367,1734.92,2508.84
368,1734.73,2508.84
369,1734.64,2508.73
370,1734.54,2508.62
371,1734.35,2508.62
372,1734.25,2508.51
373,1734.16,2508.51
374,1733.97,2508.51
375,1733.87,2508.51
376,1733.78,2508.51
377,1733.68,2508.51
378,1733.49,2508.51
379,1733.4,2508.51
380,1733.3,2508.51
381,1733.21,2508.51
382,1733.02,2508.51
383,1732.92,2508.51
384,1732.83,2508.51
385,1732.73,2508.51
386,1732.54,2508.51
387,1732.44,2508.51
388,1732.35,2508.51
389,1732.16,2508.51
390,1732.06,2508.4
391,1731.97,2508.4
392,1731.87,2508.4
393,1731.68,2508.4
394,1731.59,2508.4
395,1731.49,2508.29
396,1731.3,2508.29
397,1731.21,2508.29
398,1731.11,2508.29
399,1731.11,2508.29
400,1731.02,2508.4
401,1730.92,2508.4
402,1730.92,2508.4
403,1730.82,2508.4
404,1730.82,2508.4
405,1730.73,2508.4
406,1730.63,2508.51
407,1730.63,2508.51
408,1730.54,2508.51
409,1730.44,2508.62
410,1730.44,2508.62
411,1730.35,2508.73
412,1730.35,2508.73
413,1730.25,2508.84
414,1730.25,2508.84
415,1730.16,2508.95
416,1730.16,2508.95
417,1730.06,2509.06
418,1730.16,2509.17
419,1730.25,2509.4
420,1730.35,2509.51
421,1730.44,2509.73
422,1730.54,2509.84
423,1730.54,2510.06
424,1730.63,2510.28
425,1730.73,2510.39
426,1730.82,2510.62
427,1730.92,2510.73
428,1730.82,2510.73
429,1730.82,2510.73
430,1730.73,2510.73
431,1730.73,2510.84
432,1730.63,2510.84
433,1730.63,2510.84
434,1730.54,2510.84
435,1730.44,2510.84
436,1730.44,2510.84
437,1730.35,2510.84
438,1730.35,2510.95
439,1730.25,2510.95
440,1730.25,2510.95
441,1730.16,2510.95
442,1730.06,2510.95
443,1730.06,2510.95
444,1729.97,2510.95
445,1729.97,2511.06
446,1729.87,2511.06
447,1729.87,2511.06
448,1729.78,2511.06
449,1729.68,2511.06
450,1729.49,2510.95
451,1729.4,2510.95
452,1729.3,2510.95
453,1729.11,2510.84
454,1729.01,2510.84
455,1728.92,2510.84
456,1728.73,2510.73
457,1728.63,2510.73
458,1728.54,2510.73
459,1728.35,2510.62
460,1728.16,2510.62
461,1728.06,2510.5
462,1727.87,2510.39
463,1727.78,2510.39
464,1727.68,2510.28
465,1727.49,2510.28
466,1727.3,2510.17
467,1727.2,2510.17
468,1727.11,2510.17
469,1727.01,2510.06
470,1726.82,2510.06
471,1726.73,2509.95
472,1726.63,2509.95
473,1726.54,2509.84
474,1726.44,2509.84
475,1726.35,2509.73
476,1726.16,2509.73
477,1726.06,2509.62
478,1725.97,2509.62
479,1725.87,2509.62
480,1725.68,2509.51
481,1725.58,2509.51
482,1725.49,2509.51
483,1725.3,2509.4
484,1725.2,2509.4
485,1725.11,2509.4
486,1724.92,2509.29
487,1724.82,2509.29
488,1724.73,2509.29
489,1724.63,2509.29
490,1724.54,2509.17
491,1724.54,2509.17
492,1724.44,2509.17
493,1724.35,2509.17
494,1724.25,2509.06
495,1724.16,2509.06
496,1724.06,2509.06
497,1723.96,2509.06
498,1723.96,2508.95
499,1723.87,2508.95
500,1723.77,2508.95
501,1723.68,2508.95
502,1723.58,2508.84
503,1723.49,2508.84
504,1723.39,2508.84
505,1723.39,2508.84
506,1723.3,2508.73
507,1723.2,2508.73
508,1723.11,2508.73
509,1723.11,2508.73
510,1723.11,2508.73
511,1723.01,2508.62
512,1723.01,2508.62
513,1723.01,2508.62
514,1723.01,2508.62
515,1723.01,2508.62
516,1722.92,2508.51
517,1722.92,2508.51
518,1722.92,2508.51
519,1723.01,2508.51
520,1723.01,2508.62
521,1723.11,2508.62
522,1723.2,2508.62
523,1723.3,2508.73
524,1723.3,2508.73
525,1723.39,2508.73
526,1723.49,2508.73
527,1723.49,2508.84
528,1723.58,2508.84
529,1723.87,2508.95
530,1724.16,2508.95
531,1724.54,2509.06
532,1724.82,2509.17
533,1725.11,2509.17
534,1725.39,2509.29
535,1725.68,2509.4
536,1726.06,2509.51
537,1726.35,2509.51
538,1726.63,2509.62
539,1727.2,2509.62
540,1727.78,2509.62
541,1728.35,2509.62
542,1728.92,2509.62
543,1729.59,2509.62
544,1730.16,2509.62
545,1730.73,2509.62
546,1731.3,2509.62
547,1731.87,2509.62
548,1732.25,2509.62
549,1732.64,2509.51
550,1733.02,2509.51
551,1733.3,2509.4
552,1733.68,2509.4
553,1734.06,2509.29
554,1734.45,2509.29
555,1734.83,2509.17
556,1735.21,2509.17
557,1735.59,2509.06
558,1735.87,2509.06
559,1736.26,2508.95
560,1736.64,2508.95
561,1737.02,2508.84
562,1737.4,2508.84
563,1737.78,2508.73
564,1738.16,2508.73
565,1738.45,2508.62
566,1738.83,2508.62
567,1739.21,2508.51
568,1739.59,2508.51
569,1739.78,2508.4
570,1740.07,2508.4
571,1740.35,2508.29
572,1740.54,2508.18
573,1740.73,2508.18
574,1741.02,2508.07
575,1741.31,2507.95
576,1741.5,2507.84
577,1741.69,2507.84
578,1741.97,2507.73
579,1742.16,2507.73
580,1742.35,2507.62
581,1742.54,2507.62
582,1742.73,2507.51
583,1742.83,2507.51
584,1743.02,2507.4
585,1743.21,2507.29
586,1743.4,2507.29
587,1743.59,2507.18
588,1743.78,2507.18
589,1743.88,2507.18
590,1743.88,2507.07
591,1743.97,2507.07
592,1743.97,2507.07
593,1744.07,2506.96
594,1744.16,2506.96
595,1744.16,2506.96
596,1744.26,2506.96
597,1744.26,2506.85
598,1744.35,2506.85
599,1744.35,2506.85
600,1744.45,2506.85
601,1744.45,2506.85
602,1744.54,2506.85
603,1744.64,2506.85
604,1744.64,2506.85
605,1744.74,2506.85
606,1744.74,2506.85
607,1744.83,2506.85
608,1744.83,2506.85
609,1744.93,2506.96
610,1745.12,2507.07
611,1745.31,2507.18
612,1745.4,2507.29
613,1745.5,2507.29
614,1745.69,2507.4
615,1745.88,2507.51
616,1745.97,2507.62
617,1746.07,2507.73
618,1746.26,2507.84
619,1746.45,2507.95
620,1746.55,2508.07
621,1746.64,2508.18
622,1746.83,2508.29
623,1746.93,2508.4
624,1747.12,2508.4
625,1747.21,2508.51
626,1747.4,2508.62
627,1747.5,2508.73
628,1747.69,2508.84
629,1747.69,2508.95
630,1747.69,2509.06
631,1747.69,2509.17
632,1747.69,2509.29
633,1747.59,2509.29
634,1747.59,2509.4
635,1747.59,2509.51
636,1747.59,2509.62
637,1747.59,2509.73
638,1747.59,2509.84
639,1747.5,2509.95
640,1747.4,2509.95
641,1747.31,2510.06
642,1747.21,2510.17
643,1747.02,2510.17
644,1746.93,2510.28
645,1746.83,2510.39
646,1746.74,2510.39
647,1746.64,2510.5
648,1746.83,2510.62
649,1747.02,2510.73
650,1747.21,2510.95
651,1747.4,2511.06
652,1747.59,2511.17
653,1747.78,2511.28
654,1747.97,2511.39
655,1748.17,2511.61
656,1748.36,2511.72
657,1748.55,2511.84
658,1748.74,2511.84
659,1748.83,2511.84
660,1749.02,2511.84
661,1749.21,2511.95
662,1749.4,2511.95
663,1749.5,2511.95
664,1749.69,2511.95
665,1749.88,2511.95
666,1749.98,2511.95
667,1750.17,2512.06
668,1750.36,2512.06
669,1750.55,2512.06
670,1750.64,2512.06
671,1750.83,2512.06
672,1751.02,2512.06
673,1751.12,2512.17
674,1751.31,2512.17
675,1751.5,2512.17
676,1751.6,2512.17
677,1751.79,2512.17
678,1751.98,2512.17
679,1752.17,2512.28
680,1752.26,2512.28
681,1752.45,2512.28
682,1752.64,2512.28
683,1752.74,2512.28
684,1752.93,2512.28
685,1753.12,2512.39
686,1753.31,2512.39
687,1753.41,2512.39
688,1753.6,2512.39
689,1753.6,2512.39
690,1753.6,2512.5
691,1753.5,2512.5
692,1753.5,2512.5
693,1753.5,2512.61
694,1753.5,2512.61
695,1753.5,2512.61
696,1753.41,2512.61
697,1753.41,2512.72
698,1753.41,2512.72
699,1753.31,2512.72
700,1753.12,2512.72
701,1753.02,2512.72
702,1752.93,2512.72
703,1752.83,2512.72
704,1752.64,2512.72
705,1752.55,2512.72
706,1752.45,2512.72
707,1752.26,2512.72
708,1752.17,2512.72
709,1752.17,2512.61
710,1752.07,2512.5
711,1752.07,2512.5
712,1752.07,2512.39
713,1752.07,2512.28
714,1751.98,2512.17
715,1751.98,2512.06
716,1751.98,2512.06
717,1751.88,2511.95
718,1751.88,2511.84
719,1751.88,2511.72
720,1751.79,2511.61
721,1751.79,2511.61
722,1751.69,2511.5
723,1751.69,2511.39
724,1751.69,2511.28
725,1751.6,2511.17
726,1751.6,2511.17
727,1751.5,2511.06
728,1751.5,2510.95
729,1751.4,2510.84
730,1751.4,2510.73
731,1751.31,2510.73
732,1751.31,2510.62
733,1751.21,2510.5
734,1751.21,2510.39
735,1751.12,2510.28
736,1751.12,2510.28
737,1751.02,2510.17
738,1751.02,2510.06
739,1750.93,2509.95
740,1750.93,2509.95
741,1750.83,2509.84
742,1750.83,2509.73
743,1750.74,2509.62
744,1750.74,2509.51
745,1750.64,2509.51
746,1750.64,2509.4
747,1750.55,2509.29
748,1750.45,2509.17
749,1750.36,2509.17
750,1750.26,2509.06
751,1750.17,2509.06
752,1750.07,2508.95
753,1749.98,2508.84
754,1749.79,2508.84
755,1749.69,2508.73
756,1749.59,2508.73
757,1749.5,2508.62
758,1749.4,2508.62
759,1749.31,2508.51
760,1749.21,2508.4
761,1749.12,2508.29
762,1748.93,2508.18
763,1748.83,2508.18
764,1748.74,2508.07
765,1748.55,2507.95
766,1748.45,2507.84
767,1748.36,2507.73
768,1748.26,2507.73
769,1748.17,2507.62
770,1748.17,2507.62
771,1748.07,2507.62
772,1747.97,2507.62
773,1747.88,2507.51
774,1747.78,2507.51
775,1747.78,2507.51
776,1747.69,2507.4
777,1747.59,2507.4
778,1747.5,2507.4
779,1747.5,2507.29
780,1747.4,2507.29
781,1747.31,2507.18
782,1747.21,2507.18
783,1747.21,2507.07
784,1747.12,2506.96
785,1747.02,2506.96
786,1747.02,2506.85
787,1746.93,2506.85
788,1746.93,2506.85
789,1746.83,2506.85
790,1746.83,2506.85
791,1746.74,2506.74
792,1746.74,2506.74
793,1746.74,2506.74
794,1746.64,2506.74
795,1746.64,2506.74
796,1746.64,2506.74
797,1746.55,2506.74
798,1746.55,2506.62
799,1746.45,2506.62
800,1746.45,2506.62
801,1746.45,2506.62
802,1746.36,2506.62
803,1746.36,2506.62
804,1746.36,2506.62
805,1746.26,2506.51
806,1746.26,2506.51
807,1746.16,2506.51
808,1746.16,2506.51
809,1746.07,2506.51
810,1746.07,2506.51
811,1745.97,2506.51
812,1745.97,2506.51
813,1745.88,2506.62
814,1745.88,2506.62
815,1745.78,2506.62
816,1745.78,2506.62
817,1745.69,2506.62
818,1745.59,2506.62
819,1745.59,2506.74
820,1745.5,2506.85
821,1745.4,2506.85
822,1745.31,2506.96
823,1745.31,2506.96
824,1745.21,2506.96
825,1745.12,2507.07
826,1745.12,2507.18
827,1745.02,2507.18
828,1745.02,2507.18
829,1744.93,2507.29
830,1744.93,2507.29
831,1744.93,2507.4
832,1744.93,2507.51
833,1744.83,2507.51
834,1744.83,2507.51
835,1744.83,2507.62
836,1744.83,2507.62
837,1744.83,2507.73
838,1744.74,2507.73
839,1744.74,2507.84
840,1744.74,2507.95
841,1744.74,2507.95
842,1744.64,2507.95
843,1744.64,2508.07
844,1744.64,2508.07
845,1744.64,2508.18
846,1744.54,2508.29
847,1744.54,2508.29
848,1743.78,2509.06
849,1743.78,2509.06
850,1743.69,2509.06
851,1743.69,2509.06
852,1743.69,2509.06
853,1743.69,2509.06
854,1743.59,2509.06
855,1743.59,2509.06
856,1743.59,2509.06
857,1743.59,2509.06
858,1743.5,2509.06
859,1743.5,2509.06
860,1743.5,2509.06
861,1743.5,2509.06
862,1743.4,2509.06
863,1743.4,2509.06
864,1743.4,2509.06
865,1743.4,2509.06
866,1743.31,2509.06
867,1743.31,2509.06
868,1743.31,2509.06
869,1743.31,2509.06
870,1743.21,2508.95
871,1743.21,2508.95
872,1743.21,2508.95
873,1743.21,2508.95
874,1743.21,2508.95
875,1743.12,2508.84
876,1743.12,2508.84
877,1743.12,2508.84
878,1743.12,2508.84
879,1743.02,2508.73
880,1743.02,2508.73
881,1743.02,2508.73
882,1742.93,2508.73
883,1742.93,2508.62
884,1742.93,2508.62
885,1742.93,2508.62
886,1742.83,2508.51
887,1742.83,2508.51
888,1742.83,2508.51
889,1742.83,2508.4
890,1742.73,2508.4
891,1742.73,2508.4
892,1742.73,2508.4
893,1742.73,2508.29
894,1742.73,2508.29
895,1742.73,2508.29
896,1742.64,2508.29
897,1742.64,2508.18
898,1742.64,2508.18
899,1742.64,2508.18
900,1742.73,2508.18
901,1742.73,2508.29
902,1742.73,2508.29
903,1742.83,2508.29
904,1742.83,2508.29
905,1742.83,2508.29
906,1742.93,2508.4
907,1742.93,2508.4
908,1742.93,2508.4
909,1743.02,2508.4
910,1743.02,2508.4
911,1743.02,2508.51
912,1743.12,2508.51
913,1743.12,2508.51
914,1743.12,2508.51
915,1743.02,2508.51
916,1743.02,2508.62
917,1743.02,2508.62
918,1742.93,2508.62
919,1742.93,2508.62
920,1742.93,2508.62
921,1742.83,2508.73
922,1742.83,2508.73
923,1742.83,2508.73
924,1742.73,2508.73
925,1742.73,2508.73
926,1742.73,2508.84
927,1742.64,2508.84
928,1742.64,2508.84
929,1742.54,2508.84
930,1742.45,2508.84
931,1742.45,2508.84
932,1742.35,2508.84
933,1742.26,2508.84
934,1742.16,2508.84
935,1742.16,2508.84
936,1742.07,2508.84
937,1741.97,2508.84
938,1742.07,2508.84
939,1742.07,2508.95
940,1742.16,2508.95
941,1742.26,2508.95
942,1742.26,2509.06
943,1742.35,2509.06
944,1742.35,2509.17
945,1742.45,2509.17
