0,3436.97,2679.25
1,3436.97,2679.25
2,3436.97,2679.25
3,3436.97,2679.25
4,3436.97,2679.25
5,3436.97,2679.25
6,3436.97,2679.25
7,3436.97,2679.25
8,3436.97,2679.25
9,3437.83,2679.59
10,3438.59,2679.92
11,3439.45,2680.25
12,3440.31,2680.7
13,3441.16,2681.03
14,3441.93,2681.36
15,3442.78,2681.69
16,3443.64,2682.03
17,3444.5,2682.36
18,3445.26,2682.69
19,3446.12,2683.13
20,3446.98,2683.47
21,3447.83,2683.8
22,3448.6,2684.13
23,3449.45,2684.47
24,3450.31,2684.8
25,3451.17,2685.24
26,3451.93,2685.57
27,3452.79,2685.91
28,3453.65,2686.24
29,3457.17,2688.01
30,3460.6,2689.79
31,3464.13,2691.56
32,3467.65,2693.34
33,3471.08,2695.11
34,3474.61,2696.77
35,3478.13,2698.55
36,3481.66,2700.32
37,3485.09,2702.09
38,3488.61,2703.87
39,3490.9,2704.76
40,3493.28,2705.53
41,3495.66,2706.42
42,3497.95,2707.19
43,3500.33,2708.08
44,3502.62,2708.97
45,3504.91,2709.74
46,3507.29,2710.63
47,3509.67,2711.41
48,3511.96,2712.29
49,3511.96,2712.29
50,3511.96,2712.29
51,3511.96,2712.29
52,3511.96,2712.29
53,3511.96,2712.29
54,3511.96,2712.29
55,3511.96,2712.29
56,3511.96,2712.29
57,3511.96,2712.29
58,3511.96,2712.29
59,3511.96,2712.29
60,3511.96,2712.29
61,3511.96,2712.29
62,3511.96,2712.29
63,3511.96,2712.29
64,3511.96,2712.29
65,3511.96,2712.29
66,3511.96,2712.29
67,3511.96,2712.29
68,3511.96,2712.29
69,3511.96,2712.29
70,3511.96,2712.29
71,3511.96,2712.29
72,3511.96,2712.29
73,3511.96,2712.29
74,3511.96,2712.29
75,3511.96,2712.29
76,3511.96,2712.29
77,3511.96,2712.29
78,3511.96,2712.29
79,3511.96,2712.29
80,3511.96,2712.29
81,3511.96,2712.29
82,3511.96,2712.29
83,3511.96,2712.29
84,3511.96,2712.29
85,3511.96,2712.29
86,3511.96,2712.29
87,3511.96,2712.29
88,3511.96,2712.29
89,3511.96,2712.29
90,3511.96,2712.29
91,3511.96,2712.29
92,3511.96,2712.29
93,3511.96,2712.29
94,3511.96,2712.29
95,3511.96,2712.29
96,3511.96,2712.29
97,3511.96,2712.29
98,3511.96,2712.29
99,3511.96,2712.29
100,3511.86,2712.18
101,3511.86,2712.18
102,3511.86,2712.07
103,3511.86,2711.96
104,3511.77,2711.96
105,3511.77,2711.85
106,3511.77,2711.85
107,3511.67,2711.74
108,3511.67,2711.74
109,3511.67,2711.74
110,3511.67,2711.74
111,3511.67,2711.74
112,3511.67,2711.74
113,3511.67,2711.74
114,3511.67,2711.74
115,3511.67,2711.74
116,3511.67,2711.74
117,3511.67,2711.74
118,3511.67,2711.74
119,3511.67,2711.74
120,3511.67,2711.74
121,3511.67,2711.74
122,3511.67,2711.74
123,3511.67,2711.74
124,3511.67,2711.74
125,3511.67,2711.74
126,3511.67,2711.74
127,3511.67,2711.74
128,3511.67,2711.74
129,3513.19,2712.29
130,3514.72,2712.85
131,3516.24,2713.51
132,3517.77,2714.07
133,3519.29,2714.62
134,3520.82,2715.18
135,3522.34,2715.73
136,3523.87,2716.4
137,3525.39,2716.95
138,3526.92,2717.51
139,3528.44,2718.06
140,3529.96,2718.61
141,3531.49,2719.28
142,3533.01,2719.83
143,3534.54,2720.39
144,3536.06,2720.94
145,3537.59,2721.5
146,3539.11,2722.16
147,3540.64,2722.72
148,3542.16,2723.27
149,3542.45,2723.38
150,3542.83,2723.49
151,3543.11,2723.6
152,3543.4,2723.71
153,3543.68,2723.83
154,3544.07,2724.05
155,3544.35,2724.16
156,3544.64,2724.27
157,3545.02,2724.38
158,3545.3,2724.49
159,3545.3,2724.49
160,3545.3,2724.49
161,3545.3,2724.49
162,3545.3,2724.49
163,3545.3,2724.49
164,3545.3,2724.49
165,3545.3,2724.49
166,3545.3,2724.49
167,3545.3,2724.49
168,3545.3,2724.49
169,3545.3,2724.49
170,3545.3,2724.49
171,3545.3,2724.49
172,3545.3,2724.49
173,3545.3,2724.49
174,3545.3,2724.49
175,3545.3,2724.49
176,3545.3,2724.49
177,3545.3,2724.49
178,3545.3,2724.49
179,3545.88,2724.6
180,3546.45,2724.71
181,3547.02,2724.93
182,3547.59,2725.04
183,3548.16,2725.16
184,3548.73,2725.27
185,3549.31,2725.38
186,3549.88,2725.6
187,3550.45,2725.71
188,3551.02,2725.82
189,3557.4,2730.03
190,3563.69,2734.14
191,3570.08,2738.35
192,3576.36,2742.45
193,3582.75,2746.67
194,3581.89,2754.87
195,3581.03,2763.07
196,3580.27,2771.28
197,3579.41,2779.48
198,3578.56,2787.69
199,3577.7,2795.78
200,3576.84,2803.99
201,3575.98,2812.19
202,3575.22,2820.4
203,3574.36,2828.6
204,3573.51,2836.81
205,3572.65,2845.01
206,3571.79,2853.21
207,3570.93,2861.42
208,3570.17,2869.62
209,3569.31,2877.83
210,3568.46,2886.03
211,3567.6,2894.13
212,3566.74,2902.33
213,3565.88,2910.54
214,3565.12,2918.74
215,3564.26,2926.95
216,3563.41,2935.15
217,3563.03,2938.03
218,3562.74,2940.92
219,3562.36,2943.8
220,3562.07,2946.79
221,3561.69,2949.67
222,3561.31,2952.56
223,3561.02,2955.44
224,3560.64,2958.32
225,3560.26,2961.21
226,3559.98,2964.2
227,3559.6,2967.08
228,3559.31,2969.96
229,3558.93,2972.85
230,3553.88,2976.73
231,3548.73,2980.5
232,3543.68,2984.38
233,3535.97,3005.55
234,3528.34,3026.73
235,3520.63,3048.02
236,3513.0,3069.2
237,3505.29,3090.37
238,3503.29,3108.33
239,3501.29,3126.3
240,3499.38,3144.26
241,3497.38,3162.22
242,3495.38,3180.07
243,3493.38,3198.03
244,3491.47,3215.99
245,3489.47,3233.95
246,3487.47,3251.91
247,3485.75,3259.57
248,3484.04,3267.22
249,3482.32,3274.87
250,3480.61,3282.52
251,3478.99,3290.17
252,3477.28,3297.93
253,3475.56,3305.58
254,3473.85,3313.23
255,3472.13,3320.88
256,3470.42,3328.53
257,3468.7,3336.18
258,3466.99,3343.83
259,3465.27,3351.48
260,3463.55,3359.13
261,3461.94,3366.89
262,3460.22,3374.54
263,3458.51,3382.19
264,3456.79,3389.84
265,3455.08,3397.49
266,3453.36,3405.14
267,3451.17,3414.46
268,3448.98,3423.66
269,3446.79,3432.97
270,3444.59,3442.17
271,3442.4,3451.49
272,3440.21,3460.8
273,3438.02,3470.0
274,3435.83,3479.32
275,3433.64,3488.52
276,3431.45,3497.83
277,3428.11,3508.81
278,3424.68,3519.67
279,3421.25,3530.65
280,3417.92,3541.63
281,3414.58,3552.6
282,3411.15,3563.47
283,3407.82,3574.45
284,3404.39,3585.42
285,3400.96,3596.29
286,3397.62,3607.26
287,3395.53,3613.25
288,3393.53,3619.24
289,3391.52,3625.23
290,3389.43,3631.21
291,3387.43,3637.2
292,3385.33,3643.19
293,3383.24,3649.17
294,3381.23,3655.16
295,3379.23,3661.15
296,3377.14,3667.14
297,3376.47,3667.58
298,3375.71,3668.13
299,3375.04,3668.69
300,3374.28,3669.13
301,3373.52,3669.57
302,3372.85,3670.13
303,3363.61,3715.37
304,3362.27,3718.14
305,3360.85,3720.91
306,3359.51,3723.79
307,3358.18,3726.56
308,3356.84,3729.34
309,3355.41,3732.11
310,3354.08,3734.88
311,3352.75,3737.76
312,3351.32,3740.53
313,3349.98,3743.31
314,3347.7,3752.73
315,3345.41,3762.04
316,3343.12,3771.47
317,3340.84,3780.89
318,3338.65,3790.32
319,3336.36,3799.74
320,3334.07,3809.05
321,3331.79,3818.48
322,3329.5,3827.9
323,3327.21,3837.22
324,3324.93,3846.64
325,3322.64,3856.06
326,3320.35,3865.49
327,3318.07,3874.91
328,3315.78,3884.23
329,3313.59,3893.65
330,3311.3,3903.07
331,3309.01,3912.39
332,3306.73,3921.81
333,3304.44,3931.24
334,3301.58,3940.22
335,3298.82,3949.2
336,3295.96,3958.29
337,3293.1,3967.27
338,3290.24,3976.25
339,3287.48,3985.23
340,3284.62,3994.21
341,3281.76,4003.19
342,3278.91,4012.28
343,3276.14,4021.27
344,3273.28,4030.25
345,3274.43,4034.13
346,3279.19,4039.45
347,3286.05,4039.56
348,3293.01,4039.67
349,3299.77,4040.22
350,3306.44,4040.78
351,3313.21,4041.22
352,3319.88,4041.78
353,3326.64,4042.33
354,3333.31,4042.89
355,3340.07,4043.44
356,3346.74,4043.88
357,3353.51,4044.44
358,3360.18,4044.99
359,3366.94,4045.55
360,3373.61,4046.1
361,3380.38,4046.54
362,3387.05,4047.1
363,3393.81,4047.65
364,3413.53,4049.76
365,3433.26,4051.87
366,3452.98,4053.97
367,3472.7,4056.08
368,3492.42,4058.19
369,3496.24,4060.4
370,3500.14,4062.62
371,3503.95,4064.84
372,3507.86,4067.06
373,3511.67,4069.27
374,3515.58,4071.49
375,3519.39,4073.71
376,3523.2,4075.93
377,3527.11,4078.14
378,3530.92,4080.36
379,3534.82,4082.58
380,3538.63,4084.8
381,3542.54,4087.01
382,3546.35,4089.23
383,3550.26,4091.45
384,3554.07,4093.67
385,3547.78,4108.63
386,3541.59,4123.6
387,3535.3,4138.57
388,3529.01,4153.65
389,3522.82,4168.62
390,3516.53,4183.58
391,3513.86,4191.68
392,3511.19,4199.77
393,3508.53,4207.86
394,3505.86,4215.96
395,3503.19,4224.05
396,3500.52,4232.15
397,3497.86,4240.24
398,3495.19,4248.33
399,3492.52,4256.43
400,3489.85,4264.52
401,3487.47,4271.28
402,3485.18,4277.94
403,3482.8,4284.7
404,3480.42,4291.46
405,3478.13,4298.12
406,3475.75,4304.88
407,3473.46,4311.53
408,3471.08,4318.29
409,3468.7,4325.06
410,3466.41,4331.71
411,3464.03,4338.47
412,3464.03,4338.58
413,3464.03,4338.58
414,3463.94,4338.7
415,3463.94,4338.81
416,3463.94,4338.81
417,3463.94,4338.92
418,3463.94,4338.92
419,3463.94,4339.03
420,3463.84,4339.14
421,3463.84,4339.14
422,3463.84,4339.25
423,3463.65,4341.91
424,3463.55,4344.57
425,3463.36,4347.12
426,3463.17,4349.78
427,3463.08,4352.44
428,3462.89,4354.99
429,3462.79,4357.65
430,3462.6,4360.32
