0,3314.44,2619.94
1,3312.73,2617.61
2,3310.92,2615.28
3,3309.11,2612.84
4,3307.3,2610.51
5,3305.49,2608.18
6,3303.77,2605.86
7,3301.96,2603.42
8,3300.15,2601.09
9,3300.06,2599.31
10,3299.87,2597.43
11,3299.68,2595.66
12,3299.58,2593.77
13,3299.49,2592.0
14,3299.3,2590.22
15,3299.1,2588.34
16,3299.01,2586.56
17,3298.91,2584.68
18,3298.72,2582.91
19,3298.53,2581.13
20,3298.44,2579.25
21,3298.25,2577.47
22,3298.15,2575.7
23,3297.96,2573.81
24,3297.87,2572.04
25,3297.68,2570.15
26,3297.58,2568.38
27,3301.2,2572.93
28,3304.82,2577.58
29,3308.44,2582.13
30,3312.06,2586.67
31,3315.68,2591.22
32,3319.3,2595.88
33,3322.92,2600.42
34,3326.54,2604.97
35,3330.17,2609.63
36,3333.79,2614.17
37,3335.31,2615.39
38,3336.74,2616.61
39,3338.26,2617.83
40,3339.79,2619.05
41,3339.79,2619.05
42,3339.79,2619.05
43,3339.79,2619.05
44,3339.79,2619.05
45,3339.79,2619.05
46,3339.79,2619.05
47,3339.79,2619.05
48,3339.79,2619.05
49,3339.79,2619.05
50,3339.79,2619.05
51,3339.79,2619.05
52,3339.79,2619.05
53,3339.79,2619.05
54,3340.17,2619.6
55,3340.65,2620.05
56,3341.03,2620.6
57,3341.41,2621.16
58,3341.88,2621.71
59,3342.27,2622.15
60,3342.74,2622.71
61,3343.12,2623.26
62,3348.46,2626.37
63,3353.89,2629.47
64,3359.23,2632.69
65,3364.66,2635.79
66,3369.99,2638.9
67,3375.33,2642.0
68,3380.76,2645.11
69,3386.09,2648.32
70,3391.52,2651.42
71,3396.86,2654.53
72,3398.38,2655.31
73,3400.0,2656.08
74,3401.53,2656.86
75,3403.15,2657.63
76,3404.67,2658.41
77,3406.2,2659.19
78,3407.82,2659.96
79,3409.34,2660.74
80,3410.96,2661.51
81,3412.49,2662.4
82,3414.01,2663.18
83,3415.63,2663.95
84,3417.15,2664.73
85,3418.77,2665.51
86,3420.3,2666.28
87,3421.82,2667.06
88,3423.44,2667.83
89,3424.97,2668.61
90,3426.59,2669.39
91,3428.11,2670.16
92,3428.11,2670.16
93,3428.11,2670.16
94,3428.11,2670.16
95,3428.11,2670.16
96,3428.11,2670.16
97,3428.11,2670.16
98,3428.11,2670.16
99,3428.11,2670.16
100,3428.11,2670.16
101,3428.11,2670.16
102,3428.11,2670.16
103,3428.11,2670.16
104,3428.11,2670.16
105,3428.11,2670.16
106,3428.11,2670.16
107,3428.11,2670.16
108,3428.11,2670.16
109,3428.11,2670.16
110,3428.11,2670.16
111,3428.11,2670.16
112,3428.59,2670.27
113,3428.97,2670.38
114,3429.45,2670.5
115,3429.92,2670.61
116,3430.3,2670.72
117,3430.78,2670.83
118,3431.26,2670.94
119,3431.73,2671.05
120,3432.11,2671.16
121,3432.59,2671.27
122,3432.59,2671.27
123,3432.59,2671.27
124,3432.59,2671.27
125,3432.59,2671.27
126,3432.59,2671.27
127,3432.59,2671.27
128,3432.59,2671.27
129,3432.59,2671.27
130,3432.59,2671.27
131,3432.59,2671.27
132,3432.68,2671.38
133,3432.88,2671.38
134,3432.97,2671.49
135,3433.07,2671.49
136,3433.16,2671.6
137,3433.26,2671.71
138,3433.45,2671.71
139,3433.54,2671.83
140,3433.64,2671.83
141,3433.83,2671.94
142,3433.92,2672.05
143,3434.02,2672.05
144,3434.11,2672.16
145,3434.21,2672.16
146,3434.4,2672.27
147,3434.5,2672.38
148,3434.59,2672.38
149,3434.78,2672.49
150,3434.88,2672.49
151,3434.97,2672.6
152,3436.4,2673.27
153,3437.83,2674.04
154,3439.26,2674.71
155,3440.69,2675.37
156,3442.12,2676.15
157,3443.64,2676.81
158,3445.07,2677.48
159,3446.5,2678.15
160,3447.93,2678.92
161,3449.36,2679.59
162,3449.74,2679.81
163,3450.22,2679.92
164,3450.6,2680.14
165,3451.07,2680.36
166,3451.45,2680.47
167,3451.93,2680.7
168,3452.31,2680.92
169,3452.79,2681.14
170,3453.17,2681.25
171,3453.65,2681.47
172,3456.22,2682.69
173,3458.7,2683.8
174,3461.27,2684.91
175,3463.84,2686.13
176,3466.32,2687.35
177,3468.89,2688.46
178,3471.46,2689.57
179,3474.04,2690.78
180,3476.51,2692.0
181,3479.09,2693.11
182,3482.99,2694.78
183,3486.8,2696.44
184,3490.71,2697.99
185,3494.62,2699.65
186,3498.43,2701.32
187,3502.33,2702.98
188,3506.24,2704.64
189,3510.15,2706.2
190,3513.96,2707.86
191,3517.86,2709.52
192,3518.15,2709.63
193,3518.44,2709.74
194,3518.82,2709.97
195,3519.1,2710.08
196,3519.39,2710.19
197,3519.67,2710.3
198,3519.96,2710.41
199,3520.25,2710.52
200,3520.63,2710.74
201,3520.91,2710.85
202,3521.2,2710.96
203,3521.48,2711.07
204,3521.77,2711.19
205,3522.06,2711.3
206,3522.44,2711.52
207,3522.72,2711.63
208,3523.01,2711.74
209,3523.29,2711.85
210,3523.58,2711.96
211,3523.87,2712.07
212,3524.25,2712.29
213,3524.53,2712.41
214,3524.82,2712.52
215,3524.82,2712.52
216,3524.82,2712.52
217,3524.82,2712.52
218,3524.82,2712.52
219,3524.82,2712.52
220,3524.82,2712.52
221,3524.82,2712.52
222,3524.82,2712.52
223,3524.82,2712.52
224,3524.82,2712.52
225,3524.82,2712.52
226,3524.82,2712.52
227,3524.82,2712.52
228,3524.82,2712.52
229,3524.82,2712.52
230,3524.82,2712.52
231,3524.82,2712.52
232,3524.82,2712.52
233,3524.82,2712.52
234,3524.82,2712.52
235,3524.82,2712.52
236,3524.82,2712.52
237,3524.82,2712.52
238,3524.82,2712.52
239,3524.82,2712.52
240,3524.82,2712.52
241,3524.82,2712.52
242,3524.82,2712.52
243,3524.82,2712.52
244,3524.82,2712.52
245,3524.82,2712.52
246,3524.82,2712.52
247,3524.82,2712.52
248,3524.82,2712.52
249,3524.82,2712.52
250,3524.82,2712.52
251,3524.82,2712.52
252,3524.82,2712.52
253,3524.82,2712.52
254,3524.82,2712.52
255,3524.82,2712.52
256,3524.82,2712.52
257,3524.82,2712.52
258,3524.82,2712.52
259,3524.82,2712.52
260,3524.82,2712.52
261,3524.82,2712.52
262,3524.82,2712.52
263,3524.82,2712.52
264,3524.82,2712.52
265,3524.82,2712.52
266,3524.82,2712.52
267,3524.82,2712.52
268,3524.82,2712.52
269,3524.82,2712.52
270,3524.82,2712.52
271,3524.82,2712.52
272,3524.82,2712.52
273,3524.82,2712.52
274,3524.82,2712.52
275,3524.82,2712.52
276,3524.82,2712.52
277,3524.82,2712.52
278,3524.82,2712.52
279,3524.82,2712.52
280,3524.82,2712.52
281,3524.82,2712.52
282,3524.82,2712.52
283,3524.82,2712.52
284,3524.82,2712.52
285,3524.82,2712.52
286,3524.82,2712.52
287,3524.82,2712.52
288,3524.82,2712.52
289,3524.82,2712.52
290,3524.82,2712.52
291,3524.82,2712.52
292,3524.82,2712.52
293,3524.82,2712.52
294,3524.82,2712.52
295,3524.82,2712.52
296,3524.82,2712.52
297,3524.82,2712.52
298,3524.82,2712.52
299,3524.82,2712.52
300,3524.82,2712.52
301,3524.82,2712.52
302,3524.82,2712.52
303,3524.82,2712.52
304,3524.82,2712.52
305,3524.82,2712.52
306,3524.82,2712.52
307,3524.82,2712.52
308,3524.82,2712.52
309,3524.82,2712.52
310,3524.82,2712.52
311,3524.82,2712.52
312,3526.72,2713.29
313,3528.63,2714.18
314,3530.54,2714.96
315,3532.35,2715.84
316,3534.25,2716.73
317,3536.16,2717.51
318,3538.06,2718.28
319,3539.97,2719.17
320,3541.87,2719.94
321,3543.68,2720.83
322,3545.59,2721.72
323,3547.5,2722.49
324,3549.4,2723.38
325,3551.31,2724.16
326,3553.21,2724.93
327,3555.12,2725.82
328,3556.93,2726.71
329,3558.83,2727.48
330,3560.74,2728.37
331,3562.64,2729.15
332,3563.88,2729.48
333,3565.22,2729.7
334,3566.55,2730.03
335,3567.79,2730.37
336,3569.12,2730.7
337,3570.36,2730.92
338,3571.7,2731.25
339,3572.93,2731.59
340,3574.27,2731.81
341,3575.51,2732.14
342,3576.08,2732.03
343,3576.56,2731.92
344,3577.13,2731.81
345,3577.7,2731.7
346,3578.27,2731.59
347,3578.75,2731.36
348,3579.32,2731.25
349,3579.89,2731.14
350,3580.46,2731.03
351,3580.94,2730.92
352,3581.51,2730.81
353,3582.46,2730.15
354,3583.32,2729.37
355,3584.27,2728.7
356,3585.13,2727.93
357,3586.08,2727.26
358,3586.94,2726.6
359,3587.89,2725.82
360,3588.85,2725.16
361,3589.7,2724.38
362,3590.66,2723.71
363,3591.51,2722.94
364,3592.47,2722.27
365,3594.56,2711.52
366,3596.56,2700.87
367,3598.66,2690.12
368,3600.66,2679.48
369,3602.76,2668.72
370,3604.85,2658.08
371,3606.85,2647.32
372,3608.95,2636.68
373,3610.95,2625.92
374,3613.05,2615.28
375,3615.14,2604.53
376,3617.14,2593.77
377,3619.24,2583.13
378,3621.24,2572.37
379,3623.34,2561.73
380,3625.43,2550.97
381,3627.43,2540.33
382,3629.53,2529.58
383,3631.53,2518.93
384,3633.63,2508.18
385,3635.34,2499.31
386,3637.15,2490.33
387,3638.96,2481.46
388,3640.68,2472.48
389,3642.39,2463.61
390,3644.2,2454.74
391,3645.92,2445.75
392,3647.73,2436.89
393,3649.54,2427.9
394,3651.25,2419.03
395,3651.25,2418.92
396,3651.35,2418.81
397,3651.35,2418.7
398,3651.35,2418.59
399,3651.35,2418.59
400,3651.44,2418.48
401,3651.44,2418.37
402,3651.44,2418.26
403,3651.54,2418.15
404,3651.54,2418.04
405,3651.54,2417.93
406,3651.54,2417.81
407,3651.63,2417.7
408,3651.63,2417.7
409,3651.63,2417.59
410,3651.63,2417.48
411,3651.73,2417.37
412,3651.73,2417.26
413,3651.73,2417.26
414,3651.73,2417.26
415,3651.73,2417.26
416,3651.73,2417.26
417,3651.73,2417.26
418,3651.73,2417.26
419,3651.73,2417.26
420,3651.73,2417.26
421,3651.73,2417.26
422,3651.73,2417.26
423,3651.73,2417.26
424,3651.73,2417.26
425,3654.59,2410.05
426,3657.54,2402.85
427,3660.4,2395.64
428,3663.35,2388.43
429,3666.31,2381.23
430,3669.17,2373.91
431,3672.12,2366.7
432,3674.98,2359.5
433,3677.93,2352.29
434,3680.79,2345.08
435,3683.65,2337.88
436,3686.6,2330.67
437,3689.46,2323.46
438,3692.41,2316.25
439,3695.27,2309.05
440,3698.23,2301.73
441,3701.18,2294.52
442,3704.04,2287.32
443,3706.99,2280.11
444,3709.85,2272.9
445,3714.42,2262.81
446,3719.0,2252.84
447,3723.47,2242.75
448,3728.05,2232.66
449,3732.62,2222.68
450,3737.19,2212.59
451,3741.77,2202.5
452,3746.25,2192.41
453,3750.82,2182.43
454,3755.39,2172.34
455,3760.73,2161.14
456,3765.97,2149.83
457,3771.3,2138.64
458,3776.64,2127.33
459,3781.88,2116.02
460,3787.22,2104.82
461,3792.55,2093.51
462,3797.89,2082.31
463,3803.13,2071.11
464,3808.46,2059.8
465,3808.27,2061.69
466,3808.08,2063.57
467,3807.89,2065.46
468,3807.7,2067.34
469,3807.51,2069.23
470,3807.32,2071.11
471,3807.13,2073.0
472,3806.94,2074.88
473,3806.75,2076.77
474,3806.56,2078.65
475,3806.37,2080.43
476,3806.18,2082.31
477,3805.99,2084.2
478,3805.79,2086.08
479,3805.6,2087.97
480,3805.41,2089.85
481,3805.22,2091.74
482,3805.03,2093.62
483,3804.84,2095.51
484,3804.65,2097.39
485,3804.46,2099.28
486,3804.27,2101.16
487,3804.08,2103.05
488,3803.89,2104.93
489,3803.7,2106.82
490,3803.51,2108.7
491,3803.32,2110.58
492,3803.13,2112.47
493,3802.94,2114.35
494,3802.75,2116.24
495,3802.56,2118.12
496,3802.36,2120.01
497,3802.17,2121.78
498,3801.98,2123.67
499,3801.79,2125.55
500,3801.6,2127.44
501,3801.41,2129.32
502,3801.22,2131.21
503,3801.03,2133.09
504,3800.84,2134.98
505,3800.65,2136.86
506,3800.46,2138.75
507,3800.27,2140.63
508,3800.08,2142.52
509,3799.89,2144.4
510,3799.7,2146.29
511,3799.51,2148.17
512,3799.32,2150.06
513,3799.22,2151.94
514,3799.03,2153.83
515,3798.84,2155.71
516,3798.65,2157.6
517,3798.46,2159.48
518,3798.27,2161.36
519,3798.08,2163.14
520,3797.89,2165.02
521,3797.7,2166.91
522,3797.51,2168.79
523,3797.31,2170.68
524,3797.12,2172.56
525,3796.93,2174.45
526,3796.74,2176.33
527,3796.55,2178.22
528,3796.36,2180.1
529,3796.17,2181.99
530,3795.98,2183.87
531,3795.79,2185.76
532,3795.6,2187.64
533,3795.41,2189.53
534,3795.22,2191.41
535,3795.03,2193.3
536,3794.84,2195.18
537,3794.65,2197.07
538,3794.46,2198.95
539,3794.27,2200.84
540,3794.08,2202.61
541,3793.88,2204.49
542,3793.69,2206.38
543,3793.5,2208.26
544,3793.31,2210.15
545,3793.12,2212.03
546,3792.93,2213.92
547,3792.74,2215.8
548,3792.55,2217.69
549,3792.36,2219.57
550,3792.17,2221.46
551,3791.98,2223.34
552,3791.79,2225.23
553,3791.6,2227.11
554,3791.41,2229.0
555,3791.22,2230.88
556,3791.03,2232.77
557,3790.84,2234.65
558,3790.65,2236.54
559,3790.45,2238.42
560,3790.26,2240.31
561,3790.07,2242.19
562,3789.88,2243.97
563,3789.69,2245.85
564,3789.5,2247.74
565,3789.31,2249.62
566,3789.12,2251.5
567,3788.93,2253.39
568,3788.74,2255.27
569,3788.55,2257.16
570,3788.36,2259.04
571,3788.17,2260.93
572,3787.98,2262.81
573,3787.79,2264.7
574,3787.6,2266.58
575,3787.41,2268.47
576,3787.22,2270.35
577,3787.02,2272.24
578,3786.83,2274.12
579,3786.64,2276.01
580,3786.45,2277.89
581,3786.26,2279.78
582,3786.07,2281.66
583,3785.88,2283.44
584,3785.69,2285.32
585,3785.5,2287.21
586,3785.31,2289.09
587,3785.12,2290.98
588,3784.93,2292.86
589,3784.74,2294.75
590,3784.55,2296.63
591,3784.36,2298.52
592,3784.17,2300.4
593,3783.98,2302.28
594,3783.79,2304.17
595,3783.59,2306.05
596,3783.4,2307.94
597,3783.21,2309.82
598,3783.02,2311.71
599,3782.83,2313.59
600,3782.64,2315.48
601,3782.45,2317.36
602,3782.26,2319.25
603,3782.07,2321.13
604,3781.88,2323.02
605,3781.69,2324.79
606,3781.5,2326.68
607,3781.31,2328.56
608,3781.12,2330.45
609,3780.93,2332.33
610,3780.83,2334.22
611,3780.64,2336.1
612,3780.45,2337.99
613,3780.26,2339.87
614,3780.07,2341.76
615,3779.88,2343.64
616,3779.69,2345.53
617,3779.5,2347.41
618,3779.31,2349.3
619,3779.12,2351.18
620,3778.93,2353.06
621,3778.74,2354.95
622,3778.54,2356.83
623,3778.35,2358.72
624,3778.16,2360.6
625,3777.97,2362.49
626,3777.78,2364.37
627,3777.59,2366.15
628,3777.4,2368.03
629,3777.21,2369.92
630,3777.02,2371.8
631,3776.83,2373.69
632,3776.64,2375.57
633,3776.45,2377.46
634,3776.26,2379.34
635,3776.07,2381.23
636,3775.88,2383.11
637,3775.69,2385.0
638,3775.5,2386.88
639,3775.31,2388.77
640,3775.11,2390.65
641,3774.92,2392.54
642,3774.73,2394.42
643,3774.54,2396.31
644,3774.35,2398.19
645,3774.16,2400.08
646,3773.97,2401.96
647,3773.78,2403.84
648,3773.59,2405.62
649,3773.4,2407.5
650,3773.21,2409.39
651,3773.02,2411.27
652,3772.83,2413.16
653,3772.64,2415.04
654,3772.45,2416.93
655,3772.26,2418.81
656,3772.07,2420.7
657,3771.88,2422.58
658,3771.68,2424.47
659,3771.49,2426.35
660,3771.3,2428.24
661,3771.11,2430.12
662,3770.92,2432.01
663,3770.73,2433.89
664,3770.54,2435.78
665,3770.35,2437.66
666,3770.16,2439.55
667,3769.97,2441.43
668,3769.78,2443.32
669,3769.59,2445.2
670,3769.4,2446.97
671,3769.21,2448.86
672,3769.02,2450.74
673,3768.83,2452.63
674,3768.64,2454.51
675,3768.45,2456.4
676,3768.25,2458.28
677,3768.06,2460.17
678,3767.87,2462.05
679,3767.68,2463.94
680,3767.49,2465.82
681,3767.3,2467.71
682,3767.11,2469.59
683,3766.92,2471.48
684,3766.73,2473.36
685,3766.54,2475.25
686,3766.35,2477.13
687,3766.16,2479.02
688,3765.97,2480.9
689,3765.78,2482.79
690,3765.59,2484.67
691,3765.4,2486.45
692,3765.21,2488.33
693,3765.02,2490.22
694,3764.82,2492.1
695,3764.63,2493.98
696,3764.44,2495.87
697,3764.25,2497.75
698,3764.06,2499.64
699,3763.87,2501.52
700,3763.68,2503.41
701,3763.49,2505.29
702,3763.3,2507.18
703,3763.11,2509.06
704,3762.92,2510.95
705,3762.73,2512.83
706,3762.54,2514.72
707,3762.35,2516.6
708,3762.25,2518.49
709,3762.06,2520.37
710,3761.87,2522.26
711,3761.68,2524.14
712,3761.49,2526.03
713,3761.3,2527.8
714,3761.11,2529.69
715,3760.92,2531.57
716,3760.73,2533.46
717,3760.54,2535.34
718,3760.35,2537.23
719,3760.16,2539.11
720,3759.97,2541.0
721,3759.78,2542.88
722,3759.58,2544.76
723,3759.39,2546.65
724,3759.2,2548.53
725,3759.01,2550.42
726,3758.82,2552.3
727,3758.63,2554.19
728,3758.44,2556.07
729,3758.25,2557.96
730,3758.06,2559.84
731,3757.87,2561.73
732,3757.68,2563.61
733,3757.49,2565.5
734,3757.3,2567.38
735,3757.11,2569.16
736,3756.92,2571.04
737,3756.73,2572.93
738,3756.54,2574.81
739,3756.35,2576.7
740,3756.15,2578.58
741,3755.96,2580.47
742,3755.77,2582.35
743,3755.58,2584.24
744,3755.39,2586.12
745,3755.2,2588.01
746,3755.01,2589.89
747,3754.82,2591.78
748,3754.63,2593.66
749,3754.44,2595.54
750,3754.25,2597.43
751,3754.06,2599.31
752,3753.87,2601.2
753,3753.68,2603.08
754,3753.49,2604.97
755,3753.3,2606.85
756,3753.11,2608.63
757,3752.92,2610.51
758,3752.72,2612.4
759,3752.53,2614.28
760,3752.34,2616.17
761,3752.15,2618.05
762,3751.96,2619.94
763,3751.77,2621.82
764,3751.58,2623.71
765,3751.39,2625.59
766,3751.2,2627.48
767,3751.01,2629.36
768,3750.82,2631.25
769,3750.63,2633.13
770,3750.44,2635.02
771,3750.25,2636.9
772,3750.06,2638.79
773,3749.87,2640.67
774,3749.68,2642.56
775,3749.49,2644.44
776,3749.29,2646.32
777,3749.1,2648.21
778,3748.91,2649.98
779,3748.72,2651.87
780,3748.53,2653.75
781,3748.34,2655.64
782,3748.15,2657.52
783,3747.96,2659.41
784,3747.77,2661.29
785,3747.58,2663.18
786,3747.39,2665.06
787,3747.2,2666.95
788,3747.01,2668.83
789,3746.82,2670.72
790,3746.63,2672.6
791,3746.44,2674.49
792,3746.25,2676.37
793,3746.06,2678.26
794,3745.86,2680.14
795,3745.67,2682.03
796,3745.48,2683.91
797,3745.29,2685.8
798,3745.1,2687.68
799,3744.91,2689.45
800,3744.72,2691.34
801,3744.53,2693.22
802,3744.34,2695.11
803,3744.15,2696.99
804,3743.96,2698.88
805,3743.86,2700.76
806,3743.67,2702.65
807,3743.48,2704.53
808,3743.29,2706.42
809,3743.1,2708.3
810,3742.91,2710.19
811,3742.72,2712.07
812,3742.53,2713.96
813,3742.34,2715.84
814,3742.15,2717.73
815,3741.96,2719.61
816,3741.77,2721.5
817,3741.58,2723.38
818,3741.39,2725.27
819,3741.2,2727.15
820,3741.01,2729.04
821,3740.81,2730.81
822,3740.62,2732.7
823,3740.43,2734.58
824,3740.24,2736.46
825,3740.05,2738.35
826,3739.86,2740.23
827,3739.67,2742.12
828,3739.48,2744.0
829,3739.29,2745.89
830,3739.1,2747.77
831,3738.91,2749.66
832,3738.72,2751.54
833,3738.53,2753.43
834,3738.34,2755.31
835,3738.15,2757.2
836,3737.96,2759.08
837,3737.77,2760.97
838,3737.58,2762.85
839,3737.38,2764.74
840,3737.19,2766.62
841,3737.0,2768.51
842,3736.81,2770.39
843,3736.62,2772.17
844,3736.43,2774.05
845,3736.24,2775.94
846,3736.05,2777.82
847,3735.86,2779.71
848,3735.67,2781.59
849,3735.48,2783.48
850,3735.29,2785.36
851,3735.1,2787.24
852,3734.91,2789.13
853,3734.72,2791.01
854,3734.53,2791.01
855,3734.43,2790.9
856,3734.24,2790.9
857,3734.15,2790.9
858,3733.95,2790.9
859,3733.86,2790.79
860,3733.67,2790.79
861,3733.57,2790.79
862,3733.38,2790.68
863,3733.29,2790.68
864,3733.1,2790.68
865,3733.0,2790.57
866,3732.81,2790.57
867,3732.72,2790.57
868,3732.53,2790.57
869,3732.43,2790.46
870,3732.24,2790.46
871,3729.57,2789.79
872,3726.81,2789.13
873,3724.14,2788.46
874,3721.38,2787.8
875,3718.61,2787.13
876,3715.95,2786.47
877,3713.18,2785.8
878,3710.52,2785.14
879,3707.75,2784.47
880,3705.09,2783.81
881,3705.09,2783.81
882,3705.09,2783.81
883,3705.09,2783.81
884,3705.09,2783.81
885,3705.09,2783.81
886,3705.09,2783.81
887,3705.09,2783.81
888,3705.09,2783.81
889,3705.09,2783.81
890,3705.09,2783.81
891,3705.09,2783.81
892,3705.09,2783.81
893,3705.09,2783.81
894,3705.09,2783.81
895,3705.09,2783.81
896,3705.09,2783.81
897,3705.09,2783.81
898,3705.09,2783.81
899,3705.09,2783.81
900,3705.09,2783.81
901,3699.46,2782.26
902,3693.84,2780.7
903,3688.22,2779.15
904,3682.6,2777.6
905,3676.98,2776.05
906,3671.36,2774.49
907,3665.74,2772.94
908,3660.11,2771.39
909,3654.49,2769.84
910,3648.87,2768.29
911,3638.77,2765.51
912,3628.67,2762.74
913,3618.57,2759.97
914,3608.47,2757.2
915,3598.28,2754.43
916,3588.18,2751.77
917,3578.08,2748.99
918,3567.98,2746.22
919,3557.88,2743.45
920,3547.78,2740.68
921,3537.68,2737.91
922,3527.58,2735.13
923,3517.48,2732.36
924,3507.38,2729.59
925,3497.19,2726.93
926,3487.09,2724.16
927,3476.99,2721.39
928,3466.89,2718.61
929,3456.79,2715.84
930,3446.69,2713.07
931,3436.69,2707.75
932,3426.78,2702.43
933,3416.77,2696.99
934,3406.77,2691.67
935,3396.76,2686.35
936,3386.86,2681.03
937,3376.85,2675.71
938,3366.85,2670.27
939,3356.94,2664.95
940,3346.93,2659.63
941,3339.88,2651.31
942,3332.83,2642.89
943,3325.88,2634.57
944,3318.83,2626.26
945,3311.78,2617.83
