0,1153.15,3102.35
1,1151.91,3105.12
2,1150.68,3107.89
3,1149.44,3110.66
4,1148.29,3113.55
5,1147.05,3116.32
6,1145.82,3119.09
7,1144.58,3121.86
8,1143.43,3124.74
9,1142.2,3127.52
10,1142.01,3127.85
11,1141.91,3128.29
12,1141.72,3128.62
13,1141.62,3129.07
14,1141.43,3129.4
15,1141.34,3129.84
16,1141.15,3130.18
17,1140.96,3130.51
18,1140.86,3130.95
19,1140.67,3131.28
20,1140.58,3131.73
21,1140.39,3132.06
22,1140.19,3132.39
23,1140.1,3132.84
24,1139.91,3133.17
25,1139.81,3133.61
26,1139.62,3133.95
27,1139.53,3134.39
28,1139.34,3134.72
29,1139.34,3134.72
30,1139.34,3134.72
31,1139.34,3134.72
32,1139.34,3134.72
33,1139.34,3134.72
34,1139.34,3134.72
35,1139.34,3134.72
36,1139.34,3134.72
37,1139.34,3134.72
38,1139.34,3134.72
39,1139.34,3134.72
40,1139.34,3134.72
41,1139.34,3134.72
42,1139.34,3134.72
43,1139.34,3134.72
44,1139.34,3134.72
45,1139.34,3134.72
46,1139.34,3134.72
47,1139.34,3134.72
48,1139.34,3134.72
49,1139.34,3134.72
50,1139.34,3134.72
51,1139.34,3134.72
52,1139.34,3134.72
53,1139.34,3134.72
54,1139.34,3134.72
55,1139.34,3134.72
56,1139.34,3134.72
57,1139.34,3134.72
58,1139.34,3134.72
59,1139.34,3134.72
60,1139.34,3134.72
61,1139.34,3134.72
62,1139.34,3134.72
63,1139.34,3134.72
64,1139.34,3134.72
65,1139.34,3134.72
66,1139.34,3134.72
67,1139.34,3134.72
68,1139.34,3134.72
69,1139.34,3134.72
70,1139.34,3134.72
71,1139.34,3134.72
72,1139.34,3134.72
73,1139.34,3134.72
74,1139.34,3134.72
75,1139.34,3134.72
76,1139.34,3134.72
77,1139.34,3134.72
78,1139.34,3134.72
79,1139.34,3134.72
80,1139.34,3134.72
81,1139.34,3134.72
82,1139.34,3134.72
83,1139.34,3134.72
84,1139.34,3134.72
85,1139.34,3134.72
86,1139.34,3134.72
87,1139.34,3134.72
88,1139.34,3134.72
89,1139.34,3134.72
90,1139.34,3134.72
91,1139.34,3134.72
92,1139.34,3134.72
93,1139.34,3134.72
94,1139.34,3134.72
95,1139.34,3134.72
96,1139.34,3134.72
97,1139.34,3134.72
98,1139.34,3134.72
99,1139.34,3134.72
100,1139.34,3134.72
101,1139.34,3134.72
102,1139.34,3134.72
103,1139.34,3134.72
104,1139.34,3134.72
105,1139.34,3134.72
106,1139.34,3134.72
107,1139.34,3134.72
108,1139.34,3134.72
109,1139.34,3134.72
110,1139.34,3134.72
111,1139.34,3134.72
112,1139.34,3134.72
113,1139.34,3134.72
114,1139.34,3134.72
115,1139.34,3134.72
116,1139.34,3134.72
117,1139.34,3134.72
118,1139.34,3134.72
119,1139.34,3134.72
120,1139.34,3134.72
121,1139.34,3134.72
122,1139.34,3134.72
123,1139.34,3134.72
124,1139.34,3134.72
125,1139.34,3134.72
126,1139.34,3134.72
127,1139.34,3134.72
128,1139.34,3134.72
129,1139.34,3134.72
130,1138.19,3137.16
131,1137.05,3139.49
132,1135.81,3141.93
133,1134.67,3144.26
134,1133.53,3146.7
135,1132.38,3149.02
136,1131.14,3151.46
137,1130.0,3153.79
138,1128.86,3156.12
139,1127.62,3158.56
140,1126.47,3161.0
141,1125.33,3163.33
142,1124.19,3165.66
143,1122.95,3168.09
144,1121.81,3170.53
145,1120.66,3172.86
146,1119.52,3175.19
147,1118.28,3177.63
148,1117.14,3180.07
149,1115.99,3182.4
150,1109.8,3182.84
151,1103.61,3183.4
152,1096.56,3179.51
153,1089.51,3175.52
154,1082.46,3171.64
155,1075.41,3167.76
156,1068.26,3163.88
157,1061.21,3159.89
158,1054.16,3156.01
159,1047.11,3152.13
160,1039.01,3146.92
161,1030.91,3141.6
162,1022.91,3136.38
163,1014.81,3131.17
164,1006.71,3125.85
165,998.61,3120.64
166,990.51,3115.43
167,982.51,3110.22
168,974.41,3104.9
169,966.31,3099.69
170,955.93,3094.36
171,945.64,3088.93
172,935.25,3083.61
173,924.96,3078.18
174,914.67,3072.85
175,904.29,3067.53
176,894.0,3062.1
177,883.61,3056.78
178,873.32,3051.35
179,862.94,3046.02
180,853.5,3041.03
181,843.97,3035.93
182,834.54,3030.94
183,825.01,3025.96
184,815.58,3020.85
185,806.15,3015.87
186,796.62,3010.88
187,787.19,3005.89
188,777.66,3000.79
189,768.23,2995.8
190,763.94,2994.47
191,759.56,2993.14
192,755.27,2991.81
193,750.89,2990.36
194,746.6,2989.03
195,742.31,2987.7
196,737.93,2986.37
197,733.64,2985.04
198,729.26,2983.71
199,724.97,2982.27
200,720.68,2980.94
201,716.3,2979.61
202,712.01,2978.28
203,707.63,2976.95
204,703.34,2975.62
205,699.06,2974.29
206,694.67,2972.85
207,690.39,2971.52
208,686.0,2970.19
209,681.72,2968.86
210,681.53,2969.63
211,681.33,2970.3
212,681.14,2970.96
213,680.95,2971.74
214,680.95,2971.74
215,680.95,2971.74
216,680.95,2971.74
217,680.95,2971.74
218,680.95,2971.74
219,680.95,2971.74
220,680.95,2971.74
221,680.95,2971.74
222,680.95,2971.74
223,680.95,2971.74
224,680.95,2971.74
225,680.76,2971.96
226,680.48,2972.18
227,680.29,2972.4
228,680.0,2972.63
229,679.81,2972.85
230,679.52,2973.07
231,679.33,2973.29
232,679.05,2973.51
233,678.86,2973.73
234,678.57,2973.96
235,678.38,2974.18
236,677.52,2975.51
237,676.76,2976.73
238,675.9,2978.06
239,675.05,2979.39
240,674.28,2980.61
241,673.43,2981.94
242,672.57,2983.27
243,671.71,2984.6
244,670.95,2985.82
245,670.09,2987.15
246,670.19,2986.04
247,670.28,2984.82
248,670.47,2983.71
249,670.57,2982.6
250,670.66,2981.38
251,670.76,2980.28
252,670.95,2979.17
253,671.04,2977.95
254,671.14,2976.84
255,671.24,2975.73
256,671.43,2974.51
257,671.52,2973.4
258,671.62,2972.18
259,671.71,2971.07
260,671.81,2969.96
261,672.0,2968.74
262,672.09,2967.64
263,672.19,2966.53
264,672.28,2965.31
265,672.47,2964.2
266,672.57,2963.09
267,672.66,2961.87
268,672.76,2960.76
269,672.95,2959.65
270,673.05,2958.43
271,673.14,2957.32
272,673.14,2957.32
273,673.14,2957.32
274,673.14,2957.32
275,673.14,2957.32
276,673.14,2957.32
277,673.14,2957.32
278,673.14,2957.32
279,673.14,2957.32
280,673.14,2957.32
281,673.14,2957.32
282,673.14,2957.32
283,673.14,2957.32
284,673.14,2957.32
285,673.14,2957.32
286,673.14,2957.32
287,673.14,2957.32
288,673.14,2957.32
289,673.14,2957.32
290,673.14,2957.32
291,673.14,2957.32
292,673.14,2957.32
293,673.14,2957.32
294,673.14,2957.32
295,673.14,2957.32
296,673.14,2957.32
297,673.14,2957.32
298,673.14,2957.32
299,673.14,2957.32
300,673.14,2957.32
301,673.14,2957.32
302,673.14,2957.32
303,673.14,2957.32
304,673.14,2957.32
305,673.14,2957.32
306,673.14,2957.32
307,673.14,2957.32
308,673.14,2957.32
309,673.14,2957.32
310,673.14,2957.32
311,673.14,2957.32
312,672.47,2956.99
313,671.81,2956.66
314,671.14,2956.44
315,670.47,2956.1
316,669.81,2955.77
317,669.04,2955.44
318,668.38,2955.22
319,667.71,2954.89
320,667.04,2954.55
321,666.38,2954.22
322,665.71,2954.0
323,665.04,2953.67
324,664.38,2953.33
325,663.71,2953.0
326,662.95,2952.78
327,662.28,2952.45
328,661.61,2952.11
329,660.95,2951.78
330,660.28,2951.56
331,659.61,2951.23
332,657.13,2950.01
333,654.66,2948.79
334,652.18,2947.57
335,649.7,2946.35
336,647.23,2945.13
337,644.75,2943.8
338,642.27,2942.58
339,639.79,2941.36
340,637.32,2940.14
341,634.84,2938.92
342,630.36,2936.81
343,625.88,2934.82
344,621.5,2932.71
345,617.02,2930.71
346,612.54,2928.61
347,608.07,2926.61
348,603.59,2924.51
349,599.2,2922.51
350,594.73,2920.4
351,590.25,2918.41
352,586.25,2917.19
353,582.15,2915.97
354,578.15,2914.86
355,574.05,2913.64
356,570.05,2912.42
357,565.95,2911.2
358,561.95,2909.98
359,557.85,2908.76
360,553.85,2907.65
361,549.76,2906.43
362,545.75,2905.21
363,543.66,2905.77
364,541.56,2906.43
365,539.37,2906.99
366,537.27,2907.54
367,535.18,2908.21
368,533.08,2908.76
369,528.41,2916.97
370,523.65,2925.28
371,518.98,2933.49
372,514.22,2941.69
373,509.55,2950.01
374,504.78,2958.21
375,500.12,2966.53
376,495.35,2974.73
377,490.68,2982.94
378,485.92,2991.25
379,481.25,2999.46
380,476.49,3007.66
381,471.82,3015.98
382,467.05,3024.18
383,462.39,3032.5
384,457.62,3040.7
385,452.95,3048.91
386,448.19,3057.22
387,443.52,3065.43
388,441.52,3069.64
389,439.42,3073.85
390,437.33,3078.07
391,435.33,3082.28
392,433.23,3086.38
393,431.23,3090.59
394,429.23,3094.81
395,427.13,3099.02
396,425.04,3103.23
397,423.04,3107.45
398,423.04,3107.45
399,423.04,3107.45
400,423.04,3107.45
401,423.04,3107.45
402,423.04,3107.45
403,423.04,3107.45
404,423.04,3107.45
405,423.04,3107.45
406,423.04,3107.45
407,423.04,3107.45
408,423.04,3107.45
409,423.04,3107.45
410,423.04,3107.45
411,423.04,3107.45
412,423.04,3107.45
413,423.04,3107.45
414,423.04,3107.45
415,423.04,3107.45
416,423.04,3107.45
417,423.04,3107.45
418,423.04,3107.45
419,423.04,3107.45
420,423.04,3107.45
421,423.04,3107.45
422,423.04,3107.45
423,423.04,3107.45
424,423.04,3107.45
425,423.04,3107.45
426,423.04,3107.45
427,423.04,3107.45
428,423.04,3107.45
429,423.04,3107.45
430,423.04,3107.45
431,423.04,3107.45
432,423.04,3107.45
433,423.04,3107.45
434,423.04,3107.45
435,423.04,3107.45
436,423.04,3107.45
437,423.04,3107.45
438,423.04,3107.45
439,423.04,3107.45
440,423.04,3107.45
441,423.04,3107.45
442,423.04,3107.45
443,423.04,3107.45
444,423.04,3107.45
445,423.04,3107.45
446,423.04,3107.45
447,423.04,3107.45
448,423.04,3107.45
449,423.04,3107.45
450,423.04,3107.45
451,423.04,3107.45
452,423.04,3107.45
453,423.04,3107.45
454,423.04,3107.45
455,423.04,3107.45
456,423.04,3107.45
457,423.04,3107.45
458,421.03,3111.33
459,419.03,3115.21
460,416.94,3119.09
461,414.94,3122.97
462,412.94,3126.85
463,410.94,3130.73
464,408.93,3134.61
465,406.84,3138.49
466,404.84,3142.37
467,402.84,3146.25
468,398.17,3154.57
469,393.5,3162.88
470,388.83,3171.2
471,384.16,3179.51
472,379.49,3187.83
473,374.82,3196.15
474,370.16,3204.46
475,365.49,3212.78
476,360.82,3221.09
477,356.15,3229.41
478,351.58,3238.39
479,346.91,3247.48
480,342.33,3256.46
481,337.67,3265.55
482,333.09,3274.53
483,328.42,3283.62
484,323.76,3292.72
485,319.18,3301.7
486,314.51,3310.79
487,309.94,3319.77
488,302.98,3319.99
489,296.12,3320.21
490,289.17,3320.43
491,282.31,3320.66
492,275.35,3320.88
493,268.49,3321.1
494,261.54,3321.32
495,254.68,3321.54
496,247.72,3321.77
497,240.86,3321.99
498,233.91,3322.21
499,227.05,3322.43
500,220.09,3322.65
501,213.14,3322.87
502,206.28,3323.1
503,199.32,3323.32
504,192.46,3323.54
505,185.51,3323.76
506,178.65,3323.98
507,171.69,3324.2
508,164.83,3324.43
509,157.88,3324.65
510,151.02,3324.87
511,144.06,3325.09
512,142.73,3324.54
513,141.39,3323.87
514,140.06,3323.32
515,138.73,3322.65
516,137.39,3321.99
517,136.06,3321.43
518,134.72,3320.88
519,133.39,3320.21
520,132.06,3319.66
521,130.72,3318.99
522,130.72,3318.99
523,130.72,3318.99
524,130.72,3318.99
525,130.72,3318.99
526,130.72,3318.99
527,130.72,3318.99
528,130.72,3318.99
529,130.72,3318.99
530,130.72,3318.99
531,130.72,3318.99
532,130.72,3318.99
533,130.72,3318.99
534,130.72,3318.99
535,130.72,3318.99
536,130.72,3318.99
537,130.72,3318.99
538,130.72,3318.99
539,130.72,3318.99
540,130.72,3318.99
541,130.72,3318.99
542,130.72,3318.99
543,130.72,3318.99
544,130.72,3318.99
545,130.72,3318.99
546,130.72,3318.99
547,130.72,3318.99
548,130.72,3318.99
549,130.72,3318.99
550,130.72,3318.99
551,130.72,3318.99
552,127.29,3316.22
553,123.77,3313.34
554,120.34,3310.57
555,116.91,3307.68
556,113.38,3304.8
557,109.95,3302.03
558,106.52,3299.26
559,103.0,3296.38
560,99.57,3293.6
561,96.14,3290.72
562,92.61,3287.84
563,89.18,3285.07
564,85.66,3282.18
565,82.23,3279.41
566,78.8,3276.64
567,75.27,3273.76
568,71.84,3270.87
569,68.41,3268.1
570,64.88,3265.22
571,61.45,3262.45
