0,1600.67,3281.74
1,1602.87,3268.44
2,1605.15,3255.24
3,1607.44,3242.05
4,1609.73,3228.85
5,1612.01,3215.66
6,1614.2,3202.35
7,1616.49,3189.16
8,1618.78,3175.97
9,1619.83,3167.32
10,1620.87,3158.56
11,1621.92,3149.91
12,1622.87,3141.15
13,1623.92,3132.5
14,1624.97,3123.75
15,1626.02,3115.1
16,1627.07,3106.34
17,1628.11,3097.69
18,1629.16,3088.93
19,1630.12,3080.28
20,1631.16,3071.52
21,1632.21,3062.88
22,1633.26,3054.12
23,1634.31,3045.47
24,1635.36,3036.71
25,1636.4,3028.06
26,1637.36,3019.3
27,1638.4,3010.65
28,1639.45,3001.9
29,1640.5,2993.25
30,1641.93,2981.49
31,1643.26,2969.63
32,1644.69,2957.88
33,1646.12,2946.13
34,1647.46,2934.26
35,1648.89,2922.51
36,1650.31,2910.76
37,1651.65,2898.89
38,1653.08,2887.14
39,1653.55,2873.73
40,1654.03,2860.31
41,1654.51,2847.01
42,1654.98,2833.59
43,1655.46,2820.17
44,1655.94,2806.76
45,1656.41,2793.34
46,1656.89,2780.04
47,1657.37,2766.62
48,1657.84,2753.21
49,1657.37,2742.56
50,1656.89,2732.03
51,1656.41,2721.39
52,1655.94,2710.85
53,1655.46,2700.21
54,1654.98,2689.68
55,1654.51,2679.03
56,1654.03,2668.5
57,1653.55,2657.86
58,1660.22,2652.87
59,1659.56,2648.76
60,1658.89,2644.77
61,1658.22,2640.67
62,1657.56,2636.57
63,1656.89,2632.47
64,1656.22,2628.47
65,1655.55,2624.37
66,1654.89,2620.27
67,1654.22,2616.28
68,1653.55,2612.18
69,1653.55,2612.18
70,1653.55,2612.18
71,1653.55,2612.18
72,1653.55,2612.18
73,1653.55,2612.18
74,1653.55,2612.18
75,1653.55,2612.18
76,1653.55,2612.18
77,1653.55,2612.18
78,1653.55,2612.18
79,1653.55,2612.18
80,1653.55,2612.18
81,1653.55,2612.18
82,1653.55,2612.18
83,1653.55,2612.18
84,1653.55,2612.18
85,1653.55,2612.18
86,1653.55,2612.18
87,1653.55,2612.18
88,1653.55,2612.18
89,1653.55,2612.18
90,1653.55,2612.18
91,1653.55,2612.18
92,1653.55,2612.18
93,1653.55,2612.18
94,1653.55,2612.18
95,1653.55,2612.18
96,1653.55,2612.18
97,1653.55,2612.18
98,1653.55,2612.18
99,1653.55,2612.18
100,1653.55,2612.18
101,1653.55,2612.18
102,1653.55,2612.18
103,1653.55,2612.18
104,1653.55,2612.18
105,1653.55,2612.18
106,1653.55,2612.18
107,1653.55,2612.18
108,1653.55,2612.18
109,1653.55,2612.18
110,1653.55,2612.18
111,1653.55,2612.18
112,1653.55,2612.18
113,1653.55,2612.18
114,1653.55,2612.18
115,1653.55,2612.18
116,1653.55,2612.18
117,1653.55,2612.18
118,1653.55,2612.18
119,1653.65,2611.95
120,1653.65,2611.62
121,1653.74,2611.4
122,1653.84,2611.18
123,1653.84,2610.85
124,1653.94,2610.62
125,1654.03,2610.4
126,1654.13,2610.18
127,1654.13,2609.85
128,1654.22,2609.63
129,1654.13,2607.3
130,1654.03,2604.97
131,1653.84,2602.75
132,1653.74,2600.42
133,1653.65,2598.09
134,1653.55,2595.88
135,1653.36,2593.55
136,1653.27,2591.22
137,1653.17,2588.89
138,1653.08,2586.56
139,1652.89,2584.35
140,1652.79,2582.02
141,1652.7,2579.69
142,1652.6,2577.47
143,1652.41,2575.14
144,1652.32,2572.82
145,1655.46,2575.48
146,1658.6,2578.14
147,1653.74,2581.46
148,1648.89,2584.68
149,1644.12,2588.01
150,1639.26,2591.33
151,1636.98,2581.57
152,1634.69,2571.71
153,1632.5,2561.95
154,1630.21,2552.08
155,1643.07,2517.6
156,1650.31,2501.19
157,1657.56,2484.89
158,1674.61,2465.05
159,1691.67,2445.09
160,1708.72,2425.24
161,1725.77,2405.4
162,1742.73,2385.44
163,1759.79,2365.59
164,1776.84,2345.75
165,1793.9,2325.79
166,1810.95,2305.94
167,1820.2,2303.5
168,1829.53,2301.18
169,1837.25,2290.31
170,1844.97,2279.33
171,1852.69,2268.47
172,1860.4,2257.6
173,1868.12,2246.63
174,1875.84,2235.76
175,1881.55,2223.56
176,1887.65,2217.8
177,1887.65,2212.81
178,1893.08,2205.05
179,1898.51,2197.18
180,1903.95,2189.42
181,1909.38,2181.65
182,1914.81,2173.78
183,1920.24,2166.02
184,1925.67,2158.26
185,1931.1,2150.5
186,1936.53,2142.63
187,1941.96,2134.87
188,1947.11,2127.33
189,1952.25,2119.9
190,1957.4,2112.36
191,1962.54,2104.93
192,1967.69,2097.39
193,1960.92,2092.51
194,1954.06,2087.63
195,1947.3,2082.87
196,1940.53,2077.99
197,1933.77,2073.11
198,1926.91,2068.23
199,1920.14,2063.35
200,1913.38,2058.59
201,1906.61,2053.71
202,1899.75,2048.83
203,1892.99,2043.95
204,1886.22,2039.18
205,1879.46,2034.3
206,1872.6,2029.43
207,1865.83,2024.55
208,1859.07,2019.67
209,1852.3,2014.9
210,1845.44,2010.02
211,1838.68,2005.14
212,1829.91,2003.04
213,1821.05,2000.93
214,1812.29,1998.82
215,1803.43,1996.72
216,1794.66,1994.61
217,1785.8,1992.5
218,1776.94,1990.4
219,1768.17,1988.29
220,1759.31,1986.18
221,1750.55,1984.08
222,1742.64,1981.86
223,1734.83,1979.64
224,1727.01,1977.43
225,1719.11,1975.21
226,1711.29,1972.99
227,1703.38,1970.77
228,1695.48,1968.56
229,1687.66,1966.34
230,1679.85,1964.12
231,1671.94,1961.9
232,1661.18,1959.69
233,1650.51,1957.47
234,1639.74,1955.25
235,1629.07,1953.03
236,1618.3,1950.82
237,1607.53,1948.6
238,1596.86,1946.38
239,1586.1,1944.16
240,1575.43,1941.95
241,1564.66,1939.73
242,1553.13,1938.07
243,1541.6,1936.4
244,1529.98,1934.85
245,1518.45,1933.19
246,1506.92,1931.52
247,1495.39,1929.86
248,1483.86,1928.2
249,1472.24,1926.65
250,1460.71,1924.98
251,1449.18,1923.32
252,1443.47,1922.54
253,1437.84,1921.77
254,1432.13,1920.99
255,1426.51,1920.22
256,1420.79,1919.44
257,1415.07,1918.55
258,1409.45,1917.78
259,1403.73,1917.0
260,1398.11,1916.22
261,1392.4,1915.45
262,1386.68,1914.67
263,1381.06,1913.9
264,1375.34,1913.12
265,1369.72,1912.34
266,1364.0,1911.46
267,1358.29,1910.68
268,1352.67,1909.9
269,1346.95,1909.13
270,1341.33,1908.35
271,1335.61,1907.58
272,1335.61,1907.58
273,1335.61,1907.58
274,1335.61,1907.58
275,1335.61,1907.58
276,1335.61,1907.58
277,1335.61,1907.58
278,1335.61,1907.58
279,1335.61,1907.58
280,1335.61,1907.58
281,1335.61,1907.58
282,1335.61,1907.58
283,1335.61,1907.58
284,1335.61,1907.58
285,1335.61,1907.58
286,1335.61,1907.58
287,1335.61,1907.58
288,1335.61,1907.58
289,1335.61,1907.58
290,1335.61,1907.58
291,1335.61,1907.58
292,1335.61,1907.58
293,1335.61,1907.58
294,1335.61,1907.58
295,1335.61,1907.58
296,1335.61,1907.58
297,1335.61,1907.58
298,1335.61,1907.58
299,1335.61,1907.58
300,1335.61,1907.58
301,1335.61,1907.58
302,1335.61,1907.58
303,1335.61,1907.58
304,1335.61,1907.58
305,1335.61,1907.58
306,1335.61,1907.58
307,1335.61,1907.58
308,1335.61,1907.58
309,1335.61,1907.58
310,1335.61,1907.58
311,1335.61,1907.58
312,1335.61,1907.58
313,1335.61,1907.58
314,1335.71,1907.69
315,1335.71,1907.69
316,1335.71,1907.69
317,1335.71,1907.69
318,1335.71,1907.8
319,1335.8,1907.8
320,1335.8,1907.8
321,1335.8,1907.91
322,1335.8,1907.91
323,1335.8,1907.91
324,1335.9,1907.91
325,1335.9,1908.02
326,1335.9,1908.02
327,1335.9,1908.02
328,1335.9,1908.02
329,1335.99,1908.13
330,1335.99,1908.13
331,1335.99,1908.13
332,1335.99,1908.13
333,1335.99,1908.13
334,1335.99,1908.13
335,1335.99,1908.13
336,1335.99,1908.13
337,1335.99,1908.13
338,1335.99,1908.13
339,1335.99,1908.13
340,1335.99,1908.13
341,1335.99,1908.13
342,1334.75,1908.46
343,1333.51,1908.68
344,1332.28,1909.02
345,1331.04,1909.35
346,1329.8,1909.68
347,1328.56,1909.9
348,1327.32,1910.24
349,1326.08,1910.57
350,1324.84,1910.79
351,1323.61,1911.12
352,1321.99,1910.9
353,1320.27,1910.79
354,1318.65,1910.57
355,1317.03,1910.35
356,1315.32,1910.24
357,1313.7,1910.01
358,1309.31,1909.02
359,1305.03,1907.91
360,1300.64,1906.91
361,1296.36,1905.8
362,1291.97,1904.8
363,1287.59,1903.81
364,1283.3,1902.7
365,1278.92,1901.7
366,1274.63,1900.59
367,1270.25,1899.59
368,1270.92,1898.93
369,1271.68,1898.37
370,1272.35,1897.71
371,1273.01,1897.04
372,1273.68,1896.49
373,1274.44,1895.82
374,1275.11,1895.16
375,1275.78,1894.6
376,1276.44,1893.94
377,1277.2,1893.38
378,1277.87,1892.72
379,1278.54,1892.05
380,1279.21,1891.5
381,1279.87,1890.83
382,1280.63,1890.17
383,1281.3,1889.61
384,1281.97,1888.95
385,1282.64,1888.28
386,1283.4,1887.73
387,1284.06,1887.06
388,1284.06,1887.06
389,1284.06,1887.06
390,1284.06,1887.06
391,1284.06,1887.06
392,1284.06,1887.06
393,1284.06,1887.06
394,1284.06,1887.06
395,1284.06,1887.06
396,1284.06,1887.06
397,1284.06,1887.06
398,1284.06,1887.06
399,1284.06,1887.06
400,1284.06,1887.06
401,1284.06,1887.06
402,1284.06,1887.06
403,1284.06,1887.06
404,1284.06,1887.06
405,1284.06,1887.06
406,1284.06,1887.06
407,1284.06,1887.06
408,1284.06,1887.06
409,1284.06,1887.06
410,1284.06,1887.06
411,1284.06,1887.06
412,1284.06,1887.06
413,1284.06,1887.06
414,1284.06,1887.06
415,1284.06,1887.06
416,1284.06,1887.06
417,1284.06,1887.06
418,1284.06,1887.06
419,1284.06,1887.06
420,1284.06,1887.06
421,1284.06,1887.06
422,1284.06,1887.06
423,1284.06,1887.06
424,1284.06,1887.06
425,1284.06,1887.06
426,1284.06,1887.06
427,1284.06,1887.06
428,1284.16,1887.18
429,1284.16,1887.29
430,1284.26,1887.29
431,1284.35,1887.4
432,1284.35,1887.51
433,1284.45,1887.62
434,1284.54,1887.62
435,1284.54,1887.73
436,1284.64,1887.84
437,1284.64,1887.95
438,1284.73,1887.95
439,1284.83,1888.06
440,1284.83,1888.17
441,1284.92,1888.28
442,1285.02,1888.28
443,1285.02,1888.39
444,1285.11,1888.51
445,1285.21,1888.51
446,1285.21,1888.62
447,1285.3,1888.73
448,1285.3,1888.73
449,1285.3,1888.73
450,1285.3,1888.73
451,1285.3,1888.73
452,1285.3,1888.73
453,1285.3,1888.73
454,1285.3,1888.73
455,1285.3,1888.73
456,1285.3,1888.73
457,1285.3,1888.73
458,1285.3,1888.73
459,1285.3,1888.73
460,1285.3,1888.73
461,1285.3,1888.73
462,1285.3,1888.73
463,1285.3,1888.73
464,1285.3,1888.73
465,1285.3,1888.73
466,1285.3,1888.73
467,1285.3,1888.73
468,1285.3,1888.73
469,1285.3,1888.73
470,1285.3,1888.73
471,1285.3,1888.73
472,1285.3,1888.73
473,1285.3,1888.73
474,1285.3,1888.73
475,1285.3,1888.73
476,1285.3,1888.73
477,1285.3,1888.73
478,1285.3,1888.73
479,1285.3,1888.73
480,1285.3,1888.73
481,1285.3,1888.73
482,1285.3,1888.73
483,1285.3,1888.73
484,1285.3,1888.73
485,1285.3,1888.73
486,1285.3,1888.73
487,1285.3,1888.73
488,1285.3,1888.73
489,1285.3,1888.73
490,1285.3,1888.73
491,1285.3,1888.73
492,1285.3,1888.73
493,1285.3,1888.73
494,1285.3,1888.84
495,1285.3,1888.95
496,1285.3,1889.06
497,1285.3,1889.17
498,1285.3,1889.28
499,1285.3,1889.39
500,1285.3,1889.5
501,1285.3,1889.61
502,1285.3,1889.73
503,1285.3,1889.84
504,1285.3,1889.95
505,1285.3,1890.06
506,1285.3,1890.17
507,1285.3,1890.28
508,1285.3,1890.39
509,1285.3,1890.5
510,1285.3,1890.61
511,1285.3,1890.72
512,1285.3,1890.83
513,1285.3,1890.94
514,1285.3,1890.94
515,1285.3,1890.94
516,1285.3,1890.94
517,1285.3,1890.94
518,1285.3,1890.94
519,1285.3,1890.94
520,1285.3,1890.94
521,1285.3,1890.94
522,1285.3,1890.94
523,1285.3,1890.94
524,1285.3,1890.94
525,1285.3,1890.94
526,1285.3,1890.94
527,1285.3,1890.94
528,1285.3,1890.94
529,1285.3,1890.94
530,1285.3,1890.94
531,1285.3,1890.94
532,1285.3,1890.94
533,1285.3,1890.94
534,1285.3,1890.94
535,1285.3,1890.94
536,1285.3,1890.94
537,1285.3,1890.94
538,1285.3,1890.94
539,1285.3,1890.94
540,1285.3,1890.94
541,1285.3,1890.94
542,1285.3,1890.94
543,1285.3,1890.94
544,1285.3,1890.94
545,1285.3,1890.94
546,1285.3,1890.94
547,1285.3,1890.94
548,1285.3,1890.94
549,1285.3,1890.94
550,1285.3,1890.94
551,1285.3,1890.94
552,1285.3,1890.94
553,1285.3,1890.94
554,1285.11,1890.94
555,1285.02,1890.94
556,1284.83,1890.94
557,1284.64,1890.94
558,1284.54,1890.94
559,1284.35,1890.94
560,1284.16,1890.94
561,1283.97,1890.94
562,1283.87,1890.94
563,1283.68,1890.94
564,1283.49,1890.94
565,1283.4,1890.94
566,1283.21,1890.94
567,1283.02,1890.94
568,1282.92,1890.94
569,1282.73,1890.94
570,1282.35,1890.72
571,1281.87,1890.61
572,1281.49,1890.39
573,1281.11,1890.17
574,1280.63,1889.95
575,1280.25,1889.84
576,1279.87,1889.61
577,1279.49,1889.39
578,1279.02,1889.28
579,1278.63,1889.06
580,1277.87,1889.5
581,1277.11,1889.95
582,1276.25,1890.5
583,1275.49,1890.94
584,1274.73,1891.39
585,1273.97,1891.83
586,1273.2,1892.28
587,1272.35,1892.83
588,1271.58,1893.27
589,1270.82,1893.72
590,1270.82,1893.72
591,1270.82,1893.72
592,1270.82,1893.72
593,1270.82,1893.72
594,1270.82,1893.72
595,1270.82,1893.72
596,1270.82,1893.72
597,1270.82,1893.72
598,1270.82,1893.72
599,1270.82,1893.72
600,1270.82,1893.72
601,1270.82,1893.72
602,1270.82,1893.72
603,1270.82,1893.72
604,1270.82,1893.72
605,1270.82,1893.72
606,1270.82,1893.72
607,1270.82,1893.72
608,1270.82,1893.72
609,1270.82,1893.72
610,1270.82,1893.72
611,1270.82,1893.72
612,1270.82,1893.72
613,1270.82,1893.72
614,1270.82,1893.72
615,1270.82,1893.72
616,1270.82,1893.72
617,1270.82,1893.72
618,1270.82,1893.72
619,1270.82,1893.72
620,1270.82,1893.72
621,1270.82,1893.72
622,1270.82,1893.72
623,1270.82,1893.72
624,1270.82,1893.72
625,1270.82,1893.72
626,1270.82,1893.72
627,1270.82,1893.72
628,1270.82,1893.72
629,1270.82,1893.72
630,1270.82,1893.72
631,1270.82,1893.72
632,1270.82,1893.72
633,1270.82,1893.72
634,1270.82,1893.72
635,1270.82,1893.72
636,1270.82,1893.72
637,1270.82,1893.72
638,1270.82,1893.72
639,1270.82,1893.72
640,1270.73,1893.72
641,1270.54,1893.83
642,1270.34,1893.83
643,1270.25,1893.83
644,1270.06,1893.83
645,1269.96,1893.94
646,1269.77,1893.94
647,1269.68,1893.94
648,1269.49,1894.05
649,1269.39,1894.05
650,1269.39,1894.05
651,1269.39,1894.05
652,1269.39,1894.05
653,1269.39,1894.05
654,1269.39,1894.05
655,1269.39,1894.05
656,1269.39,1894.05
657,1269.39,1894.05
658,1269.39,1894.05
659,1269.39,1894.05
660,1269.39,1894.05
661,1269.39,1894.05
662,1269.39,1894.05
663,1269.39,1894.05
664,1269.39,1894.05
665,1269.39,1894.05
666,1269.39,1894.05
667,1269.39,1894.05
668,1269.39,1894.05
669,1269.39,1894.05
670,1270.92,1894.6
671,1272.44,1895.16
672,1273.97,1895.71
673,1275.49,1896.16
674,1277.11,1896.71
675,1278.63,1897.26
676,1280.16,1897.82
677,1281.68,1898.37
678,1283.21,1898.93
679,1284.73,1899.48
680,1286.26,1899.93
681,1287.78,1900.48
682,1289.31,1901.03
683,1290.83,1901.59
684,1292.35,1902.14
685,1293.97,1902.7
686,1295.5,1903.14
687,1297.02,1903.7
688,1298.55,1904.25
689,1300.07,1904.8
690,1303.31,1907.69
691,1306.55,1910.57
692,1309.69,1913.56
693,1312.93,1916.45
694,1316.17,1919.33
695,1319.41,1922.21
696,1322.65,1925.09
697,1325.8,1928.09
698,1329.04,1930.97
699,1332.28,1933.85
700,1338.56,1935.52
701,1344.85,1937.18
702,1352.76,1935.85
703,1360.57,1934.41
704,1368.48,1932.97
705,1376.39,1931.64
706,1384.3,1930.3
707,1392.11,1928.86
708,1400.02,1927.53
709,1407.93,1926.09
710,1415.74,1924.76
711,1423.65,1923.32
712,1430.98,1924.43
713,1438.32,1925.54
714,1445.56,1926.65
715,1452.9,1927.75
716,1460.23,1928.97
717,1467.57,1930.08
718,1474.91,1931.19
719,1482.15,1932.3
720,1489.48,1933.41
721,1496.82,1934.52
722,1507.11,1935.52
723,1517.31,1936.51
724,1527.6,1937.62
725,1537.89,1938.62
726,1548.18,1939.62
727,1558.37,1940.62
728,1568.66,1941.61
729,1578.95,1942.72
730,1589.15,1943.72
731,1599.44,1944.72
732,1606.39,1946.38
733,1613.44,1948.16
734,1620.4,1949.82
735,1627.45,1951.48
736,1634.4,1953.26
737,1641.36,1954.92
738,1648.41,1956.58
739,1655.36,1958.36
740,1662.41,1960.02
741,1669.37,1961.68
742,1676.33,1963.46
743,1683.38,1965.12
744,1690.33,1966.89
745,1697.38,1968.56
746,1704.34,1970.22
747,1711.29,1971.99
748,1718.34,1973.66
749,1725.3,1975.32
750,1732.35,1977.09
751,1739.3,1978.76
752,1747.59,1981.2
753,1755.98,1983.63
754,1764.27,1986.07
755,1772.56,1988.51
756,1780.94,1990.95
757,1789.23,1993.39
758,1797.52,1995.83
759,1805.81,1998.27
760,1814.19,2000.71
761,1822.48,2003.15
762,1830.39,2005.03
763,1838.39,2006.92
764,1846.3,2008.69
765,1854.31,2010.58
766,1862.21,2012.46
767,1870.12,2014.35
768,1878.12,2016.23
769,1886.03,2018.01
770,1894.04,2019.89
771,1901.94,2021.78
772,1907.76,2023.88
773,1913.57,2025.99
774,1919.48,2028.1
775,1925.29,2030.2
776,1931.1,2032.42
777,1936.91,2034.53
778,1942.82,2036.63
779,1948.63,2038.74
780,1954.44,2040.85
781,1958.16,2048.16
782,1961.87,2055.48
783,1965.59,2062.8
784,1969.31,2070.12
785,1973.02,2077.43
786,1976.74,2084.64
787,1980.45,2091.96
788,1984.17,2099.28
789,1987.89,2106.59
790,1991.6,2113.91
791,1995.32,2121.23
792,1994.08,2126.0
793,1992.84,2130.76
794,1991.6,2135.64
795,1990.36,2140.41
796,1989.12,2145.18
797,1987.89,2149.94
798,1986.65,2154.71
799,1985.31,2159.48
800,1984.07,2164.36
801,1982.84,2169.13
802,1981.6,2173.89
803,1980.36,2178.66
804,1979.12,2183.43
805,1977.88,2188.31
806,1976.64,2193.07
807,1975.4,2197.84
808,1975.98,2205.05
809,1976.55,2212.14
810,1977.12,2219.35
811,1977.69,2226.56
812,1978.17,2233.65
813,1978.74,2240.86
814,1979.31,2248.07
815,1979.88,2255.27
816,1980.45,2262.37
817,1981.03,2269.58
818,1984.74,2273.46
819,1988.46,2277.34
820,1993.22,2278.23
821,1996.84,2276.01
822,2003.13,2278.78
823,2009.42,2281.66
824,2015.71,2284.55
825,2022.0,2287.32
826,2028.28,2290.09
827,2034.57,2292.97
828,2040.86,2295.74
829,2047.15,2298.63
830,2053.44,2301.51
831,2059.73,2304.28
832,2059.73,2304.28
833,2059.82,2304.28
834,2059.82,2304.39
835,2059.92,2304.39
836,2059.92,2304.39
837,2059.92,2304.39
838,2060.01,2304.39
839,2060.01,2304.5
840,2060.11,2304.5
841,2060.11,2304.5
842,2060.11,2304.5
843,2060.11,2304.5
844,2060.11,2304.5
845,2060.11,2304.5
846,2060.11,2304.5
847,2060.11,2304.5
848,2060.11,2304.5
849,2060.11,2304.5
850,2060.11,2304.5
851,2060.11,2304.5
852,2066.3,2307.27
853,2072.59,2309.94
854,2078.78,2312.71
855,2084.97,2315.48
856,2091.17,2318.25
857,2097.46,2320.91
858,2103.65,2323.68
859,2109.84,2326.46
860,2116.03,2329.23
861,2122.32,2331.89
862,2128.52,2334.66
863,2134.71,2337.43
864,2140.9,2340.2
865,2147.19,2342.86
866,2153.38,2345.64
867,2159.58,2348.41
868,2165.77,2351.18
869,2172.06,2353.84
870,2178.25,2356.61
871,2181.87,2362.38
872,2185.59,2368.25
873,2189.21,2374.02
874,2196.16,2374.35
875,2203.02,2374.69
876,2209.98,2375.13
877,2216.93,2375.46
878,2218.08,2372.14
879,2223.41,2373.47
880,2228.84,2374.69
881,2232.08,2381.0
882,2237.32,2384.66
883,2243.52,2386.55
884,2249.81,2388.43
885,2252.85,2384.0
886,2255.9,2379.67
887,2258.86,2375.24
888,2261.91,2370.8
889,2264.19,2366.04
890,2266.57,2361.27
891,2268.86,2356.5
892,2271.15,2351.73
893,2273.53,2346.97
894,2275.82,2342.2
895,2278.1,2337.43
896,2280.39,2332.66
897,2282.77,2327.9
898,2285.06,2323.13
899,2286.01,2322.13
900,2286.87,2321.02
901,2287.82,2320.02
902,2288.77,2319.03
903,2289.63,2317.92
904,2290.58,2316.92
905,2291.54,2315.92
906,2292.49,2314.92
907,2293.35,2313.82
908,2294.3,2312.82
909,2294.3,2312.82
910,2294.3,2312.82
911,2294.3,2312.82
912,2294.3,2312.82
913,2294.3,2312.82
914,2294.3,2312.82
915,2294.3,2312.82
916,2294.3,2312.82
917,2294.3,2312.82
918,2294.3,2312.82
919,2294.3,2312.82
920,2294.3,2312.82
921,2294.3,2312.82
922,2294.3,2312.82
923,2294.3,2312.82
924,2294.3,2312.82
925,2294.3,2312.82
926,2294.3,2312.82
927,2294.3,2312.82
928,2294.3,2312.82
929,2294.3,2312.82
930,2294.3,2312.82
931,2294.3,2312.82
932,2294.3,2312.82
933,2294.3,2312.82
934,2294.3,2312.82
935,2294.3,2312.82
936,2294.3,2312.82
937,2294.3,2312.82
938,2294.3,2312.82
939,2294.3,2312.82
940,2294.3,2312.82
941,2294.3,2312.82
942,2294.3,2312.82
943,2294.3,2312.82
944,2294.3,2312.82
945,2294.3,2312.82
