0,1341.71,1737.94
1,1338.66,1749.14
2,1335.61,1760.23
3,1332.47,1771.31
4,1329.42,1782.51
5,1326.27,1793.6
6,1326.18,1799.25
7,1325.99,1804.8
8,1325.89,1810.45
9,1325.7,1816.11
10,1325.61,1821.76
11,1325.42,1827.3
12,1325.32,1832.96
13,1325.03,1839.39
14,1324.56,1842.05
15,1324.18,1844.71
16,1323.7,1847.37
17,1323.22,1850.03
18,1322.84,1852.8
19,1322.37,1855.47
20,1321.89,1858.13
21,1321.51,1860.79
22,1321.03,1863.45
23,1320.65,1866.11
24,1320.18,1868.77
25,1319.7,1871.43
26,1319.32,1874.2
27,1318.84,1876.86
28,1318.37,1879.52
29,1317.98,1882.19
30,1317.51,1884.85
31,1317.51,1884.85
32,1317.51,1884.85
33,1317.51,1884.85
34,1317.51,1884.85
35,1317.51,1884.85
36,1317.51,1884.85
37,1317.51,1884.85
38,1317.51,1884.85
39,1317.51,1884.85
40,1317.51,1884.85
41,1317.51,1884.85
42,1317.51,1884.85
43,1317.51,1884.85
44,1317.51,1884.85
45,1317.51,1884.85
46,1317.51,1884.85
47,1317.51,1884.85
48,1317.51,1884.85
49,1317.51,1884.85
50,1317.51,1884.85
51,1317.51,1884.85
52,1317.51,1884.85
53,1317.51,1884.85
54,1317.51,1884.85
55,1317.51,1884.85
56,1317.51,1884.85
57,1317.51,1884.85
58,1317.51,1884.85
59,1317.51,1884.85
60,1317.51,1884.85
61,1317.51,1884.85
62,1317.51,1884.85
63,1317.51,1884.85
64,1317.51,1884.85
65,1317.51,1884.85
66,1317.51,1884.85
67,1317.51,1884.85
68,1317.51,1884.85
69,1317.51,1884.85
70,1317.51,1884.85
71,1317.51,1884.85
72,1317.51,1884.85
73,1317.51,1884.85
74,1317.51,1884.85
75,1317.51,1884.85
76,1317.51,1884.85
77,1317.51,1884.85
78,1317.51,1884.85
79,1317.51,1884.85
80,1317.51,1884.85
81,1317.51,1884.85
82,1317.51,1884.85
83,1317.51,1884.85
84,1317.51,1884.85
85,1317.51,1884.85
86,1317.51,1884.85
87,1317.51,1884.85
88,1317.51,1884.85
89,1317.51,1884.85
90,1317.51,1884.85
91,1317.13,1886.07
92,1316.75,1887.18
93,1316.36,1888.39
94,1315.98,1889.5
95,1315.7,1890.72
96,1315.32,1891.94
97,1314.94,1893.05
98,1314.55,1894.27
99,1313.41,1904.14
100,1312.27,1914.12
101,1311.12,1923.98
102,1309.98,1933.85
103,1308.93,1943.72
104,1307.79,1953.7
105,1306.65,1963.57
106,1305.5,1973.43
107,1304.36,1983.41
108,1303.22,1993.28
109,1302.45,2003.81
110,1301.79,2014.35
111,1301.02,2024.99
112,1300.36,2035.52
113,1299.6,2046.06
114,1298.83,2056.7
115,1298.17,2067.23
116,1297.4,2077.77
117,1298.64,2083.98
118,1299.88,2090.18
119,1301.12,2096.39
120,1302.36,2102.6
121,1303.69,2108.81
122,1304.93,2115.02
123,1306.17,2121.23
124,1307.41,2127.44
125,1308.65,2133.65
126,1309.89,2139.86
127,1309.98,2140.74
128,1310.08,2141.63
129,1310.17,2142.52
130,1310.27,2143.4
131,1310.36,2144.29
132,1310.46,2145.07
133,1310.55,2145.95
134,1310.65,2146.84
135,1310.74,2147.73
136,1310.84,2148.61
137,1310.93,2149.5
138,1311.03,2150.39
139,1311.12,2151.28
140,1311.22,2152.16
141,1311.31,2152.94
142,1311.41,2153.83
143,1311.51,2154.71
144,1311.6,2155.6
145,1311.7,2156.49
146,1311.79,2157.37
147,1311.79,2157.37
148,1311.79,2157.37
149,1311.79,2157.37
150,1311.79,2157.37
151,1311.79,2157.37
152,1311.79,2157.37
153,1311.79,2157.37
154,1311.79,2157.37
155,1311.79,2157.37
156,1311.79,2157.37
157,1311.79,2157.37
158,1311.79,2157.37
159,1311.79,2157.37
160,1311.79,2157.37
161,1311.79,2157.37
162,1311.79,2157.37
163,1311.79,2157.37
164,1311.79,2157.37
165,1311.79,2157.37
166,1311.79,2157.37
167,1311.79,2157.37
168,1311.79,2157.37
169,1311.79,2157.37
170,1311.79,2157.37
171,1311.79,2157.37
172,1311.79,2157.37
173,1311.79,2157.37
174,1311.79,2157.37
175,1311.79,2157.37
176,1311.79,2157.37
177,1311.79,2157.37
178,1311.79,2157.37
179,1311.79,2157.37
180,1311.79,2157.37
181,1311.79,2157.37
182,1311.79,2157.37
183,1311.79,2157.37
184,1311.79,2157.37
185,1311.79,2157.37
186,1311.79,2157.37
187,1311.79,2157.37
188,1311.79,2157.37
189,1311.79,2157.37
190,1311.79,2157.37
191,1311.79,2157.37
192,1311.79,2157.37
193,1311.79,2157.37
194,1311.79,2157.37
195,1311.79,2157.37
196,1311.79,2157.37
197,1311.79,2157.37
198,1311.79,2157.37
199,1311.79,2157.37
200,1311.79,2157.37
201,1311.79,2157.37
202,1311.79,2157.37
203,1311.79,2157.37
204,1311.79,2157.37
205,1311.79,2157.37
206,1311.79,2157.37
207,1312.08,2159.26
208,1312.36,2161.03
209,1312.65,2162.92
210,1312.93,2164.8
211,1313.22,2166.58
212,1313.41,2168.46
213,1313.7,2170.35
214,1313.98,2172.23
215,1314.27,2174.0
216,1314.55,2175.89
217,1315.7,2177.44
218,1316.75,2179.1
219,1317.89,2180.66
220,1318.94,2182.32
221,1320.08,2183.87
222,1328.85,2184.32
223,1337.71,2184.87
224,1346.57,2185.42
225,1355.33,2185.87
226,1368.58,2185.31
227,1381.82,2184.65
228,1395.16,2184.09
229,1408.4,2183.54
230,1421.65,2182.99
231,1434.89,2182.32
232,1448.13,2181.77
233,1461.47,2181.21
234,1474.72,2180.55
235,1487.96,2179.99
236,1501.97,2179.33
237,1515.97,2178.66
238,1529.88,2178.0
239,1543.89,2177.33
240,1557.89,2176.67
241,1571.9,2176.11
242,1585.91,2175.45
243,1599.82,2174.78
244,1613.82,2174.12
245,1627.83,2173.45
246,1643.07,2178.11
247,1658.41,2182.87
248,1673.66,2187.53
249,1688.9,2192.19
250,1704.15,2196.96
251,1719.49,2201.61
252,1734.73,2206.27
253,1749.98,2211.04
254,1765.22,2215.69
255,1780.46,2220.35
256,1795.8,2225.12
257,1811.05,2229.77
258,1826.29,2234.54
259,1841.54,2239.2
260,1856.88,2243.85
261,1872.12,2248.62
262,1887.37,2253.28
263,1902.61,2257.94
264,1917.95,2262.7
265,1933.2,2267.36
266,1948.06,2275.01
267,1962.83,2282.55
268,1977.69,2290.09
269,1992.55,2297.74
270,2007.42,2305.39
271,2022.19,2312.93
272,2037.05,2320.58
273,2051.91,2328.12
274,2066.68,2335.66
275,2081.54,2343.31
276,2097.55,2350.96
277,2113.56,2358.61
278,2129.56,2366.26
279,2145.57,2373.91
280,2161.58,2381.56
281,2177.58,2389.21
282,2193.59,2396.86
283,2209.6,2404.51
284,2225.6,2412.16
285,2241.61,2419.81
286,2256.57,2426.8
287,2271.62,2433.78
288,2286.58,2440.88
289,2301.64,2447.86
290,2316.6,2454.85
291,2331.65,2461.83
292,2346.61,2468.82
293,2361.66,2475.91
294,2376.62,2482.9
295,2391.67,2489.88
296,2405.49,2497.31
297,2419.21,2504.85
298,2433.03,2512.28
299,2446.75,2519.71
300,2460.56,2527.25
301,2474.38,2534.68
302,2488.1,2542.1
303,2501.91,2549.53
304,2515.63,2557.07
305,2529.45,2564.5
306,2540.4,2572.37
307,2551.46,2580.13
308,2562.41,2588.01
309,2573.37,2595.77
310,2584.42,2603.64
311,2595.38,2611.51
312,2606.34,2619.27
313,2617.39,2627.14
314,2628.35,2634.9
315,2639.3,2642.78
316,2650.36,2650.65
317,2661.31,2658.41
318,2672.36,2666.28
319,2683.32,2674.04
320,2694.28,2681.92
321,2705.33,2689.79
322,2716.29,2697.55
323,2727.24,2705.42
324,2738.3,2713.18
325,2749.25,2721.05
326,2760.69,2728.04
327,2772.12,2735.13
328,2783.46,2742.12
329,2794.89,2749.22
330,2806.33,2756.31
331,2817.76,2763.3
332,2829.19,2770.39
333,2840.53,2777.38
334,2851.96,2784.36
335,2863.4,2791.46
336,2877.88,2800.11
337,2892.36,2808.75
338,2906.84,2817.29
339,2921.33,2825.94
340,2935.81,2834.59
341,2950.29,2843.24
342,2964.77,2851.88
343,2979.26,2860.42
344,2993.74,2869.07
345,3008.22,2877.72
346,3024.32,2886.14
347,3040.42,2894.68
348,3056.62,2903.11
349,3072.72,2911.53
350,3088.83,2919.96
351,3104.93,2928.5
352,3121.03,2936.92
353,3137.23,2945.35
354,3153.33,2953.89
355,3169.43,2962.31
356,3182.58,2965.64
357,3195.82,2969.08
358,3208.97,2972.4
359,3222.12,2975.84
360,3235.27,2979.17
361,3248.51,2982.6
362,3261.66,2985.93
363,3274.81,2989.37
364,3288.05,2992.69
365,3301.2,2996.13
366,3313.78,2995.46
367,3326.45,2994.8
368,3339.03,2994.13
369,3351.7,2993.36
370,3364.28,2992.69
371,3376.95,2992.03
372,3389.52,2991.36
373,3402.2,2990.7
374,3414.77,2990.03
375,3427.44,2989.37
376,3440.02,2988.59
377,3452.6,2987.93
378,3465.27,2987.26
379,3477.85,2986.6
380,3490.52,2985.93
381,3503.1,2985.26
382,3515.77,2984.49
383,3528.34,2983.82
384,3541.02,2983.16
385,3553.59,2982.49
386,3564.55,2985.82
387,3575.41,2989.03
388,3586.37,2992.36
389,3597.33,2995.58
390,3608.19,2998.9
391,3619.14,3002.12
392,3625.15,3004.89
393,3631.15,3007.77
394,3637.25,3010.54
395,3643.25,3013.43
396,3649.25,3016.2
397,3655.25,3018.97
398,3661.26,3021.85
399,3667.26,3024.62
400,3673.36,3027.4
401,3679.36,3030.28
402,3685.36,3033.05
403,3691.37,3035.93
404,3697.37,3038.71
405,3703.37,3041.48
406,3709.47,3044.36
407,3715.47,3047.13
408,3721.47,3049.9
409,3727.48,3052.79
410,3733.48,3055.56
411,3739.48,3058.44
412,3745.58,3061.21
413,3751.58,3063.98
414,3757.58,3066.87
415,3763.59,3069.64
416,3769.59,3072.41
417,3775.59,3075.29
418,3781.69,3078.07
419,3787.69,3080.95
420,3793.69,3083.72
