0,1248.62,2965.86
1,1247.57,2965.86
2,1246.53,2965.86
3,1245.38,2965.97
4,1244.33,2965.97
5,1243.29,2965.97
6,1242.24,2965.97
7,1241.19,2965.97
8,1240.05,2966.08
9,1239.0,2966.08
10,1237.95,2966.08
11,1235.85,2967.41
12,1233.76,2968.74
13,1231.76,2970.07
14,1229.66,2971.41
15,1227.56,2972.74
16,1225.47,2974.07
17,1223.37,2975.4
18,1221.37,2976.73
19,1219.28,2978.06
20,1217.18,2979.39
21,1215.08,2980.72
22,1212.99,2982.05
23,1210.99,2983.38
24,1208.89,2984.71
25,1206.79,2986.04
26,1204.7,2987.37
27,1202.6,2988.7
28,1200.6,2990.03
29,1198.51,2991.36
30,1196.41,2992.69
31,1195.17,2995.8
32,1193.93,2999.01
33,1192.6,3002.12
34,1191.36,3005.22
35,1190.12,3008.44
36,1188.88,3011.54
37,1187.64,3014.65
38,1186.31,3017.75
39,1185.07,3020.97
40,1183.83,3024.07
41,1183.45,3025.62
42,1182.97,3027.06
43,1182.59,3028.62
44,1182.21,3030.06
45,1181.83,3031.61
46,1181.36,3033.05
47,1180.97,3034.6
48,1180.59,3036.16
49,1180.12,3037.6
50,1179.74,3039.15
51,1179.35,3040.59
52,1178.97,3042.14
53,1178.5,3043.58
54,1178.12,3045.14
55,1177.73,3046.69
56,1177.26,3048.13
57,1176.88,3049.68
58,1176.5,3051.12
59,1176.11,3052.68
60,1175.64,3054.12
61,1175.26,3055.67
62,1175.26,3055.78
63,1175.26,3056.0
64,1175.16,3056.11
65,1175.16,3056.33
66,1175.16,3056.45
67,1175.16,3056.67
68,1175.07,3056.78
69,1175.07,3057.0
70,1175.07,3057.11
71,1175.07,3057.11
72,1175.07,3057.11
73,1175.16,3057.11
74,1175.16,3057.11
75,1175.16,3057.11
76,1175.16,3057.11
77,1175.16,3057.11
78,1175.26,3057.11
79,1175.26,3057.11
80,1175.26,3057.11
81,1175.26,3057.0
82,1175.26,3057.0
83,1175.35,3057.0
84,1175.35,3057.0
85,1175.35,3057.0
86,1175.35,3057.0
87,1175.35,3057.0
88,1175.45,3057.0
89,1175.45,3057.0
90,1175.45,3057.0
91,1175.45,3057.0
92,1175.45,3056.89
93,1175.54,3056.89
94,1175.54,3056.78
95,1175.54,3056.78
96,1175.54,3056.78
97,1175.64,3056.67
98,1175.64,3056.67
99,1175.64,3056.67
100,1175.64,3056.56
101,1175.73,3056.56
102,1175.73,3056.45
103,1175.73,3056.45
104,1175.73,3056.45
105,1175.83,3056.33
106,1175.83,3056.33
107,1175.83,3056.33
108,1175.83,3056.33
109,1175.92,3056.22
110,1175.92,3056.22
111,1175.92,3056.22
112,1175.92,3056.22
113,1175.92,3056.33
114,1175.92,3056.33
115,1175.92,3056.33
116,1175.92,3056.33
117,1175.92,3056.33
118,1175.92,3056.45
119,1175.92,3056.45
120,1175.92,3056.45
121,1175.73,3056.89
122,1175.54,3057.33
123,1175.35,3057.78
124,1175.16,3058.22
125,1174.97,3058.66
126,1174.78,3059.11
127,1174.59,3059.55
128,1174.4,3059.99
129,1174.21,3060.44
130,1174.02,3060.88
131,1173.83,3061.32
132,1173.64,3061.77
133,1173.26,3062.88
134,1172.88,3063.87
135,1172.49,3064.98
136,1172.02,3065.98
137,1171.64,3067.09
138,1171.26,3068.2
139,1170.87,3069.2
140,1170.49,3070.3
141,1170.02,3071.41
142,1169.64,3072.41
143,1169.25,3073.52
144,1168.87,3074.52
145,1168.49,3075.63
146,1168.11,3076.74
147,1167.73,3077.73
148,1167.25,3078.84
149,1166.87,3079.84
150,1166.49,3080.95
151,1165.73,3082.72
152,1164.97,3084.5
153,1164.3,3086.27
154,1163.54,3088.04
155,1162.78,3089.82
156,1162.01,3091.59
157,1161.25,3093.37
158,1160.58,3095.14
159,1159.82,3096.91
160,1159.06,3098.69
161,1157.54,3102.24
162,1156.11,3105.78
163,1154.58,3109.33
164,1153.06,3112.88
165,1151.63,3116.43
166,1150.1,3119.98
167,1148.58,3123.52
168,1147.05,3127.07
169,1145.63,3130.62
170,1144.1,3134.17
171,1140.58,3143.81
172,1137.05,3153.46
173,1133.53,3163.11
174,1130.0,3172.75
175,1126.47,3182.4
176,1122.95,3191.93
177,1119.42,3201.58
178,1115.9,3211.22
179,1112.37,3220.87
180,1108.85,3230.52
181,1106.09,3238.06
182,1103.23,3245.48
183,1100.37,3253.02
184,1097.61,3260.45
185,1094.84,3267.99
186,1091.98,3275.42
187,1089.22,3282.85
188,1086.36,3290.39
189,1083.6,3297.82
190,1080.74,3305.36
191,1077.98,3312.45
192,1075.22,3319.55
193,1072.45,3326.64
194,1069.59,3333.85
195,1066.83,3340.95
196,1064.07,3348.04
197,1061.3,3355.14
198,1058.54,3362.23
199,1055.78,3369.33
200,1053.02,3376.43
201,1050.16,3383.63
202,1047.39,3390.73
203,1044.63,3397.82
204,1041.87,3404.92
205,1039.1,3412.02
206,1036.34,3419.11
207,1033.48,3426.32
208,1030.72,3433.41
209,1027.96,3440.51
210,1025.19,3447.61
211,1021.57,3458.36
212,1017.95,3469.12
213,1014.33,3479.87
214,1010.71,3490.63
215,1007.09,3501.38
216,1003.57,3512.13
217,999.95,3522.89
218,996.32,3533.64
219,992.7,3544.4
220,989.08,3555.15
221,985.46,3565.91
222,980.7,3577.11
223,975.94,3588.3
224,971.27,3599.5
225,966.5,3610.7
226,961.74,3622.01
227,956.97,3633.21
228,952.31,3644.41
229,947.54,3655.6
230,942.78,3666.8
231,940.02,3674.12
232,937.35,3681.44
233,934.58,3688.65
234,931.82,3695.96
235,929.06,3703.28
236,926.39,3710.6
237,923.63,3717.92
238,920.86,3725.12
239,918.2,3732.44
240,915.43,3739.76
241,911.15,3738.32
242,906.86,3736.76
243,902.67,3735.32
244,898.38,3733.77
245,894.09,3732.33
246,889.8,3730.78
247,885.61,3729.34
248,881.32,3727.78
249,877.04,3726.34
250,872.75,3724.79
251,868.46,3723.35
252,864.27,3721.91
253,859.98,3720.35
254,855.69,3718.91
255,851.41,3717.36
256,847.21,3715.92
257,842.93,3714.37
258,838.64,3712.93
259,834.35,3711.37
260,830.16,3709.93
261,825.87,3708.49
262,821.58,3706.94
263,817.3,3705.5
264,813.01,3703.95
265,808.82,3702.5
266,804.53,3700.95
267,800.24,3699.51
268,795.95,3697.96
269,791.76,3696.52
270,787.47,3694.96
271,783.19,3693.52
272,781.66,3692.75
273,780.14,3691.97
274,778.52,3691.2
275,776.99,3690.42
276,775.47,3689.64
277,773.95,3688.76
278,772.42,3687.98
279,770.8,3687.2
280,769.28,3686.43
281,767.75,3685.65
282,762.51,3682.99
283,757.18,3680.33
284,751.94,3677.67
285,746.7,3675.01
286,741.46,3672.46
287,736.12,3669.8
288,730.88,3667.14
289,725.64,3664.47
290,720.3,3661.81
291,715.06,3659.15
292,710.11,3659.04
293,705.06,3658.82
294,700.1,3658.71
295,695.05,3658.49
296,691.43,3662.15
297,687.72,3665.92
298,684.1,3669.57
299,679.81,3673.68
300,675.43,3677.67
301,671.14,3681.77
302,666.76,3685.76
303,662.47,3689.86
304,658.09,3693.86
305,653.8,3697.96
306,648.94,3697.74
307,644.08,3697.63
308,639.22,3697.4
309,634.36,3697.29
310,629.5,3697.07
311,628.17,3696.63
312,626.84,3696.07
313,625.5,3695.63
314,624.17,3695.19
315,622.74,3694.63
316,621.4,3694.19
317,620.07,3693.75
318,618.74,3693.19
319,617.4,3692.75
320,616.07,3692.3
321,614.74,3691.75
322,613.4,3691.31
323,612.07,3690.86
324,610.64,3690.31
325,609.3,3689.86
326,607.97,3689.42
327,606.64,3688.87
328,605.3,3688.42
329,604.83,3688.53
330,604.83,3688.53
331,604.83,3688.65
332,604.83,3688.65
333,604.83,3688.76
334,604.73,3688.76
335,604.73,3688.76
336,604.73,3688.87
337,604.73,3688.87
338,604.73,3688.98
339,604.73,3688.98
340,604.35,3688.76
341,603.97,3688.53
342,603.49,3688.31
343,603.11,3688.09
344,602.73,3687.98
345,602.35,3687.76
346,601.97,3687.54
347,601.49,3687.31
348,601.11,3687.09
349,600.73,3686.87
350,596.44,3686.43
351,592.06,3685.98
352,587.68,3685.54
353,583.39,3685.1
354,577.86,3688.76
355,572.34,3692.41
356,568.91,3701.84
357,565.48,3711.15
358,562.05,3720.58
359,558.62,3730.0
360,552.99,3733.99
361,547.37,3737.98
362,541.75,3741.98
363,536.13,3746.08
364,530.51,3750.07
365,524.79,3754.06
366,519.17,3758.05
367,513.55,3762.04
368,507.93,3766.03
369,502.31,3770.03
370,496.69,3774.02
371,491.06,3778.01
372,485.44,3782.11
373,479.82,3786.1
374,474.2,3790.09
375,468.48,3794.09
376,462.86,3798.08
377,457.24,3802.07
378,451.62,3806.06
379,446.0,3810.16
380,440.38,3814.15
381,434.75,3818.15
382,429.13,3822.14
383,423.51,3826.13
384,417.89,3830.12
385,412.27,3834.11
386,406.55,3838.1
387,400.93,3842.2
388,395.31,3846.2
389,389.69,3850.19
390,384.07,3854.18
391,378.45,3858.17
392,370.63,3853.96
393,362.72,3849.74
394,354.91,3845.53
395,347.1,3841.32
396,339.19,3837.1
397,331.38,3832.89
398,323.56,3828.79
399,315.75,3824.58
400,307.84,3820.36
401,300.03,3816.15
402,292.22,3811.94
403,284.31,3807.72
404,276.5,3803.51
405,264.21,3797.19
406,251.92,3790.98
407,239.53,3784.66
408,227.24,3778.34
409,214.95,3772.13
410,202.66,3765.81
411,201.32,3765.04
412,200.08,3764.37
413,198.75,3763.6
414,197.42,3762.82
415,196.08,3762.15
416,194.84,3761.38
417,193.51,3760.6
418,192.18,3759.83
419,190.94,3759.16
420,189.6,3758.38
421,189.6,3758.27
422,189.7,3758.27
423,189.7,3758.16
424,189.7,3758.05
425,189.79,3757.94
426,189.79,3757.94
427,189.79,3757.83
428,189.89,3757.72
429,189.89,3757.72
430,189.89,3757.61
431,189.98,3757.5
432,189.98,3757.39
433,189.98,3757.39
434,189.98,3757.28
435,190.08,3757.16
436,190.08,3757.05
437,190.08,3757.05
438,190.18,3756.94
439,190.18,3756.83
440,190.18,3756.83
441,190.27,3756.72
442,190.27,3756.61
443,190.27,3756.5
444,190.37,3756.5
445,190.37,3756.39
446,184.46,3751.84
447,178.55,3747.3
448,172.55,3742.75
449,166.64,3738.21
450,160.73,3733.66
451,153.11,3729.0
452,145.49,3724.35
453,137.77,3719.58
454,130.15,3714.92
455,122.53,3710.27
456,114.91,3705.61
457,107.28,3700.95
458,99.57,3696.18
459,91.94,3691.53
460,84.32,3686.87
461,82.51,3685.87
462,80.7,3684.76
463,78.89,3683.77
464,77.08,3682.66
465,75.27,3681.66
466,73.46,3680.55
467,71.65,3679.44
468,69.84,3678.44
469,68.03,3677.45
470,66.22,3676.34
471,66.12,3676.34
472,66.03,3676.34
473,66.03,3676.34
474,65.93,3676.34
475,65.84,3676.23
476,65.74,3676.23
477,65.65,3676.23
478,65.65,3676.23
479,65.55,3676.23
480,65.46,3676.23
481,64.22,3675.56
482,62.88,3674.9
483,61.65,3674.12
484,60.31,3673.46
485,59.07,3672.79
486,57.74,3672.12
487,56.5,3671.46
488,55.17,3670.68
489,53.93,3670.02
490,52.59,3669.35
