11,50.02,3632.76
12,97.95,3572.01
13,102.71,3566.24
14,107.47,3560.48
15,112.24,3554.71
16,116.91,3548.94
17,121.67,3543.29
18,126.43,3537.52
19,131.2,3531.76
20,135.96,3525.99
21,140.63,3520.23
22,145.39,3514.46
23,150.16,3508.7
24,154.92,3502.93
25,159.69,3497.17
26,164.45,3491.51
27,169.21,3485.75
28,173.88,3479.98
29,178.65,3474.22
30,183.41,3468.45
31,187.98,3463.9
32,192.56,3459.25
33,197.04,3454.7
34,201.61,3450.16
35,206.18,3445.61
36,210.76,3440.95
37,215.33,3436.41
38,219.81,3431.86
39,224.38,3427.21
40,228.95,3422.66
41,231.43,3420.0
42,234.0,3417.34
43,236.48,3414.57
44,239.05,3411.91
45,241.53,3409.24
46,244.1,3406.58
47,246.58,3403.81
48,249.15,3401.15
49,251.63,3398.49
50,254.2,3395.83
51,256.68,3393.06
52,259.25,3390.4
53,261.73,3387.73
54,266.21,3379.97
55,270.78,3372.32
56,275.26,3364.56
57,279.74,3356.8
58,284.22,3349.04
59,288.79,3341.39
60,293.27,3333.63
61,296.32,3329.3
62,299.27,3324.98
63,302.22,3320.66
64,305.27,3316.33
65,308.23,3312.01
66,311.27,3307.68
67,314.23,3303.36
68,317.28,3299.04
69,320.23,3294.71
70,323.28,3290.39
71,324.61,3288.5
72,325.95,3286.62
73,327.28,3284.73
74,328.61,3282.85
75,330.04,3280.85
76,331.38,3278.97
77,332.71,3277.08
78,334.05,3275.2
79,335.38,3273.31
80,336.71,3271.43
81,338.05,3269.54
82,339.38,3267.66
83,340.72,3265.77
84,342.05,3263.89
85,343.38,3262.0
86,344.81,3260.01
87,346.15,3258.12
88,347.48,3256.24
89,348.81,3254.35
90,350.15,3252.47
91,350.15,3252.47
92,350.15,3252.47
93,350.15,3252.47
94,350.15,3252.47
95,350.15,3252.47
96,350.15,3252.47
97,350.15,3252.47
98,350.15,3252.47
99,350.15,3252.47
100,350.15,3252.47
101,350.15,3252.47
102,350.15,3252.47
103,350.15,3252.47
104,350.15,3252.47
105,350.15,3252.47
106,350.15,3252.47
107,350.15,3252.47
108,350.15,3252.47
109,350.15,3252.47
110,350.15,3252.47
111,350.15,3252.47
112,350.15,3252.47
113,350.15,3252.47
114,350.15,3252.47
115,350.15,3252.47
116,350.15,3252.47
117,350.15,3252.47
118,350.15,3252.47
119,350.15,3252.47
120,350.15,3252.47
121,350.15,3252.47
122,350.15,3252.47
123,350.15,3252.47
124,350.15,3252.47
125,350.15,3252.47
126,350.15,3252.47
127,350.15,3252.47
128,350.15,3252.47
129,350.15,3252.47
130,350.15,3252.47
131,350.15,3252.47
132,350.15,3252.47
133,350.15,3252.47
134,350.15,3252.47
135,350.15,3252.47
136,350.15,3252.47
137,350.15,3252.47
138,350.15,3252.47
139,350.15,3252.47
140,350.15,3252.47
141,350.15,3252.47
142,350.15,3252.47
143,350.15,3252.47
144,350.15,3252.47
145,350.15,3252.47
146,350.15,3252.47
147,350.15,3252.47
148,350.15,3252.47
149,350.15,3252.47
150,350.15,3252.47
151,350.15,3252.47
152,350.15,3252.47
153,350.15,3252.47
154,350.15,3252.47
155,350.15,3252.47
156,350.15,3252.47
157,350.15,3252.47
158,350.15,3252.47
159,350.15,3252.47
160,350.15,3252.47
161,351.39,3249.48
162,352.62,3246.59
163,353.96,3243.6
164,355.2,3240.61
165,356.44,3237.61
166,357.67,3234.73
167,358.91,3231.74
168,360.25,3228.74
169,361.49,3225.86
170,362.72,3222.87
171,364.44,3218.99
172,366.25,3215.22
173,367.96,3211.34
174,369.68,3207.57
175,371.39,3203.69
176,373.2,3199.8
177,374.92,3196.03
178,376.63,3192.15
179,378.45,3188.38
180,380.16,3184.5
181,382.92,3178.96
182,385.69,3173.53
183,388.45,3167.98
184,391.21,3162.44
185,393.98,3157.01
186,396.74,3151.46
187,399.5,3145.92
188,402.26,3140.38
189,405.03,3134.94
190,407.79,3129.4
191,410.08,3124.74
192,412.46,3120.2
193,414.75,3115.54
194,417.13,3110.88
195,419.41,3106.34
196,421.7,3101.68
197,424.08,3097.02
198,426.37,3092.48
199,428.75,3087.82
200,431.04,3083.17
201,433.33,3078.62
202,435.71,3073.96
203,437.99,3069.42
204,440.38,3064.76
205,442.66,3060.1
206,444.95,3055.56
207,447.33,3050.9
208,449.62,3046.24
209,452.0,3041.7
210,454.29,3037.04
211,454.48,3036.71
212,454.57,3036.38
213,454.76,3036.04
214,454.95,3035.71
215,455.14,3035.38
216,455.24,3035.05
217,455.43,3034.71
218,455.62,3034.38
219,455.72,3034.05
220,455.91,3033.72
221,455.91,3033.72
222,455.91,3033.72
223,455.91,3033.72
224,455.91,3033.72
225,455.91,3033.72
226,455.91,3033.72
227,455.91,3033.72
228,455.91,3033.72
229,455.91,3033.72
230,455.91,3033.72
231,456.57,3032.05
232,457.24,3030.39
233,458.0,3028.62
234,458.67,3026.95
235,459.34,3025.29
236,460.0,3023.63
237,460.67,3021.96
238,461.43,3020.19
239,462.1,3018.53
240,462.77,3016.86
241,463.05,3016.2
242,463.43,3015.53
243,463.72,3014.87
244,464.01,3014.2
245,464.29,3013.54
246,464.67,3012.87
247,464.96,3012.21
248,465.24,3011.54
249,465.62,3010.88
250,465.91,3010.21
251,466.77,3008.77
252,467.72,3007.22
253,468.58,3005.78
254,469.53,3004.22
255,470.39,3002.78
256,471.25,3001.34
257,472.2,2999.79
258,473.06,2998.35
259,474.01,2996.8
260,474.87,2995.35
261,475.72,2993.91
262,476.68,2992.36
263,477.53,2990.92
264,478.49,2989.37
265,479.34,2987.93
266,480.2,2986.48
267,481.16,2984.93
268,482.01,2983.49
269,482.97,2981.94
270,483.82,2980.5
271,485.35,2977.5
272,486.78,2974.4
273,488.3,2971.29
274,489.83,2968.3
275,491.35,2965.31
276,492.78,2962.2
277,494.3,2959.1
278,495.83,2956.1
279,497.26,2953.11
280,498.78,2950.01
281,499.26,2949.12
282,499.73,2948.34
283,500.12,2947.46
284,500.59,2946.57
285,501.07,2945.68
286,501.54,2944.91
287,502.02,2944.02
288,502.4,2943.13
289,502.88,2942.36
290,503.36,2941.47
291,503.36,2941.47
292,503.36,2941.47
293,503.36,2941.47
294,503.36,2941.47
295,503.36,2941.47
296,503.36,2941.47
297,503.36,2941.47
298,503.36,2941.47
299,503.36,2941.47
300,503.36,2941.47
301,503.36,2941.47
302,503.36,2941.47
303,503.36,2941.47
304,503.36,2941.47
305,503.36,2941.47
306,503.36,2941.47
307,503.36,2941.47
308,503.36,2941.47
309,503.36,2941.47
310,503.36,2941.47
311,503.36,2941.47
312,503.36,2941.47
313,503.36,2941.47
314,503.36,2941.47
315,503.36,2941.47
316,503.36,2941.47
317,503.36,2941.47
318,503.36,2941.47
319,503.36,2941.47
320,503.36,2941.47
321,503.36,2941.47
322,503.36,2941.47
323,503.36,2941.47
324,503.36,2941.47
325,503.36,2941.47
326,503.36,2941.47
327,503.36,2941.47
328,503.36,2941.47
329,503.36,2941.47
330,503.36,2941.47
331,503.36,2941.47
332,503.36,2941.47
333,503.36,2941.47
334,503.36,2941.47
335,503.36,2941.47
336,503.36,2941.47
337,503.36,2941.47
338,503.36,2941.47
339,503.36,2941.47
340,503.36,2941.47
341,503.36,2941.47
342,503.36,2941.47
343,503.36,2941.47
344,503.36,2941.47
345,503.36,2941.47
346,503.36,2941.47
347,503.36,2941.47
348,503.36,2941.47
349,503.36,2941.47
350,503.36,2941.47
351,503.36,2941.47
352,503.36,2941.47
353,503.36,2941.47
354,503.36,2941.47
355,503.36,2941.47
356,503.36,2941.47
357,503.36,2941.47
358,503.36,2941.47
359,503.36,2941.47
360,503.36,2941.47
361,503.36,2941.47
362,503.36,2941.47
363,503.36,2941.47
364,503.36,2941.47
365,503.36,2941.47
366,503.36,2941.47
367,503.36,2941.47
368,503.36,2941.47
369,503.36,2941.47
370,503.36,2941.47
371,503.36,2941.47
372,503.36,2941.47
373,503.36,2941.47
374,503.36,2941.47
375,503.36,2941.47
376,503.36,2941.47
377,503.36,2941.47
378,503.36,2941.47
379,503.36,2941.47
380,503.36,2941.47
381,503.36,2941.47
382,503.36,2941.47
383,503.36,2941.47
384,503.36,2941.47
385,503.36,2941.47
386,503.36,2941.47
387,503.36,2941.47
388,503.36,2941.47
389,503.36,2941.47
390,503.36,2941.47
391,503.36,2941.47
392,503.36,2941.47
393,503.36,2941.47
394,503.36,2941.47
395,503.36,2941.47
396,503.36,2941.47
397,503.36,2941.47
398,503.36,2941.47
399,503.36,2941.47
400,503.36,2941.47
401,503.55,2941.25
402,503.74,2941.03
403,503.93,2940.8
404,504.12,2940.58
405,504.21,2940.36
406,504.4,2940.14
407,504.59,2939.92
408,504.78,2939.7
409,504.97,2939.47
410,505.17,2939.25
411,505.17,2939.25
412,505.17,2939.25
413,505.17,2939.25
414,505.17,2939.25
415,505.17,2939.25
416,505.17,2939.25
417,505.17,2939.25
418,505.17,2939.25
419,505.17,2939.25
420,505.17,2939.25
421,505.17,2939.25
422,505.17,2939.25
423,505.17,2939.25
424,505.17,2939.25
425,505.17,2939.25
426,505.17,2939.25
427,505.17,2939.25
428,505.17,2939.25
429,505.17,2939.25
430,505.17,2939.25
431,505.17,2939.25
432,505.17,2939.25
433,505.17,2939.25
434,505.36,2939.03
435,505.55,2938.7
436,505.64,2938.48
437,505.83,2938.25
438,506.02,2938.03
439,506.21,2937.7
440,506.4,2937.48
441,506.59,2937.26
442,506.69,2937.03
443,506.88,2936.7
444,507.07,2936.48
445,509.74,2930.38
446,512.5,2924.17
447,515.17,2918.08
448,517.84,2911.98
449,520.6,2905.77
450,523.27,2899.67
451,525.36,2896.34
452,527.56,2893.02
453,529.65,2889.69
454,531.84,2886.37
455,533.94,2883.04
456,536.13,2879.71
457,538.23,2876.39
458,540.42,2873.06
459,542.51,2869.73
460,544.71,2866.41
461,546.8,2862.86
462,548.99,2859.42
463,551.09,2855.88
464,553.19,2852.44
465,555.38,2848.89
466,557.47,2845.34
467,559.57,2841.91
468,561.67,2838.36
469,563.86,2834.92
470,565.95,2831.37
471,568.62,2827.05
472,571.29,2822.84
473,573.86,2818.51
474,576.53,2814.19
475,579.2,2809.97
476,581.86,2805.65
477,584.53,2801.33
478,587.1,2797.0
479,589.77,2792.79
480,592.44,2788.46
481,596.16,2782.92
482,599.78,2777.38
483,603.49,2771.72
484,607.21,2766.18
485,610.92,2760.64
486,614.54,2755.09
487,618.26,2749.55
488,621.98,2743.89
489,625.6,2738.35
490,629.31,2732.81
491,631.98,2730.37
492,634.65,2727.82
493,637.32,2725.38
494,640.08,2722.83
495,642.75,2720.39
496,645.41,2717.95
497,648.08,2715.4
498,650.75,2712.96
499,653.42,2710.41
500,656.18,2707.97
501,658.85,2705.53
502,661.52,2702.98
503,664.18,2700.54
504,666.85,2697.99
505,669.52,2695.55
506,672.19,2693.11
507,674.95,2690.56
508,677.62,2688.12
509,680.29,2685.57
510,682.95,2683.13
511,739.65,2711.19
512,741.74,2713.07
513,743.74,2714.96
514,745.84,2716.73
515,747.84,2718.61
516,749.94,2720.5
517,751.94,2722.38
518,754.03,2724.27
519,756.03,2726.15
520,758.13,2727.93
521,760.13,2729.81
522,762.23,2731.7
523,763.75,2732.7
524,765.18,2733.8
525,766.61,2734.8
526,768.13,2735.91
527,769.66,2736.91
528,771.09,2737.91
529,772.52,2739.01
530,774.04,2740.01
531,775.47,2741.12
532,776.99,2742.12
533,780.9,2744.89
534,784.9,2747.55
535,788.81,2750.32
536,792.81,2752.98
537,796.72,2755.76
538,800.72,2758.42
539,804.62,2761.19
540,808.63,2763.85
541,812.53,2766.62
542,817.01,2771.28
543,821.58,2775.82
544,826.16,2780.37
545,830.64,2785.03
546,835.21,2789.68
547,839.69,2794.23
548,844.26,2798.78
549,848.74,2803.43
550,853.31,2808.09
551,857.79,2812.63
552,864.75,2817.29
553,871.61,2821.95
554,878.56,2826.6
555,885.52,2831.37
556,892.47,2836.03
557,899.33,2840.69
558,906.29,2845.34
559,913.24,2850.0
560,920.1,2854.66
561,927.06,2859.31
562,934.01,2864.08
563,940.97,2868.74
564,947.83,2873.39
565,954.78,2878.05
566,961.74,2882.71
567,968.6,2887.36
568,975.55,2892.02
569,982.51,2896.79
570,989.46,2901.44
571,996.32,2906.1
572,1003.28,2910.76
573,1007.47,2912.53
574,1011.57,2914.31
575,1015.76,2915.97
576,1019.95,2917.74
577,1024.05,2919.52
578,1028.24,2921.29
579,1032.44,2922.95
580,1036.53,2924.73
581,1040.72,2926.5
582,1047.97,2929.38
583,1055.3,2932.16
584,1062.54,2935.04
585,1069.78,2937.92
586,1077.12,2940.8
587,1084.36,2943.58
588,1091.7,2946.46
589,1098.94,2949.34
590,1106.18,2952.22
591,1113.52,2955.0
592,1120.76,2957.88
593,1123.71,2959.1
594,1126.76,2960.21
595,1129.71,2961.32
596,1132.76,2962.54
597,1135.72,2963.76
598,1138.67,2964.86
599,1141.72,2965.97
600,1144.67,2967.19
601,1147.72,2968.41
602,1150.68,2969.52
603,1154.01,2970.52
604,1157.25,2971.41
605,1160.58,2972.4
606,1163.82,2973.4
607,1167.16,2974.4
608,1170.49,2975.29
609,1173.73,2976.28
610,1177.07,2977.28
611,1180.31,2978.17
612,1183.64,2979.17
613,1191.55,2978.94
614,1199.46,2978.72
615,1207.37,2978.5
616,1215.27,2978.17
617,1223.18,2977.95
618,1231.09,2977.73
619,1239.09,2977.5
620,1247.0,2977.28
621,1254.91,2976.95
622,1262.82,2976.73
623,1270.73,2976.51
624,1278.63,2976.28
625,1286.54,2976.06
626,1294.45,2975.84
627,1302.36,2975.62
628,1310.27,2975.29
629,1318.17,2975.06
630,1326.18,2974.84
631,1334.09,2974.62
632,1341.99,2974.4
633,1349.9,2974.07
634,1357.81,2973.84
635,1365.72,2973.62
636,1373.63,2973.4
637,1383.73,2972.51
638,1393.83,2971.63
639,1403.93,2970.74
640,1414.02,2969.96
641,1424.12,2969.08
642,1434.22,2968.19
643,1444.32,2967.3
644,1454.42,2966.42
645,1461.57,2966.31
646,1468.62,2966.19
647,1475.76,2966.08
648,1482.91,2965.97
649,1490.06,2965.86
650,1497.11,2965.86
651,1504.25,2965.75
652,1511.4,2965.64
653,1518.54,2965.53
654,1525.6,2965.42
655,1532.74,2965.31
656,1533.12,2965.42
657,1533.41,2965.53
658,1533.79,2965.75
659,1534.08,2965.86
660,1534.46,2965.97
661,1534.84,2966.08
662,1535.12,2966.19
663,1535.5,2966.42
664,1535.79,2966.53
665,1536.17,2966.64
666,1536.17,2966.64
667,1536.17,2966.64
668,1536.17,2966.64
669,1536.17,2966.64
670,1536.17,2966.64
671,1536.17,2966.64
672,1536.17,2966.64
673,1536.17,2966.64
674,1536.17,2966.64
675,1536.17,2966.64
676,1536.17,2966.64
677,1536.17,2966.64
678,1536.17,2966.64
679,1536.17,2966.64
680,1536.17,2966.64
681,1536.17,2966.64
682,1536.17,2966.64
683,1536.17,2966.64
684,1536.17,2966.64
685,1536.17,2966.64
686,1536.17,2966.64
687,1536.17,2966.64
688,1536.17,2966.64
689,1536.17,2966.64
690,1536.17,2966.64
691,1536.17,2966.64
692,1536.17,2966.64
693,1536.17,2966.64
694,1536.17,2966.64
695,1536.17,2966.64
696,1536.17,2966.64
697,1536.17,2966.64
698,1536.17,2966.64
699,1536.17,2966.64
700,1536.17,2966.64
701,1536.17,2966.64
702,1536.17,2966.64
703,1536.17,2966.64
704,1536.17,2966.64
705,1536.17,2966.64
706,1536.17,2966.64
707,1536.74,2966.86
708,1537.22,2967.08
709,1537.79,2967.3
710,1538.36,2967.52
711,1538.84,2967.75
712,1539.41,2967.97
713,1539.98,2968.19
714,1540.55,2968.41
715,1541.03,2968.63
716,1541.6,2968.86
717,1544.37,2969.41
718,1547.13,2970.07
719,1549.8,2970.63
720,1552.56,2971.29
721,1555.32,2971.96
722,1558.09,2972.51
723,1560.85,2973.07
724,1563.52,2973.73
725,1566.28,2974.29
726,1569.04,2974.95
727,1572.47,2975.62
728,1575.9,2976.17
729,1579.24,2976.84
730,1582.67,2977.5
731,1586.1,2978.17
732,1589.53,2978.72
733,1592.96,2979.39
734,1596.29,2980.05
735,1599.72,2980.61
736,1603.15,2981.27
737,1606.58,2981.94
738,1610.01,2982.6
739,1613.44,2983.16
740,1616.78,2983.82
741,1620.21,2984.49
742,1623.64,2985.04
743,1627.07,2985.71
744,1630.5,2986.37
745,1633.83,2987.04
746,1637.26,2987.59
747,1640.69,2988.26
748,1640.88,2988.92
749,1641.17,2989.48
750,1641.36,2990.14
751,1641.64,2990.7
752,1641.83,2991.36
753,1642.12,2992.03
754,1642.31,2992.58
755,1642.6,2993.25
756,1642.79,2993.91
757,1643.07,2994.47
758,1643.26,2995.13
759,1643.55,2995.69
760,1643.74,2996.35
761,1645.65,3000.12
762,1647.46,3003.89
763,1649.36,3007.66
764,1651.17,3011.43
765,1653.08,3015.2
766,1653.46,3021.19
767,1653.84,3027.29
768,1654.32,3033.27
769,1654.7,3039.26
770,1655.08,3045.25
771,1655.46,3051.35
772,1655.84,3057.33
773,1656.32,3063.32
774,1656.7,3069.42
775,1657.08,3075.4
776,1656.51,3078.07
777,1655.84,3080.73
778,1655.27,3083.39
779,1654.6,3086.05
780,1654.03,3088.71
781,1653.46,3091.37
782,1652.79,3094.03
783,1652.22,3096.69
784,1651.55,3099.35
785,1650.98,3102.01
786,1652.89,3106.67
787,1654.89,3111.33
788,1656.79,3116.1
789,1658.7,3120.75
790,1660.6,3125.41
791,1662.61,3130.07
792,1664.51,3134.72
793,1666.42,3139.38
794,1668.42,3144.15
795,1670.32,3148.8
796,1672.23,3153.46
797,1674.13,3158.12
798,1676.14,3162.77
799,1678.04,3167.43
800,1679.95,3172.09
801,1681.95,3176.85
802,1683.85,3181.51
803,1685.76,3186.17
804,1687.76,3190.82
805,1689.66,3195.48
806,1691.57,3200.14
807,1693.48,3204.9
808,1695.48,3209.56
809,1697.38,3214.22
810,1700.53,3214.66
811,1703.67,3215.22
812,1706.72,3215.77
813,1709.86,3216.21
814,1713.01,3216.66
815,1716.15,3217.21
816,1719.3,3217.66
817,1722.34,3218.21
818,1725.49,3218.76
819,1728.63,3219.21
820,1733.78,3219.54
821,1738.92,3219.98
822,1744.16,3220.32
823,1749.31,3220.65
824,1754.45,3220.98
825,1759.6,3221.42
826,1764.74,3221.76
827,1769.98,3222.09
828,1775.13,3222.53
829,1780.27,3222.87
830,1782.85,3223.75
831,1785.51,3224.53
832,1788.09,3225.42
833,1790.75,3226.3
834,1793.33,3227.19
835,1795.9,3227.97
836,1798.57,3228.85
837,1801.14,3229.74
838,1803.81,3230.63
839,1806.38,3231.4
840,1808.95,3232.29
841,1811.62,3233.18
842,1814.19,3233.95
843,1816.77,3234.84
844,1819.43,3235.73
845,1822.01,3236.61
846,1824.67,3237.39
847,1827.25,3238.28
848,1847.45,3245.82
849,1867.64,3253.36
850,1871.07,3254.8
851,1874.41,3256.24
852,1877.84,3257.68
853,1881.17,3259.12
854,1884.6,3260.56
855,1887.94,3262.0
856,1891.37,3263.45
857,1894.8,3264.89
858,1898.13,3266.33
859,1901.56,3267.77
860,1904.9,3269.21
861,1908.33,3270.65
862,1911.76,3272.09
863,1915.09,3273.54
864,1918.52,3274.98
865,1921.86,3276.42
866,1925.29,3277.86
867,1928.62,3279.3
868,1932.05,3280.74
869,2003.99,3303.47
870,2006.94,3304.69
871,2009.89,3305.91
872,2012.85,3307.13
873,2015.8,3308.35
874,2018.76,3309.57
875,2021.71,3310.79
876,2024.66,3312.01
877,2027.62,3313.23
878,2030.57,3314.45
879,2033.52,3315.67
880,2034.1,3317.66
881,2034.67,3319.55
882,2035.24,3321.54
883,2035.81,3323.54
884,2036.38,3325.42
885,2036.86,3327.42
886,2037.43,3329.42
887,2038.0,3331.41
888,2038.57,3333.3
889,2039.15,3335.29
890,2038.38,3336.84
891,2037.72,3338.4
892,2036.95,3339.95
893,2036.19,3341.5
894,2035.43,3343.05
895,2034.76,3344.61
896,2034.0,3346.16
897,2032.48,3350.04
898,2030.28,3354.36
899,2028.19,3358.58
900,2026.0,3362.9
901,2023.81,3367.22
902,2021.61,3371.55
903,2019.52,3375.76
904,2017.33,3380.08
905,2015.14,3384.41
906,2013.04,3388.62
907,2010.85,3392.95
908,2009.99,3395.72
909,2009.13,3398.38
910,2008.27,3401.15
911,2007.51,3403.81
912,2006.66,3406.58
913,2005.8,3409.24
914,2004.94,3412.02
915,2004.08,3414.68
916,2003.23,3417.45
917,2002.37,3420.22
918,2001.61,3422.88
919,2000.75,3425.65
920,1999.89,3428.31
921,1999.03,3431.09
922,1998.18,3433.75
923,1997.32,3436.52
924,1996.56,3439.18
925,1995.7,3441.95
926,1994.84,3444.61
927,1993.98,3447.38
928,1992.84,3449.82
929,1991.6,3452.26
930,1990.46,3454.81
931,1989.31,3457.25
932,1988.17,3459.69
933,1986.93,3462.13
934,1985.79,3464.57
935,1984.65,3467.12
936,1983.41,3469.56
937,1982.26,3472.0
938,1981.41,3474.77
939,1980.55,3477.54
940,1979.69,3480.42
941,1978.83,3483.2
942,1977.98,3485.97
943,1977.12,3488.74
944,1976.26,3491.51
945,1975.4,3494.39
