31,1190.98,4354.0
32,1191.84,4348.45
33,1192.69,4342.91
34,1193.55,4337.36
35,1194.41,4331.82
36,1195.17,4326.28
37,1196.03,4320.73
38,1196.89,4315.19
39,1197.74,4309.65
40,1198.6,4304.1
41,1199.17,4301.44
42,1199.84,4298.89
43,1200.41,4296.23
44,1201.08,4293.57
45,1201.65,4291.02
46,1202.22,4288.36
47,1202.89,4285.7
48,1203.46,4283.04
49,1204.03,4280.49
50,1204.7,4277.83
51,1205.27,4275.16
52,1205.94,4272.61
53,1206.51,4269.95
54,1210.03,4259.09
55,1213.56,4248.22
56,1217.08,4237.36
57,1220.7,4226.6
58,1224.23,4215.74
59,1227.76,4204.87
60,1231.28,4194.01
61,1233.85,4187.46
62,1236.33,4180.92
63,1238.9,4174.27
64,1241.48,4167.73
65,1243.95,4161.19
66,1246.53,4154.65
67,1249.1,4148.1
68,1251.67,4141.45
69,1254.15,4134.91
70,1256.72,4128.37
71,1261.39,4116.06
72,1266.06,4103.75
73,1270.73,4091.45
74,1275.39,4079.14
75,1280.06,4066.72
76,1284.73,4054.42
77,1289.4,4042.11
78,1294.07,4029.8
79,1298.74,4017.5
80,1303.41,4005.19
81,1308.08,3992.88
82,1312.74,3980.57
83,1317.41,3968.27
84,1322.08,3955.96
85,1326.75,3943.54
86,1331.42,3931.24
87,1336.09,3918.93
88,1340.76,3906.62
89,1345.42,3894.32
90,1350.09,3882.01
91,1351.52,3878.68
92,1352.86,3875.36
93,1354.29,3871.92
94,1355.62,3868.59
95,1357.05,3865.27
96,1358.38,3861.94
97,1359.81,3858.61
98,1361.15,3855.29
99,1362.57,3851.85
100,1364.0,3848.52
101,1365.34,3845.2
102,1366.77,3841.87
103,1368.1,3838.55
104,1369.53,3835.22
105,1370.86,3831.78
106,1372.29,3828.46
107,1373.63,3825.13
108,1375.06,3821.8
109,1371.63,3818.37
110,1368.2,3814.93
111,1368.86,3815.04
112,1369.43,3815.15
113,1370.1,3815.26
114,1370.77,3815.37
115,1371.34,3815.48
116,1372.01,3815.59
117,1372.67,3815.71
118,1373.25,3815.82
119,1373.91,3815.93
120,1374.58,3816.04
121,1375.15,3816.15
122,1375.82,3816.26
123,1375.72,3816.26
124,1375.72,3816.26
125,1375.63,3816.15
126,1375.63,3816.15
127,1375.53,3816.15
128,1375.53,3816.15
129,1375.44,3816.04
130,1375.44,3816.04
131,1375.34,3816.04
132,1374.87,3815.93
133,1374.48,3815.82
134,1374.01,3815.82
135,1373.53,3815.71
136,1373.15,3815.59
137,1372.67,3815.48
138,1372.29,3815.37
139,1371.82,3815.37
140,1371.34,3815.26
141,1370.96,3815.15
142,1370.48,3815.04
143,1370.01,3815.04
144,1369.62,3814.93
145,1369.15,3814.82
146,1368.77,3814.71
147,1368.29,3814.6
148,1367.81,3814.6
149,1367.43,3814.49
150,1366.96,3814.38
151,1368.01,3814.49
152,1368.96,3814.6
153,1370.01,3814.82
154,1370.96,3814.93
155,1372.01,3815.04
156,1373.05,3815.15
157,1374.01,3815.26
158,1375.06,3815.48
159,1376.01,3815.59
160,1377.06,3815.71
161,1375.72,3815.26
162,1374.39,3814.71
163,1373.15,3814.26
164,1371.82,3813.82
165,1370.48,3813.27
166,1369.15,3812.82
167,1367.81,3812.38
168,1366.58,3811.94
169,1365.24,3811.38
170,1363.91,3810.94
171,1362.86,3810.72
172,1361.81,3810.49
173,1360.67,3810.27
174,1359.62,3810.05
175,1358.57,3809.83
176,1357.52,3809.61
177,1356.48,3809.39
178,1355.33,3809.16
179,1354.29,3808.94
180,1353.24,3808.72
181,1354.48,3807.06
182,1355.71,3805.39
183,1357.05,3803.73
184,1358.29,3802.07
185,1359.53,3800.41
186,1360.76,3798.74
187,1362.0,3797.08
188,1363.34,3795.42
189,1364.58,3793.75
190,1365.81,3792.09
191,1367.24,3792.98
192,1368.58,3793.75
193,1370.01,3794.64
194,1371.44,3795.53
195,1372.77,3796.3
196,1374.2,3797.19
197,1375.63,3798.08
198,1376.96,3798.85
199,1378.39,3799.74
200,1379.72,3800.63
201,1381.15,3801.4
202,1382.58,3802.29
203,1383.92,3803.07
204,1385.35,3803.95
205,1386.77,3804.84
206,1388.11,3805.62
207,1389.54,3806.5
208,1390.97,3807.39
209,1392.3,3808.17
210,1393.73,3809.05
211,1392.3,3810.27
212,1390.97,3811.49
213,1389.63,3812.6
214,1388.2,3813.82
215,1386.77,3815.04
216,1385.44,3816.26
217,1384.11,3817.48
218,1382.68,3818.59
219,1381.25,3819.81
220,1379.91,3821.03
221,1381.15,3821.36
222,1382.39,3821.69
223,1383.63,3822.03
224,1384.87,3822.36
225,1386.11,3822.69
226,1387.25,3823.02
227,1388.49,3823.36
228,1389.73,3823.69
229,1390.97,3824.02
230,1392.21,3824.35
231,1390.11,3824.46
232,1388.01,3824.58
233,1385.82,3824.69
234,1383.73,3824.8
235,1381.63,3824.91
236,1379.53,3824.91
237,1377.44,3825.02
238,1375.25,3825.13
239,1373.15,3825.24
240,1371.05,3825.35
241,1370.48,3827.79
242,1369.82,3830.23
243,1369.24,3832.67
244,1368.58,3835.11
245,1368.01,3837.55
246,1367.34,3839.99
247,1366.77,3842.43
248,1366.1,3844.87
249,1365.53,3847.3
250,1364.86,3849.74
251,1379.72,3842.09
252,1394.59,3834.33
253,1403.26,3835.66
254,1411.93,3837.1
255,1420.6,3838.43
256,1429.36,3839.77
257,1438.03,3841.21
258,1446.7,3842.54
259,1455.38,3843.87
260,1464.05,3845.31
261,1472.72,3846.64
262,1481.48,3848.08
263,1490.15,3849.41
264,1498.82,3850.74
265,1507.49,3852.18
266,1516.16,3853.51
267,1524.83,3854.84
268,1533.5,3856.29
269,1542.27,3857.62
270,1550.94,3858.95
271,1559.61,3860.39
272,1568.28,3861.72
273,1574.38,3865.16
274,1580.48,3868.7
275,1586.57,3872.14
276,1592.67,3875.58
277,1598.77,3879.01
278,1604.87,3882.56
279,1610.96,3886.0
280,1617.06,3889.44
281,1623.16,3892.98
282,1629.26,3896.42
283,1631.45,3897.31
284,1633.74,3898.2
285,1635.93,3899.08
286,1638.12,3899.97
287,1640.41,3900.86
288,1642.6,3901.74
289,1644.79,3902.63
290,1646.98,3903.52
291,1649.27,3904.4
292,1651.46,3905.29
293,1653.55,3905.29
294,1655.55,3905.29
295,1657.56,3905.29
296,1659.65,3905.29
297,1661.65,3905.18
298,1663.75,3905.18
299,1665.84,3905.18
300,1667.85,3905.18
301,1669.85,3905.18
302,1671.94,3905.18
303,1672.51,3905.96
304,1673.09,3906.73
305,1673.66,3907.4
306,1674.23,3908.17
307,1674.9,3908.95
308,1675.47,3909.73
309,1676.04,3910.39
310,1676.61,3911.17
311,1677.18,3911.94
312,1670.7,3909.17
313,1664.23,3906.51
314,1657.65,3903.74
315,1651.17,3900.97
316,1644.69,3898.2
317,1638.21,3895.53
318,1631.64,3892.76
319,1625.16,3889.99
320,1618.68,3887.33
321,1612.2,3884.56
322,1605.72,3881.79
323,1599.15,3879.01
324,1592.67,3876.35
325,1586.19,3873.58
326,1582.19,3870.81
327,1578.19,3868.15
328,1574.28,3865.38
329,1570.28,3862.61
330,1566.28,3859.94
331,1562.28,3857.17
332,1558.28,3854.4
333,1554.37,3851.63
334,1550.37,3848.97
335,1546.37,3846.2
336,1540.65,3843.31
337,1535.03,3840.43
338,1529.31,3837.55
339,1523.59,3834.67
340,1517.97,3831.78
341,1512.26,3828.9
342,1506.54,3826.02
343,1500.82,3823.13
344,1495.2,3820.25
345,1489.48,3817.37
346,1489.48,3817.37
347,1489.48,3817.48
348,1489.58,3817.48
349,1489.58,3817.48
350,1489.58,3817.48
351,1489.58,3817.59
352,1489.58,3817.59
353,1489.58,3817.59
354,1489.68,3817.59
355,1489.68,3817.7
356,1489.68,3817.7
357,1489.68,3817.7
358,1489.68,3817.7
359,1489.68,3817.7
360,1489.68,3817.7
361,1489.68,3817.7
362,1489.68,3817.7
363,1489.68,3817.7
364,1489.68,3817.7
365,1489.68,3817.7
366,1489.68,3817.7
367,1489.68,3817.7
368,1489.68,3817.7
369,1489.68,3817.7
370,1489.68,3817.7
371,1489.68,3817.7
372,1489.68,3817.7
373,1489.68,3817.7
374,1489.68,3817.7
375,1489.68,3817.7
376,1489.68,3817.7
377,1489.68,3817.7
378,1489.68,3817.7
379,1489.68,3817.7
380,1489.68,3817.7
381,1489.68,3817.7
382,1489.68,3817.7
383,1489.68,3817.7
384,1489.68,3817.7
385,1489.68,3817.7
386,1489.68,3817.7
387,1489.68,3817.7
388,1489.68,3817.7
389,1489.68,3817.7
390,1489.68,3817.7
391,1489.68,3817.7
392,1489.68,3817.7
393,1489.68,3817.7
394,1489.68,3817.7
395,1489.68,3817.7
396,1489.68,3817.7
397,1489.68,3817.7
398,1489.68,3817.7
399,1489.68,3817.7
400,1489.68,3817.7
401,1489.68,3817.7
402,1489.68,3817.7
403,1489.68,3817.7
404,1489.68,3817.7
405,1489.68,3817.7
406,1489.68,3817.7
407,1489.68,3817.7
408,1489.68,3817.7
409,1489.68,3817.7
410,1489.68,3817.7
411,1489.68,3817.7
412,1489.68,3817.7
413,1489.68,3817.7
414,1489.68,3817.7
415,1489.68,3817.7
416,1489.68,3817.7
417,1489.68,3817.7
418,1489.68,3817.7
419,1489.68,3817.7
420,1489.68,3817.7
421,1489.68,3817.7
422,1489.68,3817.7
423,1489.68,3817.7
424,1489.68,3817.7
425,1489.68,3817.7
426,1489.68,3817.7
427,1489.68,3817.7
428,1489.68,3817.7
429,1489.68,3817.7
430,1489.68,3817.7
431,1489.68,3817.7
432,1489.68,3817.7
433,1489.68,3817.7
434,1489.68,3817.7
435,1489.68,3817.7
436,1489.68,3817.7
437,1489.68,3817.7
438,1489.68,3817.7
439,1489.68,3817.7
440,1489.68,3817.7
441,1489.68,3817.7
442,1489.68,3817.7
443,1489.68,3817.7
444,1489.68,3817.7
445,1489.68,3817.7
446,1489.68,3817.7
447,1489.68,3817.7
448,1489.68,3817.7
449,1489.68,3817.7
450,1489.68,3817.7
451,1489.68,3817.7
452,1489.68,3817.7
453,1489.68,3817.7
454,1489.68,3817.7
455,1489.68,3817.7
456,1489.68,3817.7
457,1489.68,3817.7
458,1489.68,3817.7
459,1489.68,3817.7
460,1489.68,3817.7
461,1489.68,3817.7
462,1489.68,3817.7
463,1489.68,3817.7
464,1489.68,3817.7
465,1489.68,3817.7
466,1489.68,3817.7
467,1489.68,3817.7
468,1489.68,3817.7
469,1489.68,3817.7
470,1489.68,3817.7
471,1489.68,3817.7
472,1489.68,3817.7
473,1489.68,3817.7
474,1489.68,3817.7
475,1489.68,3817.7
476,1489.68,3817.7
477,1489.1,3817.37
478,1488.44,3817.15
479,1487.87,3816.93
480,1487.29,3816.59
481,1486.63,3816.26
482,1486.05,3816.04
483,1485.48,3815.71
484,1484.91,3815.48
485,1484.24,3815.15
486,1483.67,3814.93
487,1480.72,3809.28
488,1477.86,3803.62
489,1474.91,3797.97
490,1472.05,3792.31
491,1469.1,3786.66
492,1466.24,3781.0
493,1463.28,3775.46
494,1460.43,3769.8
495,1457.47,3764.15
496,1454.52,3758.5
497,1451.66,3752.84
498,1448.71,3747.19
499,1445.85,3741.53
500,1442.89,3735.88
501,1440.04,3730.22
502,1437.08,3724.57
503,1434.13,3718.91
504,1431.27,3713.26
505,1428.32,3707.72
506,1425.46,3702.06
507,1422.5,3696.41
508,1419.65,3690.75
509,1416.69,3685.1
510,1413.83,3679.44
511,1410.88,3673.79
512,1413.26,3671.35
513,1415.55,3668.91
514,1417.93,3666.47
515,1420.31,3664.03
516,1422.6,3661.59
517,1424.98,3659.15
518,1427.36,3656.71
519,1429.75,3654.27
520,1432.03,3651.84
521,1434.41,3649.4
522,1434.32,3649.51
523,1434.32,3649.73
524,1434.22,3649.84
525,1434.13,3649.95
526,1434.03,3650.17
527,1434.03,3650.28
528,1433.94,3650.39
529,1433.84,3650.5
530,1433.84,3650.73
531,1433.75,3650.84
532,1434.41,3650.84
533,1435.18,3650.95
534,1435.94,3650.95
535,1436.61,3651.06
536,1437.27,3651.06
537,1438.03,3651.06
538,1438.7,3651.17
539,1439.46,3651.17
540,1440.23,3651.28
541,1440.89,3651.28
542,1440.89,3651.28
543,1440.89,3651.28
544,1440.99,3651.28
545,1440.99,3651.28
546,1440.99,3651.28
547,1440.99,3651.39
548,1440.99,3651.39
549,1441.08,3651.39
550,1441.08,3651.39
551,1441.08,3651.39
552,1442.13,3645.85
553,1443.27,3640.3
554,1444.32,3634.87
555,1445.47,3629.33
556,1446.51,3623.78
557,1447.56,3618.24
558,1448.71,3612.81
559,1449.75,3607.26
560,1450.8,3601.72
561,1451.95,3596.18
562,1452.99,3590.74
563,1454.14,3585.2
564,1455.18,3579.66
565,1456.23,3574.11
566,1457.38,3568.68
567,1458.42,3563.14
568,1463.86,3553.38
569,1469.38,3543.51
570,1474.81,3533.75
571,1480.24,3524.0
572,1485.77,3514.13
573,1491.2,3504.37
574,1496.73,3494.51
575,1502.16,3484.75
576,1507.59,3474.99
577,1513.11,3465.12
578,1518.54,3455.37
579,1520.83,3453.48
580,1523.02,3451.71
581,1525.31,3449.82
582,1527.5,3447.94
583,1529.79,3446.17
584,1531.98,3444.28
585,1534.27,3442.4
586,1536.46,3440.62
587,1538.74,3438.74
588,1538.93,3438.29
589,1539.03,3437.85
590,1539.22,3437.41
591,1539.41,3436.96
592,1539.6,3436.52
593,1539.7,3436.08
594,1539.89,3435.63
595,1540.08,3435.19
596,1540.17,3434.75
597,1540.36,3434.3
598,1540.94,3433.97
599,1541.6,3433.64
600,1542.17,3433.19
601,1542.75,3432.86
602,1543.32,3432.53
603,1543.98,3432.19
604,1544.56,3431.86
605,1545.13,3431.42
606,1545.79,3431.09
607,1546.37,3430.75
608,1547.99,3425.54
609,1549.7,3420.33
610,1551.32,3415.23
611,1553.04,3410.02
612,1554.75,3404.81
613,1556.37,3399.6
614,1558.09,3394.39
615,1559.7,3389.29
616,1561.42,3384.08
617,1563.04,3378.86
618,1564.66,3373.65
619,1566.37,3368.44
620,1567.99,3363.34
621,1569.71,3358.13
622,1571.33,3352.92
623,1573.04,3347.71
624,1574.76,3342.5
625,1576.38,3337.4
626,1578.0,3332.19
627,1579.71,3326.98
628,1581.9,3316.11
629,1584.1,3305.25
630,1586.29,3294.27
631,1588.48,3283.4
632,1590.67,3272.54
633,1592.86,3261.67
634,1595.05,3250.81
635,1597.24,3239.94
636,1599.44,3228.96
637,1601.63,3218.1
638,1603.82,3207.23
639,1606.01,3194.37
640,1608.2,3181.51
641,1610.3,3168.76
642,1612.49,3155.9
643,1614.68,3143.04
644,1616.87,3130.18
645,1618.97,3117.43
646,1621.16,3104.56
647,1623.35,3091.7
648,1624.59,3086.38
649,1625.83,3081.06
650,1627.16,3075.85
651,1628.4,3070.53
652,1629.64,3065.2
653,1630.88,3059.88
654,1632.12,3054.56
655,1633.45,3049.35
656,1634.69,3044.03
657,1635.93,3038.71
658,1637.17,3033.72
659,1638.31,3028.84
660,1639.55,3023.85
661,1640.79,3018.97
662,1641.93,3014.09
663,1643.17,3009.1
664,1644.41,3004.22
665,1645.65,2999.23
666,1646.79,2994.36
667,1648.03,2989.37
668,1648.6,2982.71
669,1649.17,2976.06
670,1649.74,2969.41
671,1650.22,2962.87
672,1650.79,2956.22
673,1651.36,2949.56
674,1651.93,2942.91
675,1652.51,2936.26
676,1653.08,2929.61
677,1653.65,2922.95
678,1654.13,2916.41
679,1654.7,2909.76
680,1655.27,2903.11
681,1655.84,2896.46
682,1656.41,2889.8
683,1656.98,2883.15
684,1657.56,2876.5
685,1658.03,2869.96
686,1658.6,2863.3
687,1659.18,2856.65
688,1659.75,2850.0
689,1660.22,2841.79
690,1660.7,2833.59
691,1661.18,2825.27
692,1661.65,2817.07
693,1662.13,2808.87
694,1662.61,2800.66
695,1663.08,2792.46
696,1663.56,2784.14
697,1664.03,2775.94
698,1664.51,2767.73
699,1664.89,2759.3
700,1665.27,2750.77
701,1665.65,2742.23
702,1666.04,2733.8
703,1666.42,2725.38
704,1666.8,2716.84
705,1667.18,2708.41
706,1667.56,2699.88
707,1667.94,2691.45
708,1668.32,2682.91
709,1668.7,2671.94
710,1669.08,2660.96
711,1669.37,2649.98
712,1669.75,2639.01
713,1670.13,2628.03
714,1670.51,2617.05
715,1670.89,2606.08
716,1671.18,2595.1
717,1671.56,2584.12
718,1671.94,2573.15
719,1674.52,2561.51
720,1677.09,2549.98
721,1679.76,2538.33
722,1682.33,2526.8
723,1684.9,2515.16
724,1687.47,2503.52
725,1690.05,2491.99
726,1692.71,2480.35
727,1695.29,2468.82
728,1697.86,2457.17
729,1701.29,2445.53
730,1704.72,2433.89
731,1708.05,2422.25
732,1711.48,2410.61
733,1714.91,2398.97
734,1718.34,2387.32
735,1721.77,2375.68
736,1725.11,2364.04
737,1728.54,2352.4
738,1731.97,2340.87
739,1735.4,2329.23
740,1738.73,2317.59
741,1742.16,2305.94
742,1745.59,2294.3
743,1749.02,2282.66
744,1752.45,2271.02
745,1755.79,2259.38
746,1759.22,2247.74
747,1762.65,2236.09
748,1752.07,2230.0
749,1741.5,2223.9
750,1730.82,2217.8
751,1720.25,2211.7
752,1705.29,2211.04
753,1690.33,2210.26
754,1675.28,2209.59
755,1660.32,2208.93
756,1645.36,2208.26
757,1630.4,2207.49
758,1615.44,2206.82
759,1600.39,2206.16
760,1585.43,2205.38
761,1570.47,2204.72
762,1555.51,2206.16
763,1540.55,2207.49
764,1525.69,2208.93
765,1510.73,2210.26
766,1495.77,2211.7
767,1480.81,2213.03
768,1465.86,2214.47
769,1450.9,2215.8
770,1436.03,2217.24
771,1421.08,2218.58
772,1406.12,2220.02
773,1392.59,2219.13
774,1378.96,2218.24
775,1365.43,2217.36
776,1351.9,2216.47
777,1338.28,2215.69
778,1324.75,2214.81
779,1311.22,2213.92
780,1297.59,2213.03
781,1284.06,2212.14
782,1269.96,2211.7
783,1255.86,2211.26
784,1241.67,2210.7
785,1227.56,2210.26
786,1213.46,2209.82
787,1199.36,2209.37
788,1185.26,2208.93
789,1171.06,2208.38
790,1156.96,2207.93
791,1142.86,2207.49
792,1124.47,2207.16
793,1106.18,2206.82
794,1087.79,2206.49
795,1069.4,2206.16
796,1051.11,2205.71
797,1032.72,2205.38
798,1014.33,2205.05
799,996.04,2204.72
800,977.65,2204.38
801,959.36,2204.05
802,940.97,2203.72
803,922.58,2203.39
804,904.29,2203.05
805,885.9,2202.72
806,867.51,2202.28
807,849.22,2201.94
808,830.83,2201.61
809,812.44,2201.28
810,794.14,2200.95
811,775.76,2200.61
812,760.42,2200.5
813,745.08,2200.39
814,729.74,2200.39
815,714.4,2200.28
816,699.06,2200.17
817,683.81,2200.06
818,668.47,2199.95
819,653.13,2199.95
820,637.79,2199.84
821,622.45,2199.73
822,610.54,2198.51
823,598.73,2197.29
824,586.91,2195.96
825,575.0,2194.74
826,563.09,2193.52
827,551.28,2192.3
828,539.37,2191.08
829,527.56,2189.75
830,515.65,2188.53
831,503.83,2187.31
832,490.3,2181.99
833,476.77,2176.78
834,463.24,2171.45
835,449.71,2166.24
836,436.18,2160.92
837,422.65,2155.6
838,409.12,2150.39
839,395.6,2145.07
840,382.07,2139.86
841,368.54,2134.53
842,356.91,2129.1
843,345.38,2123.78
844,333.76,2118.35
845,322.23,2112.91
846,310.61,2107.59
847,298.98,2102.16
848,287.45,2096.73
849,275.83,2091.29
850,264.3,2085.97
851,252.68,2080.54
