62,1212.89,4310.42
63,1214.7,4302.88
64,1216.51,4295.34
65,1218.42,4287.8
66,1220.23,4280.27
67,1222.04,4272.73
68,1223.85,4265.19
69,1225.66,4257.65
70,1227.56,4250.11
71,1229.38,4242.57
72,1231.19,4235.03
73,1232.52,4231.15
74,1233.85,4227.16
75,1235.19,4223.28
76,1236.52,4219.4
77,1237.86,4215.4
78,1239.19,4211.52
79,1240.52,4207.64
80,1241.86,4203.65
81,1243.19,4199.77
82,1244.52,4195.89
83,1245.95,4191.9
84,1247.29,4188.02
85,1248.62,4184.14
86,1249.96,4180.15
87,1251.29,4176.27
88,1252.62,4172.39
89,1253.96,4168.39
90,1255.29,4164.51
91,1256.62,4160.63
92,1257.96,4156.64
93,1259.29,4152.76
94,1260.05,4150.1
95,1260.82,4147.33
96,1261.48,4144.67
97,1262.25,4141.9
98,1263.01,4139.23
99,1263.77,4136.46
100,1264.44,4133.8
101,1265.2,4131.03
102,1265.96,4128.37
103,1267.96,4121.05
104,1269.96,4113.73
105,1272.06,4106.42
106,1274.06,4099.1
107,1276.06,4091.78
108,1278.06,4084.35
109,1280.06,4077.03
110,1282.06,4069.72
111,1284.16,4062.4
112,1286.16,4055.08
113,1288.16,4047.76
114,1292.54,4035.35
115,1297.02,4022.93
116,1301.41,4010.62
117,1305.79,3998.2
118,1310.27,3985.79
119,1314.65,3973.37
120,1319.03,3961.06
121,1323.51,3948.64
122,1327.89,3936.23
123,1330.85,3928.13
124,1333.8,3920.15
125,1336.75,3912.05
126,1339.71,3903.96
127,1342.66,3895.87
128,1345.61,3887.88
129,1348.57,3879.79
130,1351.52,3871.7
131,1354.48,3863.6
132,1357.43,3855.62
133,1360.38,3847.53
134,1360.57,3846.97
135,1360.76,3846.42
136,1360.95,3845.86
137,1361.05,3845.31
138,1361.24,3844.75
139,1361.43,3844.2
140,1361.62,3843.65
141,1361.81,3843.09
142,1362.0,3842.54
143,1362.1,3841.98
144,1362.29,3841.43
145,1362.48,3840.87
146,1362.67,3840.32
147,1362.86,3839.77
148,1363.05,3839.21
149,1363.24,3838.66
150,1363.34,3838.1
151,1363.53,3837.55
152,1363.72,3836.99
153,1363.91,3836.44
154,1363.91,3836.44
155,1363.91,3836.44
156,1363.91,3836.44
157,1363.91,3836.44
158,1363.91,3836.44
159,1363.91,3836.44
160,1363.91,3836.44
161,1363.91,3836.44
162,1363.91,3836.44
163,1363.91,3836.44
164,1363.91,3836.44
165,1363.91,3836.44
166,1363.91,3836.44
167,1363.91,3836.44
168,1363.91,3836.44
169,1363.91,3836.44
170,1363.91,3836.44
171,1363.91,3836.44
172,1363.91,3836.44
173,1363.91,3836.44
174,1363.91,3836.44
175,1363.91,3836.44
176,1363.91,3836.44
177,1363.91,3836.44
178,1363.91,3836.44
179,1363.91,3836.44
180,1363.91,3836.44
181,1363.91,3836.44
182,1363.91,3836.44
183,1363.91,3836.44
184,1366.1,3831.23
185,1368.29,3826.13
186,1370.48,3820.92
187,1372.67,3815.71
188,1374.96,3810.61
189,1377.15,3805.39
190,1379.34,3800.18
191,1381.53,3795.08
192,1383.73,3789.87
193,1388.78,3778.9
194,1393.83,3767.92
195,1398.78,3756.94
196,1403.83,3746.08
197,1408.88,3735.1
198,1413.93,3724.12
199,1418.98,3713.15
200,1424.03,3702.17
201,1428.98,3691.2
202,1434.03,3680.22
203,1439.08,3669.35
204,1444.13,3658.38
205,1449.18,3647.4
206,1454.14,3636.42
207,1459.19,3625.45
208,1464.24,3614.47
209,1469.29,3603.49
210,1474.34,3592.52
211,1479.39,3581.65
212,1484.34,3570.68
213,1489.39,3559.7
214,1494.44,3548.72
215,1501.3,3536.08
216,1508.06,3523.44
217,1514.83,3510.8
218,1521.69,3498.16
219,1528.55,3485.53
220,1535.31,3472.89
221,1542.08,3460.25
222,1548.94,3447.61
223,1549.89,3445.17
224,1550.84,3442.73
225,1551.7,3440.29
226,1552.65,3437.85
227,1553.61,3435.41
228,1554.56,3432.97
229,1555.51,3430.53
230,1556.47,3428.09
231,1557.32,3425.65
232,1558.28,3423.21
233,1559.23,3420.78
234,1559.23,3414.23
235,1559.23,3407.58
236,1559.23,3400.93
237,1559.23,3394.39
238,1553.23,3389.51
239,1547.13,3384.63
240,1541.13,3379.75
241,1530.65,3375.43
242,1520.26,3371.1
243,1509.78,3366.67
244,1499.3,3362.34
245,1488.82,3358.02
246,1478.43,3353.7
247,1467.95,3349.37
248,1457.47,3345.05
249,1446.99,3340.61
250,1436.61,3336.29
251,1426.12,3331.97
252,1414.12,3326.64
253,1402.11,3321.32
254,1390.2,3316.0
255,1378.2,3310.68
256,1366.19,3305.36
257,1354.19,3300.03
258,1342.18,3294.71
259,1330.27,3289.39
260,1318.27,3284.07
261,1306.26,3278.75
262,1294.26,3273.42
263,1282.35,3268.1
264,1270.34,3262.78
265,1258.34,3257.46
266,1246.33,3252.14
267,1234.33,3246.81
268,1222.42,3241.49
269,1210.41,3236.17
270,1198.41,3230.85
271,1186.21,3225.08
272,1174.11,3219.43
273,1161.92,3213.77
274,1149.82,3208.01
275,1137.72,3202.35
276,1125.52,3196.59
277,1113.42,3190.93
278,1101.23,3185.17
279,1089.13,3179.51
280,1076.93,3173.75
281,1069.78,3168.43
282,1062.73,3163.11
283,1055.59,3157.78
284,1048.54,3152.46
285,1041.39,3147.14
286,1034.34,3141.93
287,1027.19,3136.61
288,1020.14,3131.28
289,1013.0,3125.96
290,1005.95,3120.64
291,998.8,3115.32
292,993.09,3112.21
293,987.37,3109.11
294,981.75,3106.12
295,976.03,3103.01
296,970.31,3099.91
297,964.6,3096.8
298,958.98,3093.81
299,953.26,3090.71
300,947.54,3087.6
301,946.21,3086.6
302,944.97,3085.72
303,943.64,3084.72
304,942.3,3083.83
305,940.97,3082.83
306,939.73,3081.95
307,938.4,3080.95
308,937.06,3080.06
309,935.82,3079.06
310,934.49,3078.18
311,929.06,3074.63
312,923.63,3071.19
313,918.29,3067.64
314,912.86,3064.1
315,907.43,3060.66
316,902.0,3057.11
317,896.57,3053.67
318,891.23,3050.13
319,885.8,3046.58
320,880.37,3043.14
321,874.94,3039.59
322,869.6,3036.04
323,864.17,3032.61
324,858.74,3029.06
325,851.79,3029.06
326,849.02,3028.06
327,846.17,3026.95
328,843.4,3025.96
329,841.5,3025.84
330,839.5,3025.84
331,837.59,3025.73
332,835.59,3025.73
333,833.68,3025.62
334,831.78,3025.62
335,829.78,3025.62
336,827.87,3025.51
337,825.87,3025.4
338,823.97,3025.4
339,821.68,3023.4
340,819.49,3021.41
341,817.2,3019.41
342,814.91,3017.42
343,812.72,3015.42
344,810.44,3013.43
345,808.15,3011.43
346,805.96,3009.43
347,803.67,3007.44
348,803.58,3007.44
349,803.58,3007.33
350,803.48,3007.33
351,803.39,3007.33
352,803.39,3007.33
353,803.29,3007.22
354,803.29,3007.22
355,803.2,3007.22
356,803.1,3007.22
357,803.1,3007.11
358,803.01,3007.11
359,802.72,3006.88
360,802.34,3006.77
361,802.05,3006.55
362,801.77,3006.33
363,801.48,3006.22
364,801.1,3006.0
365,800.81,3005.78
366,800.53,3005.55
367,800.15,3005.44
368,799.86,3005.22
369,794.91,3003.12
370,789.95,3001.01
371,785.0,2999.01
372,780.04,2996.91
373,775.09,2994.8
374,770.13,2992.69
375,765.18,2990.7
376,760.23,2988.59
377,755.27,2986.48
378,750.32,2984.38
379,745.27,2982.27
380,740.31,2980.28
381,735.36,2978.17
382,730.4,2976.06
383,725.45,2973.96
384,720.49,2971.96
385,715.54,2969.85
386,710.59,2967.75
387,705.63,2965.64
388,700.68,2963.64
389,695.72,2961.54
390,690.77,2959.43
391,686.58,2957.55
392,682.29,2955.55
393,678.1,2953.67
394,673.9,2951.67
395,669.71,2949.79
396,665.42,2947.79
397,661.23,2945.9
398,657.04,2943.91
399,652.75,2941.91
400,648.56,2940.03
401,639.32,2933.93
402,630.08,2927.94
403,620.74,2921.85
404,611.5,2915.75
405,608.45,2914.64
406,605.4,2913.53
407,602.35,2912.42
408,599.3,2911.31
409,596.25,2910.2
410,593.11,2908.98
411,590.06,2907.87
412,587.01,2906.77
413,583.96,2905.66
414,580.91,2904.55
415,577.86,2903.44
416,577.86,2903.44
417,577.86,2903.44
418,577.86,2903.44
419,577.86,2903.44
420,577.86,2903.44
421,577.86,2903.44
422,577.86,2903.44
423,577.86,2903.44
424,577.86,2903.44
425,577.86,2903.44
426,577.86,2903.44
427,577.86,2903.44
428,577.86,2903.44
429,577.86,2903.44
430,577.86,2903.44
431,577.86,2903.44
432,577.86,2903.44
433,577.86,2903.44
434,577.86,2903.44
435,577.86,2903.44
436,577.86,2903.44
437,577.86,2903.44
438,577.86,2903.44
439,577.86,2903.44
440,577.86,2903.44
441,577.86,2903.44
442,577.86,2903.44
443,577.86,2903.44
444,577.86,2903.44
445,577.86,2903.44
446,577.86,2903.44
447,577.86,2903.44
448,577.86,2903.44
449,577.86,2903.44
450,577.86,2903.44
451,577.86,2903.44
452,577.86,2903.44
453,577.86,2903.44
454,577.86,2903.44
455,577.86,2903.44
456,577.86,2903.44
457,577.86,2903.44
458,577.86,2903.44
459,577.86,2903.44
460,577.86,2903.44
461,577.86,2903.44
462,577.86,2903.44
463,577.86,2903.44
464,577.86,2903.44
465,577.67,2903.66
466,577.39,2903.88
467,577.2,2904.11
468,576.91,2904.33
469,576.72,2904.55
470,576.43,2904.88
471,576.24,2905.1
472,575.96,2905.32
473,575.67,2905.55
474,575.48,2905.77
475,575.48,2905.77
476,575.48,2905.77
477,575.48,2905.77
478,575.48,2905.77
479,575.48,2905.77
480,575.48,2905.77
481,575.48,2905.77
482,575.48,2905.77
483,575.48,2905.77
484,575.48,2905.77
485,575.48,2905.77
486,574.34,2905.44
487,573.1,2904.99
488,571.96,2904.66
489,570.72,2904.22
490,569.57,2903.88
491,568.33,2903.55
492,567.1,2903.11
493,565.95,2902.77
494,564.81,2902.33
495,563.57,2902.0
496,562.33,2901.67
497,561.19,2901.22
498,560.05,2900.89
499,558.81,2900.45
500,557.57,2900.11
501,556.42,2899.78
502,555.28,2899.34
503,554.04,2899.01
504,552.8,2898.56
505,551.66,2898.23
506,543.28,2895.46
507,534.99,2892.8
508,526.6,2890.02
509,518.22,2887.25
510,509.83,2884.59
511,501.54,2881.82
512,493.16,2879.05
513,484.78,2876.28
514,476.49,2873.62
515,468.1,2870.84
516,463.53,2865.85
517,458.86,2860.75
518,454.29,2855.76
519,441.9,2852.22
520,429.51,2848.56
521,417.13,2845.01
522,404.74,2841.35
523,392.36,2837.8
524,379.97,2834.14
525,367.58,2830.6
526,355.2,2826.94
527,342.81,2823.39
528,327.95,2818.62
529,313.18,2813.97
530,298.32,2809.2
531,283.55,2804.43
532,268.68,2799.66
533,253.82,2795.01
534,239.05,2790.24
535,224.19,2785.47
536,209.42,2780.81
537,194.56,2776.05
538,185.79,2771.83
539,177.12,2767.73
540,168.36,2763.52
541,159.69,2759.3
542,150.92,2755.09
543,142.25,2750.99
544,133.48,2746.78
545,124.72,2742.56
546,116.05,2738.35
547,107.28,2734.25
548,98.61,2730.03
549,89.85,2725.82
