0,2424.45,1593.03
1,2422.83,1592.58
2,2421.21,1592.03
3,2419.59,1591.59
4,2417.97,1591.03
5,2416.35,1590.59
6,2414.73,1590.03
7,2413.11,1589.59
8,2411.49,1589.04
9,2409.87,1588.59
10,2409.87,1588.59
11,2409.87,1588.59
12,2409.87,1588.59
13,2409.87,1588.59
14,2409.87,1588.59
15,2409.87,1588.59
16,2409.87,1588.59
17,2409.87,1588.59
18,2409.87,1588.59
19,2409.87,1588.59
20,2409.87,1588.59
21,2409.87,1588.59
22,2409.87,1588.59
23,2409.87,1588.59
24,2409.87,1588.59
25,2409.87,1588.59
26,2409.87,1588.59
27,2409.87,1588.59
28,2409.87,1588.59
29,2409.87,1588.59
30,2409.87,1588.59
31,2409.87,1588.59
32,2409.87,1588.59
33,2409.87,1588.59
34,2409.87,1588.59
35,2409.87,1588.59
36,2409.87,1588.59
37,2409.87,1588.59
38,2409.87,1588.59
39,2409.87,1588.59
40,2409.87,1588.59
41,2409.87,1588.59
42,2409.87,1588.59
43,2409.21,1590.03
44,2408.54,1591.48
45,2407.87,1592.92
46,2407.21,1594.36
47,2406.54,1595.8
48,2405.87,1597.13
49,2405.2,1598.57
50,2404.54,1600.01
51,2403.97,1601.45
52,2403.3,1602.9
53,2402.63,1604.34
54,2401.96,1605.78
55,2401.3,1607.22
56,2400.63,1608.66
57,2399.96,1610.1
58,2399.3,1611.43
59,2398.63,1612.87
60,2397.96,1614.32
61,2397.3,1615.76
62,2396.63,1617.2
63,2395.96,1618.64
64,2395.3,1620.08
65,2394.63,1621.52
66,2393.96,1622.96
67,2393.29,1624.41
68,2392.63,1625.85
69,2392.06,1627.18
70,2391.39,1628.62
71,2390.72,1630.06
72,2390.05,1631.5
73,2389.39,1632.94
74,2388.72,1634.38
75,2388.05,1635.83
76,2387.39,1637.27
77,2386.72,1638.71
78,2386.05,1640.15
79,2385.39,1641.59
80,2384.72,1642.92
81,2384.05,1644.36
82,2383.39,1645.8
83,2382.72,1647.25
84,2382.05,1648.69
85,2381.38,1650.13
86,2380.72,1651.57
87,2380.15,1653.01
88,2379.48,1654.45
89,2378.81,1655.89
90,2378.15,1657.22
91,2377.48,1658.67
92,2376.81,1660.11
93,2376.14,1661.55
94,2375.48,1662.99
95,2374.81,1664.43
96,2374.81,1664.43
97,2374.81,1664.43
98,2374.81,1664.43
99,2374.81,1664.43
100,2374.81,1664.43
101,2374.81,1664.43
102,2374.81,1664.43
103,2374.81,1664.43
104,2374.81,1664.43
105,2374.81,1664.43
106,2374.81,1664.43
107,2374.81,1664.43
108,2374.81,1664.43
109,2374.81,1664.43
110,2374.81,1664.43
111,2374.62,1666.43
112,2374.43,1668.53
113,2374.24,1670.53
114,2374.05,1672.64
115,2373.86,1674.63
116,2373.67,1676.74
117,2373.48,1678.73
118,2373.29,1680.84
119,2373.1,1682.84
120,2372.9,1684.94
121,2372.71,1686.94
122,2372.52,1687.82
123,2372.43,1688.6
124,2372.24,1689.49
125,2372.05,1690.26
126,2371.95,1691.15
127,2371.76,1691.93
128,2371.57,1692.81
129,2371.48,1693.59
130,2371.29,1694.48
131,2370.9,1696.25
132,2370.62,1698.14
133,2370.24,1699.91
134,2369.95,1701.79
135,2369.57,1703.57
136,2369.28,1705.34
137,2368.9,1707.23
138,2368.52,1709.0
139,2368.24,1710.78
140,2367.86,1712.66
141,2367.57,1714.43
142,2367.19,1716.32
143,2366.9,1718.09
144,2366.52,1719.87
145,2366.14,1721.75
146,2365.85,1723.53
147,2365.47,1725.3
148,2365.19,1727.18
149,2364.81,1728.96
150,2364.52,1730.84
151,2364.14,1732.62
152,2363.76,1734.84
153,2363.47,1737.05
154,2363.09,1739.27
155,2362.81,1741.49
156,2362.42,1743.7
157,2362.04,1745.92
158,2361.76,1748.25
159,2361.38,1750.47
160,2361.09,1752.69
161,2360.71,1754.9
162,2360.42,1757.12
163,2360.04,1759.34
164,2359.76,1761.0
165,2359.57,1762.66
166,2359.28,1764.33
167,2359.09,1765.88
168,2358.8,1767.54
169,2358.61,1769.21
170,2358.33,1770.87
171,2358.14,1772.53
172,2357.95,1774.2
173,2357.66,1775.86
174,2357.47,1777.52
175,2357.28,1779.18
176,2357.09,1780.85
177,2356.9,1782.51
178,2356.61,1784.17
179,2356.42,1785.84
180,2356.23,1787.5
181,2356.04,1788.72
182,2355.95,1789.94
183,2355.75,1791.16
184,2355.56,1792.38
185,2355.47,1793.6
186,2355.28,1794.82
187,2355.09,1796.04
188,2354.9,1797.26
189,2354.8,1798.48
190,2354.61,1799.7
191,2354.42,1800.92
192,2354.33,1802.14
193,2354.14,1803.35
194,2354.14,1803.47
195,2354.14,1803.47
196,2354.14,1803.58
197,2354.14,1803.58
198,2354.14,1803.69
199,2354.14,1803.8
200,2354.14,1803.8
201,2354.14,1803.91
202,2354.04,1803.91
203,2354.04,1804.02
204,2354.04,1804.02
205,2354.04,1804.13
206,2354.04,1804.24
207,2354.04,1804.24
208,2354.04,1804.35
209,2354.04,1804.35
210,2354.04,1804.46
211,2353.85,1805.35
212,2353.66,1806.35
213,2353.37,1807.24
214,2353.18,1808.23
215,2352.99,1809.12
216,2352.8,1810.12
217,2352.61,1811.01
218,2352.32,1812.0
219,2352.13,1812.89
220,2351.94,1813.89
221,2351.37,1816.88
222,2350.71,1819.87
223,2350.13,1822.98
224,2349.47,1825.97
225,2348.89,1828.97
226,2348.23,1831.96
227,2347.66,1835.06
228,2346.99,1838.06
229,2346.42,1841.05
230,2346.04,1842.94
231,2345.66,1844.82
232,2345.18,1846.82
233,2344.8,1848.7
234,2344.42,1850.59
235,2344.04,1852.47
236,2343.65,1854.36
237,2343.18,1856.35
238,2342.8,1858.24
239,2342.42,1860.12
240,2342.32,1860.57
241,2342.32,1861.01
242,2342.23,1861.45
243,2342.13,1861.9
244,2342.03,1862.34
245,2342.03,1862.89
246,2341.94,1863.34
247,2341.84,1863.78
248,2341.75,1864.22
249,2341.75,1864.67
250,2341.65,1865.11
251,2341.65,1865.11
252,2341.65,1865.11
253,2341.65,1865.11
254,2341.65,1865.11
255,2341.65,1865.11
256,2341.65,1865.11
257,2341.65,1865.11
258,2341.65,1865.11
259,2341.65,1865.11
260,2341.65,1865.11
261,2341.65,1865.11
262,2341.65,1865.11
263,2341.65,1865.11
264,2341.65,1865.11
265,2341.65,1865.11
266,2341.65,1865.11
267,2341.65,1865.11
268,2341.65,1865.11
269,2341.65,1865.11
270,2341.65,1865.11
271,2341.65,1865.11
272,2341.65,1865.11
273,2341.65,1865.11
274,2341.65,1865.11
275,2341.65,1865.11
276,2341.65,1865.11
277,2341.65,1865.11
278,2341.65,1865.11
279,2341.65,1865.11
280,2341.37,1866.55
281,2341.08,1867.88
282,2340.8,1869.32
283,2340.51,1870.65
284,2340.22,1872.1
285,2339.94,1873.54
286,2339.65,1874.87
287,2339.37,1876.31
288,2339.08,1877.64
289,2338.8,1879.08
290,2338.7,1879.86
291,2338.51,1880.63
292,2338.41,1881.52
293,2338.22,1882.3
294,2338.13,1883.07
295,2338.03,1883.85
296,2337.84,1884.62
297,2337.75,1885.51
298,2337.56,1886.29
299,2337.46,1887.06
300,2337.94,1888.51
301,2338.51,1889.95
302,2338.99,1891.28
303,2339.56,1892.72
304,2340.13,1894.16
305,2340.61,1895.6
306,2341.18,1897.04
307,2341.65,1898.37
308,2342.23,1899.81
309,2342.7,1901.26
310,2342.89,1901.37
311,2342.99,1901.37
312,2343.18,1901.48
313,2343.27,1901.59
314,2343.46,1901.59
315,2343.65,1901.7
316,2343.75,1901.81
317,2343.94,1901.81
318,2344.13,1901.92
319,2344.23,1901.92
320,2344.42,1902.03
321,2344.51,1902.14
322,2344.7,1902.14
323,2344.89,1902.25
324,2344.99,1902.36
325,2345.18,1902.36
326,2345.37,1902.48
327,2345.46,1902.59
328,2345.66,1902.59
329,2345.75,1902.7
330,2345.94,1902.81
331,2346.13,1902.81
332,2346.23,1902.92
333,2346.42,1903.03
334,2346.51,1903.03
335,2346.7,1903.14
336,2346.89,1903.14
337,2346.99,1903.25
338,2347.18,1903.36
339,2347.37,1903.36
340,2347.47,1903.47
341,2347.66,1903.58
342,2347.75,1903.58
343,2347.94,1903.7
344,2347.94,1903.7
345,2347.94,1903.7
346,2347.94,1903.7
347,2347.94,1903.7
348,2347.94,1903.7
349,2347.94,1903.7
350,2347.94,1903.7
351,2347.94,1903.7
352,2347.94,1903.7
353,2347.94,1903.7
354,2347.94,1903.7
355,2347.94,1903.7
356,2347.94,1903.7
357,2347.94,1903.7
358,2347.94,1903.7
359,2347.94,1903.7
360,2347.94,1903.7
361,2347.94,1903.7
362,2347.94,1903.7
363,2347.94,1903.7
364,2347.94,1903.7
365,2347.94,1903.7
366,2347.94,1903.7
367,2347.94,1903.7
368,2347.94,1903.7
369,2347.94,1903.7
370,2347.94,1903.7
371,2347.94,1903.7
372,2347.94,1903.7
373,2347.94,1903.7
374,2347.94,1903.7
375,2347.94,1903.7
376,2347.94,1903.7
377,2347.94,1903.7
378,2347.94,1903.7
379,2347.94,1903.7
380,2347.94,1903.7
381,2347.94,1903.7
382,2347.94,1903.7
383,2347.94,1903.7
384,2347.94,1903.7
385,2347.94,1903.7
386,2347.94,1903.7
387,2347.94,1903.7
388,2347.94,1903.7
389,2347.94,1903.7
390,2347.94,1903.7
391,2347.94,1903.7
392,2347.94,1903.7
393,2347.94,1903.7
394,2347.94,1903.7
395,2347.94,1903.7
396,2347.94,1903.7
397,2347.94,1903.7
398,2347.94,1903.7
399,2347.94,1903.7
400,2347.94,1903.7
401,2347.94,1903.7
402,2347.94,1903.7
403,2347.94,1903.7
404,2347.94,1903.7
405,2347.94,1903.7
406,2347.94,1903.7
407,2347.94,1903.7
408,2347.94,1903.7
409,2347.94,1903.7
410,2347.94,1903.7
411,2347.94,1903.7
412,2347.94,1903.7
413,2347.94,1903.7
414,2347.94,1903.7
415,2347.94,1903.7
416,2347.94,1903.7
417,2347.94,1903.7
418,2347.94,1903.7
419,2347.94,1903.7
420,2347.94,1903.7
421,2347.94,1903.7
422,2347.94,1903.7
423,2347.94,1903.7
424,2347.94,1903.7
425,2347.94,1903.7
426,2347.94,1903.7
427,2347.94,1903.7
428,2347.94,1903.7
429,2347.94,1903.7
430,2347.85,1903.7
431,2347.85,1903.81
432,2347.75,1903.81
433,2347.75,1903.92
434,2347.66,1903.92
435,2347.66,1903.92
436,2347.56,1904.03
437,2347.56,1904.03
438,2347.47,1904.14
439,2347.47,1904.14
440,2347.37,1904.14
441,2347.28,1904.25
442,2347.28,1904.25
443,2347.18,1904.36
444,2347.18,1904.36
445,2347.08,1904.36
446,2347.08,1904.47
447,2346.99,1904.47
448,2346.99,1904.58
449,2346.89,1904.58
450,2346.89,1904.58
451,2346.89,1904.58
452,2346.89,1904.58
453,2346.89,1904.58
454,2346.89,1904.58
455,2346.89,1904.58
456,2346.89,1904.58
457,2346.89,1904.58
458,2346.89,1904.58
459,2346.89,1904.58
460,2346.89,1904.58
461,2346.89,1904.58
462,2346.89,1904.58
463,2346.89,1904.58
464,2346.89,1904.58
465,2346.89,1904.58
466,2346.89,1904.58
467,2346.89,1904.58
468,2346.89,1904.58
469,2346.89,1904.58
470,2346.89,1904.58
471,2346.89,1904.58
472,2346.89,1904.58
473,2346.89,1904.58
474,2346.89,1904.58
475,2346.89,1904.58
476,2346.89,1904.58
477,2346.89,1904.58
478,2346.89,1904.58
479,2346.89,1904.58
480,2346.89,1904.58
481,2346.89,1904.58
482,2346.89,1904.58
483,2346.89,1904.58
484,2346.89,1904.58
485,2346.89,1904.58
486,2346.89,1904.58
487,2346.89,1904.58
488,2346.89,1904.58
489,2346.89,1904.58
490,2346.89,1904.58
491,2346.89,1904.58
492,2346.89,1904.58
493,2346.89,1904.58
494,2346.89,1904.58
495,2346.89,1904.58
496,2346.89,1904.58
497,2346.89,1904.58
498,2346.89,1904.58
499,2346.89,1904.58
500,2346.89,1904.58
501,2346.89,1904.58
502,2346.89,1904.58
503,2346.89,1904.58
504,2346.89,1904.58
505,2346.89,1904.58
506,2346.89,1904.58
507,2346.89,1904.58
508,2346.89,1904.58
509,2346.89,1904.58
510,2346.89,1904.58
511,2346.89,1904.58
512,2346.89,1904.58
513,2346.89,1904.58
514,2346.89,1904.58
515,2346.89,1904.58
516,2346.89,1904.58
517,2346.89,1904.58
518,2346.89,1904.58
519,2346.89,1904.58
520,2346.89,1904.58
521,2346.89,1904.58
522,2346.89,1904.58
523,2346.89,1904.58
524,2346.89,1904.58
525,2346.89,1904.58
526,2346.89,1904.58
527,2346.89,1904.58
528,2346.89,1904.58
529,2346.89,1904.58
530,2346.89,1904.58
531,2346.89,1904.58
532,2346.89,1904.58
533,2346.89,1904.58
534,2346.89,1904.58
535,2346.89,1904.58
536,2346.89,1904.58
537,2346.89,1904.58
538,2346.89,1904.58
539,2346.89,1904.58
540,2346.89,1904.58
541,2346.89,1904.58
542,2346.89,1904.58
543,2346.89,1904.58
544,2346.89,1904.58
545,2347.28,1904.91
546,2347.75,1905.25
547,2348.13,1905.47
548,2348.51,1905.8
549,2348.99,1906.13
550,2349.37,1906.47
551,2349.75,1906.69
552,2350.23,1907.02
553,2350.61,1907.35
554,2350.99,1907.69
555,2351.47,1907.91
556,2351.85,1908.24
557,2352.23,1908.57
558,2352.61,1908.91
559,2353.09,1909.13
560,2353.47,1909.46
561,2353.85,1909.79
562,2354.33,1910.13
563,2354.71,1910.35
564,2355.09,1910.68
565,2355.56,1911.01
566,2355.95,1911.35
567,2356.33,1911.57
568,2356.8,1911.9
569,2357.18,1912.23
570,2357.18,1912.23
571,2357.18,1912.23
572,2357.18,1912.23
573,2357.18,1912.23
574,2357.18,1912.23
575,2357.18,1912.23
576,2357.18,1912.23
577,2357.18,1912.23
578,2357.18,1912.23
579,2357.18,1912.23
580,2357.18,1912.23
581,2357.18,1912.23
582,2357.18,1912.23
583,2357.18,1912.23
584,2357.18,1912.23
585,2357.18,1912.23
586,2357.18,1912.23
587,2357.18,1912.23
588,2357.18,1912.23
589,2357.18,1912.23
590,2357.18,1912.23
591,2358.61,1913.23
592,2359.95,1914.12
593,2361.38,1915.12
594,2362.81,1916.0
595,2364.23,1917.0
596,2365.57,1918.0
597,2367.0,1918.88
598,2368.43,1919.88
599,2369.76,1920.77
600,2371.19,1921.77
601,2373.48,1922.99
602,2375.76,1924.32
603,2377.95,1925.54
604,2380.24,1926.87
605,2382.53,1928.09
606,2384.81,1929.31
607,2387.1,1930.64
608,2389.29,1931.86
609,2391.58,1933.19
610,2393.87,1934.41
611,2394.34,1934.63
612,2394.82,1934.85
613,2395.3,1935.07
614,2395.77,1935.29
615,2396.25,1935.52
616,2396.72,1935.74
617,2397.2,1935.96
618,2397.68,1936.18
619,2398.15,1936.4
620,2398.63,1936.62
621,2399.11,1936.85
622,2399.58,1937.07
623,2400.06,1937.29
624,2400.54,1937.51
625,2401.01,1937.73
626,2401.49,1937.96
627,2401.96,1938.18
628,2402.44,1938.4
629,2402.92,1938.62
630,2403.39,1938.84
631,2403.39,1938.84
632,2403.39,1938.84
633,2403.39,1938.84
634,2403.39,1938.84
635,2403.39,1938.84
636,2403.39,1938.84
637,2403.39,1938.84
638,2403.39,1938.84
639,2403.39,1938.84
640,2403.39,1938.84
641,2403.39,1938.84
642,2403.39,1938.84
643,2403.39,1938.84
644,2403.39,1938.84
645,2403.39,1938.84
646,2403.39,1938.84
647,2403.39,1938.84
648,2403.39,1938.84
649,2403.39,1938.84
650,2403.39,1938.84
651,2403.39,1938.84
652,2403.39,1938.84
653,2403.39,1938.84
654,2403.39,1938.84
655,2403.39,1938.84
656,2403.39,1938.84
657,2403.39,1938.84
658,2403.39,1938.84
659,2403.39,1938.84
660,2403.39,1938.84
661,2404.06,1939.4
662,2404.63,1939.84
663,2405.3,1940.39
664,2405.97,1940.84
665,2406.54,1941.39
666,2407.21,1941.95
667,2407.87,1942.39
668,2408.54,1942.94
669,2409.11,1943.39
670,2409.78,1943.94
671,2411.21,1945.38
672,2412.64,1946.94
673,2413.97,1948.38
674,2415.4,1949.82
675,2416.83,1951.37
676,2418.26,1952.81
677,2419.69,1954.36
678,2421.02,1955.81
679,2422.45,1957.25
680,2423.88,1958.8
681,2425.31,1960.24
682,2426.64,1961.68
683,2428.07,1963.23
684,2429.5,1964.68
685,2430.93,1966.23
686,2432.36,1967.67
687,2433.69,1969.11
688,2435.12,1970.66
689,2436.55,1972.1
690,2434.93,1975.76
691,2433.41,1979.53
692,2431.79,1983.19
693,2430.17,1986.85
694,2428.64,1990.51
695,2427.02,1994.28
696,2425.5,1997.94
697,2423.88,2001.6
698,2422.26,2005.26
699,2420.73,2009.02
700,2419.11,2012.68
701,2417.78,2016.68
702,2416.35,2020.78
703,2415.02,2024.77
704,2413.68,2028.87
705,2412.25,2032.86
706,2410.92,2036.85
707,2409.59,2040.96
708,2408.25,2044.95
709,2406.82,2049.05
710,2405.49,2053.04
711,2405.3,2053.71
712,2405.01,2054.48
713,2404.82,2055.15
714,2404.54,2055.81
715,2404.35,2056.48
716,2404.16,2057.25
717,2403.87,2057.92
718,2403.68,2058.59
719,2403.39,2059.36
720,2403.2,2060.03
721,2403.2,2060.03
722,2403.2,2060.03
723,2403.2,2060.03
724,2403.2,2060.03
725,2403.2,2060.03
726,2403.2,2060.03
727,2403.2,2060.03
728,2403.2,2060.03
729,2403.2,2060.03
730,2403.2,2060.03
731,2403.2,2060.03
732,2403.2,2060.03
733,2403.2,2060.03
734,2403.2,2060.03
735,2403.2,2060.03
736,2403.2,2060.03
737,2403.2,2060.03
738,2403.2,2060.03
739,2403.2,2060.03
740,2403.2,2060.03
741,2403.2,2060.03
742,2403.2,2060.03
743,2403.2,2060.03
744,2403.2,2060.03
745,2403.2,2060.03
746,2403.2,2060.03
747,2403.2,2060.03
748,2403.2,2060.03
749,2403.2,2060.03
750,2403.2,2060.03
751,2403.01,2060.03
752,2402.82,2059.92
753,2402.73,2059.8
754,2402.54,2059.8
755,2402.35,2059.8
756,2402.16,2059.69
757,2401.96,2059.69
758,2401.87,2059.58
759,2401.68,2059.58
760,2401.49,2059.47
761,2401.49,2059.47
762,2401.49,2059.47
763,2401.49,2059.47
764,2401.49,2059.47
765,2401.49,2059.47
766,2401.49,2059.47
767,2401.49,2059.47
768,2401.49,2059.47
769,2401.49,2059.47
770,2401.49,2059.47
771,2401.49,2059.47
772,2401.49,2059.47
773,2401.49,2059.47
774,2401.49,2059.47
775,2401.49,2059.47
776,2401.49,2059.47
777,2401.49,2059.47
778,2401.49,2059.47
779,2401.49,2059.47
780,2401.49,2059.47
781,2401.49,2059.47
782,2401.49,2059.47
783,2401.49,2059.47
784,2401.49,2059.47
785,2401.49,2059.47
786,2401.49,2059.47
787,2401.49,2059.47
788,2401.49,2059.47
789,2401.49,2059.47
790,2401.49,2059.47
791,2399.77,2062.35
792,2398.06,2065.24
793,2396.34,2068.12
794,2394.53,2070.89
795,2392.82,2073.77
796,2391.1,2076.66
797,2389.39,2079.54
798,2387.67,2082.42
799,2385.96,2085.31
800,2384.15,2088.19
801,2382.43,2090.96
802,2380.72,2093.84
803,2379.0,2096.73
804,2377.29,2099.61
805,2375.57,2102.49
806,2373.86,2105.37
807,2372.05,2108.15
808,2370.33,2111.03
809,2368.62,2113.91
810,2366.9,2116.79
811,2364.62,2121.67
812,2362.33,2126.55
813,2360.04,2131.32
814,2357.76,2136.2
815,2355.47,2141.07
816,2353.18,2145.95
817,2350.9,2150.83
818,2348.61,2155.6
819,2346.32,2160.48
820,2344.04,2165.36
821,2342.42,2170.57
822,2340.8,2175.89
823,2339.08,2181.1
824,2337.46,2186.31
825,2335.84,2191.52
826,2334.22,2196.84
827,2332.6,2202.06
828,2330.89,2207.27
829,2329.27,2212.59
830,2327.65,2217.8
831,2328.22,2222.79
832,2328.79,2227.78
833,2329.46,2232.77
834,2330.03,2237.76
835,2330.6,2242.75
836,2331.27,2247.74
837,2331.84,2252.72
838,2332.41,2257.71
839,2330.51,2261.71
840,2328.6,2265.81
841,2326.6,2269.8
842,2324.69,2273.79
843,2322.79,2277.89
844,2320.88,2281.88
845,2318.88,2285.88
846,2316.98,2289.98
847,2315.07,2293.97
848,2314.21,2294.97
849,2313.36,2295.97
850,2312.59,2296.96
851,2311.74,2297.96
852,2310.88,2298.85
853,2310.02,2299.85
854,2309.16,2300.84
855,2308.4,2301.84
856,2307.54,2302.84
857,2306.69,2303.84
858,2305.83,2304.83
859,2304.97,2305.83
860,2304.21,2306.83
861,2303.35,2307.83
862,2302.49,2308.83
863,2301.64,2309.71
864,2300.78,2310.71
865,2300.02,2311.71
866,2299.16,2312.71
867,2298.3,2313.7
868,2296.21,2316.92
869,2294.01,2320.25
870,2291.92,2323.46
871,2289.73,2326.79
872,2287.63,2330.0
873,2285.53,2333.22
874,2283.34,2336.54
875,2281.25,2339.76
876,2279.06,2343.09
877,2276.96,2346.3
878,2275.63,2349.52
879,2274.29,2352.84
880,2272.96,2356.06
881,2271.62,2359.27
882,2270.29,2362.49
883,2268.96,2365.82
884,2267.62,2369.03
885,2266.29,2372.25
886,2264.95,2375.57
887,2263.62,2378.79
888,2263.62,2378.79
889,2263.62,2378.79
890,2263.62,2378.79
891,2263.62,2378.79
892,2263.62,2378.79
893,2263.62,2378.79
894,2263.62,2378.79
895,2263.62,2378.79
896,2263.62,2378.79
897,2263.62,2378.79
898,2263.62,2378.79
899,2263.62,2378.79
900,2263.62,2378.79
901,2263.62,2378.79
902,2263.62,2378.79
903,2263.62,2378.79
904,2263.62,2378.79
905,2263.62,2378.79
906,2263.62,2378.79
907,2263.62,2378.79
908,2263.62,2378.79
909,2263.62,2378.79
910,2263.62,2378.79
911,2263.62,2378.79
912,2263.62,2378.79
913,2263.62,2378.79
914,2263.62,2378.79
915,2263.62,2378.79
916,2263.62,2378.79
917,2263.62,2378.79
918,2263.62,2378.79
919,2263.62,2378.79
920,2263.62,2378.79
921,2263.62,2378.79
922,2263.62,2378.79
923,2263.62,2378.79
924,2263.62,2378.79
925,2263.62,2378.79
926,2263.62,2378.79
927,2263.62,2378.79
928,2263.62,2378.79
929,2263.62,2378.79
930,2263.62,2378.79
931,2263.62,2378.79
932,2263.62,2378.79
933,2263.62,2378.79
934,2263.62,2378.79
935,2263.62,2378.79
936,2263.62,2378.79
937,2263.62,2378.79
938,2263.14,2379.9
939,2262.76,2381.12
940,2262.29,2382.22
941,2261.91,2383.33
942,2261.43,2384.44
943,2261.05,2385.66
944,2260.57,2386.77
945,2260.19,2387.88
