134,1189.26,4426.06
135,1189.36,4423.4
136,1189.36,4420.74
137,1189.45,4418.08
138,1189.55,4415.42
139,1189.55,4412.76
140,1189.64,4410.1
141,1189.74,4407.44
142,1189.74,4404.78
143,1189.83,4402.11
144,1189.93,4399.56
145,1190.03,4396.9
146,1190.03,4394.24
147,1190.12,4391.58
148,1190.22,4388.92
149,1190.22,4386.26
150,1190.31,4383.6
151,1190.41,4380.94
152,1190.41,4378.28
153,1190.5,4375.62
154,1191.07,4371.18
155,1191.74,4366.75
156,1192.31,4362.42
157,1192.88,4357.99
158,1193.55,4353.55
159,1194.12,4349.12
160,1194.69,4344.68
161,1195.27,4340.36
162,1195.93,4335.92
163,1196.5,4331.49
164,1197.55,4326.94
165,1198.51,4322.29
166,1199.55,4317.74
167,1200.6,4313.08
168,1201.65,4308.54
169,1202.6,4303.99
170,1203.65,4299.34
171,1204.7,4294.79
172,1205.65,4290.13
173,1206.7,4285.59
174,1206.98,4284.81
175,1207.27,4284.15
176,1207.46,4283.37
177,1207.75,4282.7
178,1208.03,4281.93
179,1208.32,4281.26
180,1208.6,4280.6
181,1208.8,4279.82
182,1209.08,4279.16
183,1209.37,4278.38
184,1210.13,4276.05
185,1210.8,4273.72
186,1211.56,4271.4
187,1212.23,4269.07
188,1212.89,4266.74
189,1213.65,4264.3
190,1214.42,4261.97
191,1215.08,4259.64
192,1215.85,4257.31
193,1216.51,4254.99
194,1217.37,4252.44
195,1218.32,4249.89
196,1219.18,4247.34
197,1220.13,4244.79
198,1220.99,4242.24
199,1221.94,4239.57
200,1222.8,4237.02
201,1223.75,4234.47
202,1224.61,4231.92
203,1225.56,4229.37
204,1226.42,4226.82
205,1227.37,4224.27
206,1228.23,4221.72
207,1229.18,4219.17
208,1230.04,4216.62
209,1231.0,4213.96
210,1231.85,4211.41
211,1232.81,4208.86
212,1233.66,4206.31
213,1234.62,4203.76
214,1235.47,4201.21
215,1236.43,4198.33
216,1237.38,4195.56
217,1238.33,4192.68
218,1239.28,4189.9
219,1240.24,4187.02
220,1241.19,4184.25
221,1242.14,4181.37
222,1243.1,4178.59
223,1244.05,4175.71
224,1246.05,4171.17
225,1247.95,4166.62
226,1249.86,4161.96
227,1251.86,4157.42
228,1253.77,4152.87
229,1255.77,4148.33
230,1257.77,4143.78
231,1259.67,4139.12
232,1261.58,4134.58
233,1263.58,4130.03
234,1266.63,4123.05
235,1269.68,4116.17
236,1272.73,4109.19
237,1275.78,4102.2
238,1278.82,4095.22
239,1281.87,4088.34
240,1284.92,4081.36
241,1287.97,4074.37
242,1291.02,4067.5
243,1294.07,4060.51
244,1298.26,4049.21
245,1302.45,4038.01
246,1306.65,4026.7
247,1310.74,4015.39
248,1314.94,4004.19
249,1319.13,3992.88
250,1323.32,3981.57
251,1327.51,3970.37
252,1331.7,3959.07
253,1335.9,3947.76
254,1339.99,3936.56
255,1344.19,3925.25
256,1348.38,3913.94
257,1352.57,3902.74
258,1356.76,3891.43
259,1360.95,3880.12
260,1365.15,3868.93
261,1369.24,3857.62
262,1373.44,3846.31
263,1377.63,3835.11
264,1381.82,3823.8
265,1387.92,3809.05
266,1394.02,3794.31
267,1400.02,3779.56
268,1406.12,3764.81
269,1412.21,3750.18
270,1418.31,3735.43
271,1424.31,3720.69
272,1430.41,3705.94
273,1436.51,3691.2
274,1443.56,3677.45
275,1450.71,3663.81
276,1457.76,3650.17
277,1464.81,3636.42
278,1471.86,3622.79
279,1479.0,3609.04
280,1486.05,3595.4
281,1493.11,3581.65
282,1500.25,3568.01
283,1507.3,3554.27
284,1511.68,3545.29
285,1516.07,3536.31
286,1520.55,3527.44
287,1524.93,3518.45
288,1529.31,3509.47
289,1533.69,3500.49
290,1538.08,3491.51
291,1542.55,3482.64
292,1546.94,3473.66
293,1551.32,3464.68
294,1555.7,3455.7
295,1560.09,3446.72
296,1564.56,3437.85
297,1568.95,3428.87
298,1573.33,3419.89
299,1579.9,3391.62
300,1586.57,3363.23
301,1593.15,3334.96
302,1599.82,3306.58
303,1606.39,3278.3
304,1608.2,3267.22
305,1610.01,3256.02
306,1611.82,3244.93
307,1613.54,3233.84
308,1615.35,3222.64
309,1617.16,3211.56
310,1618.97,3200.47
311,1620.78,3189.27
312,1622.59,3178.18
313,1624.4,3167.1
314,1626.21,3155.9
315,1627.92,3144.81
316,1629.73,3133.72
317,1631.54,3122.53
318,1633.36,3111.44
319,1635.17,3100.35
320,1636.98,3089.26
321,1638.79,3078.07
322,1640.6,3066.98
323,1642.31,3055.89
324,1644.12,3044.69
325,1645.93,3033.61
326,1647.74,3022.52
327,1649.55,3011.32
328,1651.36,3000.23
329,1653.17,2989.15
330,1654.98,2977.95
331,1656.7,2966.86
332,1658.51,2955.77
333,1660.32,2944.57
334,1662.13,2933.49
335,1662.7,2923.51
336,1663.27,2913.64
337,1663.94,2903.66
338,1664.51,2893.68
339,1665.08,2883.82
340,1665.65,2873.84
341,1666.23,2863.97
342,1666.8,2853.99
343,1667.46,2844.01
344,1668.04,2834.14
345,1668.61,2824.17
346,1669.37,2809.64
347,1670.23,2795.23
348,1670.99,2780.81
349,1671.85,2766.29
350,1672.61,2751.77
351,1673.37,2737.35
352,1674.23,2722.94
353,1674.99,2708.41
354,1675.47,2700.87
355,1675.94,2693.34
356,1676.42,2685.91
357,1676.9,2678.37
358,1677.37,2670.83
359,1677.85,2663.29
360,1678.33,2655.75
361,1678.8,2648.32
362,1679.28,2640.78
363,1679.76,2633.24
364,1681.28,2622.6
365,1682.8,2611.84
366,1684.23,2601.2
367,1685.76,2590.56
368,1687.28,2579.8
369,1688.81,2569.16
370,1690.33,2558.51
371,1691.76,2547.87
372,1693.29,2537.11
373,1694.81,2526.47
374,1698.43,2517.82
375,1701.96,2509.06
376,1705.58,2500.42
377,1709.1,2491.66
378,1712.72,2483.01
379,1716.34,2474.25
380,1719.87,2465.6
381,1723.49,2456.84
382,1727.01,2448.19
383,1730.63,2439.44
384,1734.25,2430.79
385,1737.78,2422.03
386,1741.4,2413.38
387,1744.93,2404.62
388,1748.55,2395.97
389,1764.17,2375.57
390,1779.8,2355.06
391,1795.52,2334.66
392,1811.14,2314.15
393,1826.77,2293.75
394,1834.58,2285.21
395,1842.3,2276.67
396,1850.02,2268.25
397,1857.83,2259.71
398,1865.64,2251.17
399,1873.36,2242.63
400,1881.08,2234.1
401,1888.89,2225.67
402,1896.7,2217.13
403,1904.42,2208.6
404,1911.57,2200.72
405,1918.81,2192.74
406,1926.05,2184.87
407,1933.2,2177.0
408,1940.44,2169.13
409,1947.58,2161.14
410,1954.82,2153.27
411,1961.97,2145.4
412,1969.12,2137.42
413,1976.36,2129.54
414,1983.5,2121.67
415,1990.74,2113.8
416,1997.89,2105.82
417,2005.13,2097.95
418,2019.14,2074.55
419,2033.05,2051.27
420,2047.05,2027.87
421,2061.06,2004.48
422,2074.97,1981.2
423,2088.98,1957.8
424,2092.31,1942.39
425,2095.65,1926.87
426,2098.88,1911.46
427,2102.22,1896.04
428,2105.55,1880.63
429,2108.89,1865.11
430,2112.22,1849.7
431,2115.46,1834.29
432,2118.8,1818.77
433,2122.13,1803.35
434,2120.89,1789.38
435,2119.75,1775.3
436,2118.51,1761.33
437,2117.27,1747.36
438,2116.03,1733.28
439,2114.89,1719.31
440,2113.65,1705.23
441,2112.41,1691.26
442,2111.18,1677.29
443,2110.03,1663.21
444,2108.79,1649.24
445,2105.17,1633.16
446,2101.46,1617.09
447,2097.84,1601.12
448,2094.12,1585.05
449,2090.5,1568.97
450,2086.78,1552.89
451,2083.16,1536.93
452,2079.45,1520.85
453,2075.83,1504.77
454,2072.49,1490.47
455,2069.25,1476.06
456,2066.01,1461.75
457,2062.68,1447.34
458,2059.34,1433.04
459,2056.1,1418.74
460,2052.77,1404.32
461,2049.53,1390.02
462,2046.2,1375.61
463,2042.96,1361.3
464,2040.19,1349.11
465,2037.43,1337.02
466,2034.57,1324.83
467,2031.81,1312.74
468,2029.05,1300.54
469,2026.28,1288.35
470,2023.52,1276.26
471,2020.66,1264.07
472,2017.9,1251.98
473,2015.14,1239.79
474,2013.32,1228.14
475,2011.51,1216.5
476,2009.7,1204.86
477,2007.89,1193.22
478,2006.08,1181.58
479,2004.27,1169.94
480,2002.46,1158.29
481,2000.65,1146.65
482,1998.84,1135.01
483,1997.03,1123.37
484,1999.89,1112.61
485,2002.75,1101.86
486,2005.7,1090.99
487,2008.56,1080.24
488,2011.42,1069.48
489,2014.28,1058.73
490,2017.23,1047.86
491,2020.09,1037.11
492,2022.95,1026.35
493,2025.81,1015.6
494,2028.66,1004.85
495,2031.62,993.98
496,2034.48,983.22
497,2037.33,972.47
498,2040.19,961.72
499,2043.15,950.85
500,2046.01,940.1
501,2048.86,929.34
502,2051.72,918.59
503,2054.68,907.72
504,2057.53,896.97
505,2060.39,886.21
506,2063.25,881.11
507,2066.11,876.12
508,2068.97,871.02
509,2071.83,865.92
510,2074.68,860.82
511,2077.54,855.83
512,2080.31,850.73
513,2083.16,845.63
514,2086.02,840.64
515,2088.88,835.54
516,2091.74,830.44
517,2094.6,825.34
518,2097.46,820.35
519,2100.31,815.25
520,2103.17,810.15
521,2106.03,805.05
522,2108.89,800.06
523,2111.75,794.96
524,2114.51,789.86
525,2117.37,784.87
526,2120.23,779.77
527,2123.09,774.67
528,2125.94,769.57
529,2128.8,764.58
530,2131.66,759.48
531,2194.54,642.84
532,2210.17,606.59
533,2225.7,570.22
534,2227.8,564.01
535,2229.8,557.91
536,2231.89,551.71
537,2233.89,545.61
538,2235.99,539.4
539,2237.99,533.3
540,2240.09,527.09
541,2242.09,520.99
542,2244.18,514.78
543,2246.18,508.69
544,2248.28,502.48
545,2249.42,499.04
546,2250.57,495.6
547,2251.62,492.17
548,2252.76,488.73
549,2253.9,485.18
550,2255.05,481.74
551,2256.09,478.31
552,2257.24,474.87
553,2258.38,471.43
554,2259.9,466.67
555,2261.43,461.79
556,2262.95,457.02
557,2264.48,452.25
558,2266.1,447.37
559,2267.62,442.61
560,2269.15,437.84
561,2270.67,432.96
562,2272.2,428.19
563,2273.72,423.43
564,2275.24,418.55
565,2276.77,413.78
566,2278.29,408.9
567,2279.82,404.13
568,2281.44,399.37
569,2282.96,394.49
570,2284.49,389.72
571,2286.01,384.95
572,2287.54,380.07
573,2289.06,375.31
574,2290.58,370.32
575,2292.11,365.44
576,2293.73,360.56
577,2295.25,355.57
578,2296.78,350.58
579,2298.3,345.7
580,2299.83,340.71
581,2301.45,335.84
582,2302.97,330.85
583,2304.5,325.97
584,2305.45,323.08
585,2306.31,320.2
586,2307.26,317.32
587,2308.12,314.44
588,2308.97,311.55
589,2309.93,308.67
590,2310.88,305.79
591,2311.74,302.91
592,2312.69,300.02
593,2313.55,297.14
594,2314.88,293.26
595,2316.12,289.38
596,2317.45,285.39
597,2318.69,281.51
598,2320.03,277.63
599,2321.26,273.75
600,2322.6,269.87
601,2323.84,265.87
602,2325.17,261.99
603,2326.41,258.11
604,2328.79,250.91
605,2331.08,243.7
606,2333.46,236.49
607,2335.75,229.29
608,2338.03,221.97
609,2340.41,214.76
610,2342.8,207.55
611,2345.08,200.35
612,2347.47,193.14
613,2349.75,185.93
614,2351.66,179.95
615,2353.47,173.96
616,2355.37,167.97
617,2357.18,162.1
618,2359.09,156.11
619,2360.9,150.12
620,2362.81,144.14
621,2364.62,138.15
622,2366.52,132.16
623,2368.33,126.17
624,2370.24,120.3
625,2372.14,114.31
626,2373.95,108.32
627,2375.86,102.34
628,2377.67,96.35
629,2379.57,90.36
630,2381.38,84.49
631,2383.29,78.5
632,2385.1,72.51
633,2387.01,66.52
634,2389.1,59.98
635,2391.1,53.44
636,2393.2,46.79
637,2395.3,40.25
638,2397.3,33.71
639,2399.39,27.16
640,2401.49,20.62
641,2403.58,13.97
642,2405.59,7.43
643,2407.68,0.89
