0,2295.73,1152.64
1,2293.63,1163.62
2,2291.63,1174.48
3,2290.3,1184.79
4,2288.96,1195.1
5,2287.63,1205.41
6,2286.3,1215.84
7,2284.96,1226.15
8,2283.63,1236.46
9,2282.3,1246.77
10,2280.96,1257.08
11,2280.96,1257.3
12,2281.06,1257.64
13,2281.06,1257.86
14,2281.15,1258.19
15,2281.15,1258.41
16,2281.15,1258.74
17,2281.25,1258.97
18,2281.25,1259.3
19,2281.34,1259.52
20,2281.34,1259.85
21,2281.34,1260.08
22,2281.44,1260.3
23,2281.44,1260.63
24,2281.53,1260.85
25,2281.53,1261.18
26,2281.53,1261.41
27,2281.63,1261.74
28,2281.63,1261.96
29,2281.72,1262.29
30,2281.72,1262.51
31,2281.72,1262.51
32,2281.72,1262.51
33,2281.72,1262.51
34,2281.72,1262.51
35,2281.72,1262.51
36,2281.72,1262.51
37,2281.72,1262.51
38,2281.72,1262.51
39,2281.72,1262.51
40,2281.72,1262.51
41,2281.72,1262.51
42,2281.72,1262.51
43,2281.72,1262.51
44,2281.72,1262.51
45,2281.72,1262.51
46,2281.72,1262.51
47,2281.72,1262.51
48,2281.72,1262.51
49,2281.72,1262.51
50,2281.72,1262.51
51,2281.72,1262.51
52,2281.72,1262.51
53,2281.72,1262.51
54,2281.72,1262.51
55,2281.72,1262.51
56,2281.72,1262.51
57,2281.72,1262.51
58,2281.72,1262.51
59,2281.72,1262.51
60,2281.72,1262.51
61,2281.06,1263.73
62,2280.48,1265.06
63,2279.82,1266.4
64,2279.25,1267.61
65,2278.58,1268.83
66,2277.91,1270.16
67,2277.34,1271.38
68,2276.67,1272.72
69,2276.1,1274.05
70,2275.44,1275.27
71,2272.96,1275.15
72,2270.48,1275.04
73,2268.0,1274.93
74,2265.53,1274.82
75,2263.05,1274.71
76,2260.57,1274.6
77,2258.09,1274.49
78,2255.62,1274.38
79,2253.24,1274.16
80,2250.76,1274.05
81,2248.28,1273.93
82,2245.8,1273.82
83,2243.33,1273.71
84,2240.85,1273.6
85,2238.37,1273.49
86,2235.89,1273.38
87,2233.42,1273.27
88,2230.94,1273.16
89,2227.03,1272.27
90,2223.13,1271.5
91,2219.22,1270.61
92,2215.22,1269.83
93,2211.31,1268.95
94,2207.41,1268.17
95,2203.5,1267.28
96,2203.5,1267.28
97,2203.5,1267.28
98,2203.5,1267.28
99,2203.5,1267.28
100,2203.5,1267.28
101,2203.5,1267.28
102,2203.5,1267.28
103,2203.5,1267.28
104,2203.5,1267.28
105,2203.5,1267.28
106,2203.5,1267.28
107,2203.5,1267.28
108,2203.5,1267.28
109,2203.5,1267.28
110,2203.5,1267.28
111,2203.5,1267.28
112,2203.5,1267.28
113,2203.5,1267.28
114,2203.5,1267.28
115,2203.5,1267.28
116,2203.5,1267.28
117,2203.5,1267.28
118,2203.5,1267.28
119,2203.5,1267.28
120,2203.5,1267.28
121,2203.5,1267.28
122,2203.5,1267.28
123,2203.5,1267.28
124,2203.5,1267.28
125,2203.5,1267.28
126,2203.5,1267.28
127,2203.5,1267.28
128,2203.5,1267.28
129,2203.5,1267.28
130,2203.5,1267.28
131,2203.5,1267.28
132,2203.5,1267.28
133,2203.5,1267.28
134,2203.5,1267.28
135,2203.5,1267.28
136,2203.5,1267.28
137,2203.5,1267.28
138,2203.5,1267.28
139,2203.5,1267.28
140,2203.5,1267.28
141,2203.5,1267.28
142,2203.5,1267.28
143,2203.5,1267.28
144,2203.5,1267.28
145,2203.5,1267.28
146,2203.5,1267.28
147,2203.5,1267.28
148,2203.5,1267.28
149,2203.5,1267.28
150,2203.5,1267.28
151,2203.5,1267.28
152,2203.5,1267.28
153,2203.5,1267.28
154,2203.5,1267.28
155,2203.5,1267.28
156,2200.64,1266.73
157,2197.78,1266.17
158,2194.83,1265.51
159,2191.97,1264.95
160,2189.11,1264.4
161,2186.25,1263.85
162,2183.4,1263.29
163,2180.44,1262.63
164,2177.58,1262.07
165,2174.73,1261.52
166,2166.34,1262.07
167,2157.96,1262.63
168,2149.48,1263.18
169,2141.09,1263.73
170,2132.71,1264.18
171,2124.32,1264.73
172,2115.94,1265.29
173,2107.46,1265.84
174,2099.08,1266.4
175,2090.69,1266.95
176,2082.5,1268.28
177,2074.21,1269.61
178,2066.01,1270.94
179,2057.82,1272.27
180,2049.53,1273.71
181,2041.34,1275.04
182,2033.14,1276.37
183,2024.95,1277.7
184,2016.66,1279.03
185,2008.47,1280.37
186,1999.51,1279.15
187,1990.55,1277.93
188,1981.6,1276.82
189,1972.55,1275.6
190,1963.59,1274.38
191,1954.63,1273.16
192,1945.68,1271.94
193,1936.72,1270.83
194,1927.76,1269.61
195,1918.71,1268.39
196,1909.76,1267.17
197,1900.8,1265.95
198,1891.84,1264.84
199,1882.89,1263.62
200,1873.93,1262.4
201,1864.98,1261.18
202,1855.93,1259.96
203,1846.97,1258.86
204,1838.01,1257.64
205,1829.06,1256.42
206,1818.58,1254.64
207,1808.1,1252.87
208,1797.52,1251.09
209,1787.04,1249.32
210,1776.56,1247.55
211,1766.08,1245.77
212,1755.6,1244.0
213,1745.02,1242.22
214,1734.54,1240.45
215,1724.06,1238.68
216,1715.39,1236.79
217,1706.81,1234.91
218,1698.14,1232.91
219,1689.57,1231.03
220,1680.99,1229.14
221,1672.32,1227.26
222,1663.75,1225.37
223,1655.08,1223.38
224,1646.5,1221.49
225,1637.83,1219.61
226,1629.83,1218.28
227,1621.83,1216.83
228,1613.82,1215.5
229,1605.82,1214.17
230,1597.82,1212.73
231,1589.81,1211.4
232,1581.81,1210.07
233,1573.81,1208.74
234,1565.8,1207.3
235,1557.8,1205.97
236,1553.8,1205.08
237,1549.8,1204.08
238,1545.7,1203.2
239,1541.7,1202.2
240,1537.7,1201.31
241,1533.69,1200.31
242,1529.69,1199.43
243,1525.6,1198.43
244,1521.59,1197.54
245,1517.59,1196.55
246,1517.5,1196.55
247,1517.5,1196.55
248,1517.4,1196.55
249,1517.4,1196.55
250,1517.31,1196.43
251,1517.31,1196.43
252,1517.21,1196.43
253,1517.21,1196.43
254,1517.12,1196.43
255,1517.02,1196.43
256,1517.02,1196.43
257,1516.93,1196.43
258,1516.93,1196.43
259,1516.83,1196.43
260,1516.83,1196.43
261,1516.73,1196.32
262,1516.73,1196.32
263,1516.64,1196.32
264,1516.64,1196.32
265,1516.54,1196.32
266,1516.54,1196.32
267,1516.54,1196.32
268,1516.54,1196.32
269,1516.54,1196.32
270,1516.54,1196.32
271,1516.54,1196.32
272,1516.54,1196.32
273,1516.54,1196.32
274,1516.54,1196.32
275,1516.54,1196.32
276,1516.54,1196.32
277,1516.54,1196.32
278,1516.54,1196.32
279,1516.54,1196.32
280,1516.54,1196.32
281,1516.54,1196.32
282,1516.54,1196.32
283,1516.54,1196.32
284,1516.54,1196.32
285,1516.54,1196.32
286,1516.54,1196.32
287,1516.54,1196.32
288,1516.54,1196.32
289,1516.54,1196.32
290,1516.54,1196.32
291,1516.54,1196.32
292,1516.54,1196.32
293,1516.54,1196.32
294,1516.54,1196.32
295,1516.54,1196.32
296,1516.54,1196.32
297,1516.54,1196.32
298,1516.54,1196.32
299,1516.54,1196.32
300,1516.54,1196.32
301,1516.54,1196.32
302,1516.54,1196.32
303,1516.54,1196.32
304,1516.54,1196.32
305,1516.54,1196.32
306,1513.3,1195.66
307,1510.16,1194.99
308,1506.92,1194.33
309,1503.78,1193.77
310,1500.54,1193.11
311,1497.39,1192.44
312,1494.15,1191.78
313,1491.01,1191.11
314,1487.77,1190.45
315,1484.63,1189.89
316,1481.48,1189.23
317,1478.24,1188.56
318,1475.1,1187.9
319,1471.86,1187.23
320,1468.62,1186.57
321,1465.47,1185.9
322,1462.24,1185.35
323,1459.09,1184.68
324,1455.85,1184.02
325,1452.71,1183.35
326,1446.8,1181.58
327,1440.89,1179.8
328,1434.99,1178.14
329,1429.08,1176.37
330,1423.17,1174.59
331,1417.36,1172.82
332,1411.45,1171.04
333,1405.54,1169.38
334,1399.64,1167.61
335,1393.73,1165.83
336,1388.59,1164.5
337,1383.44,1163.28
338,1378.3,1161.95
339,1373.15,1160.62
340,1368.01,1159.29
341,1362.86,1158.07
342,1357.72,1156.74
343,1352.57,1155.41
344,1347.43,1154.19
345,1342.28,1152.86
346,1335.61,1150.53
347,1329.04,1148.2
348,1322.37,1145.88
349,1315.79,1143.55
350,1309.12,1141.22
351,1302.45,1138.78
352,1295.88,1136.45
353,1289.21,1134.12
354,1282.64,1131.8
355,1275.97,1129.47
356,1270.73,1127.58
357,1265.49,1125.81
358,1260.15,1123.92
359,1254.91,1122.15
360,1249.67,1120.26
361,1244.43,1118.49
362,1239.09,1116.61
363,1233.85,1114.83
364,1228.61,1112.95
365,1225.37,1116.61
366,1222.13,1120.38
367,1220.13,1128.47
368,1218.13,1136.45
369,1216.04,1144.55
370,1214.04,1152.53
371,1212.03,1160.62
372,1210.03,1168.6
373,1208.03,1176.7
374,1205.94,1184.68
375,1203.94,1192.66
376,1201.94,1200.76
377,1199.93,1208.74
378,1197.93,1216.83
379,1195.84,1224.82
380,1193.84,1232.91
381,1191.84,1240.89
382,1189.83,1248.99
383,1187.83,1256.97
384,1185.74,1265.06
385,1183.74,1273.05
386,1181.74,1281.14
387,1180.88,1283.8
388,1180.02,1286.46
389,1179.16,1289.01
390,1178.31,1291.67
391,1177.45,1294.34
392,1176.5,1297.0
393,1175.64,1299.66
394,1174.78,1302.21
395,1173.92,1304.87
396,1173.07,1307.53
397,1171.06,1313.96
398,1169.16,1320.5
399,1167.16,1326.93
400,1165.16,1333.47
401,1163.25,1339.9
402,1161.25,1346.33
403,1159.25,1352.88
404,1157.25,1359.31
405,1155.34,1365.85
406,1153.34,1372.28
407,1152.39,1376.05
408,1151.44,1379.71
409,1150.39,1383.48
410,1149.44,1387.14
411,1148.48,1390.91
412,1147.53,1394.68
413,1146.58,1398.33
414,1145.53,1402.1
415,1144.58,1405.76
416,1143.62,1409.53
417,1142.58,1413.75
418,1141.53,1418.07
419,1140.58,1422.28
420,1139.53,1426.61
421,1138.48,1430.82
422,1137.43,1435.03
423,1136.38,1439.36
424,1135.43,1443.57
425,1134.38,1447.89
426,1133.33,1452.11
427,1132.38,1454.88
428,1131.33,1457.65
429,1130.38,1460.42
430,1129.43,1463.2
431,1128.48,1465.97
432,1127.52,1468.74
433,1126.47,1471.51
434,1125.52,1474.28
435,1124.57,1477.05
436,1123.62,1479.83
437,1122.57,1482.6
438,1121.62,1485.37
439,1120.66,1488.14
440,1119.61,1490.91
441,1118.66,1493.69
442,1117.71,1496.46
443,1116.76,1499.23
444,1115.71,1502.0
445,1114.76,1504.77
446,1113.8,1507.54
447,1111.52,1515.53
448,1109.23,1523.51
449,1106.94,1531.49
450,1104.66,1539.48
451,1102.37,1547.46
452,1100.08,1555.44
453,1097.8,1563.42
454,1095.51,1571.41
455,1093.22,1579.39
456,1090.94,1587.37
457,1089.22,1593.47
458,1087.51,1599.57
459,1085.7,1605.56
460,1083.98,1611.65
461,1082.27,1617.75
462,1080.55,1623.85
463,1078.84,1629.95
464,1077.03,1635.94
465,1075.31,1642.03
466,1073.6,1648.13
467,1072.45,1652.79
468,1071.21,1657.33
469,1070.07,1661.99
470,1068.93,1666.65
471,1067.78,1671.19
472,1066.54,1675.85
473,1065.4,1680.51
474,1064.26,1685.16
475,1063.02,1689.71
476,1061.88,1694.37
477,1062.83,1698.03
478,1064.83,1701.24
479,1066.83,1704.46
480,1069.4,1703.9
481,1072.07,1703.35
482,1074.64,1702.79
483,1077.22,1702.24
484,1079.88,1701.57
485,1082.46,1701.02
486,1085.03,1700.46
487,1087.7,1699.91
488,1090.27,1699.36
489,1092.65,1695.36
490,1095.03,1691.37
491,1097.41,1687.38
492,1099.8,1683.39
493,1102.18,1679.4
494,1104.56,1675.41
495,1106.94,1671.42
496,1109.23,1667.31
497,1111.61,1663.32
498,1113.99,1659.33
499,1116.38,1655.34
500,1118.76,1651.35
501,1121.14,1647.36
502,1123.52,1643.36
503,1125.9,1639.37
504,1128.29,1635.38
505,1130.48,1635.94
506,1132.76,1636.49
507,1134.95,1636.93
508,1137.15,1637.49
509,1139.34,1638.04
510,1141.62,1638.6
511,1143.82,1639.15
512,1146.01,1639.59
513,1148.29,1640.15
514,1150.48,1640.7
515,1150.48,1640.7
516,1150.48,1640.7
517,1150.48,1640.7
518,1150.48,1640.7
519,1150.48,1640.7
520,1150.48,1640.7
521,1150.48,1640.7
522,1150.48,1640.7
523,1150.48,1640.7
524,1150.48,1640.7
525,1150.48,1640.7
526,1150.48,1640.7
527,1150.48,1640.7
528,1150.48,1640.7
529,1150.48,1640.7
530,1150.48,1640.7
531,1150.48,1640.7
532,1150.48,1640.7
533,1150.48,1640.7
534,1150.48,1640.7
535,1150.48,1640.7
536,1150.58,1640.7
537,1150.77,1640.7
538,1150.87,1640.7
539,1150.96,1640.7
540,1151.15,1640.7
541,1151.25,1640.7
542,1151.34,1640.7
543,1151.44,1640.7
544,1151.63,1640.7
545,1151.72,1640.7
546,1154.2,1641.48
547,1156.68,1642.26
548,1159.16,1643.14
549,1161.54,1643.92
550,1164.01,1644.7
551,1166.49,1645.47
552,1168.97,1646.36
553,1171.45,1647.13
554,1173.92,1647.91
555,1176.31,1648.69
556,1178.78,1649.57
557,1181.26,1650.35
558,1183.74,1651.13
559,1186.21,1651.9
560,1188.69,1652.79
561,1191.17,1653.56
562,1193.55,1654.34
563,1196.03,1655.12
564,1198.51,1656.0
565,1200.98,1656.78
566,1201.36,1660.22
567,1201.65,1663.77
568,1202.03,1667.31
569,1202.41,1670.75
570,1202.7,1674.19
571,1203.08,1677.74
572,1201.74,1680.62
573,1200.32,1683.39
574,1198.98,1686.16
575,1197.55,1689.04
576,1196.22,1691.93
577,1194.88,1694.7
578,1193.46,1697.58
579,1192.12,1700.35
580,1190.69,1703.24
581,1189.36,1706.01
582,1188.88,1706.56
583,1188.5,1707.23
584,1188.02,1707.78
585,1187.64,1708.34
586,1187.17,1709.0
587,1186.69,1709.56
588,1186.31,1710.11
589,1185.83,1710.66
590,1185.45,1711.33
591,1184.98,1711.88
592,1183.17,1713.33
593,1181.36,1714.77
594,1179.54,1716.32
595,1177.73,1717.76
596,1175.92,1719.2
597,1174.11,1720.64
598,1172.3,1722.08
599,1170.49,1723.64
600,1168.68,1725.08
601,1166.87,1726.52
602,1166.3,1728.96
603,1165.63,1731.29
604,1165.06,1733.73
605,1164.4,1736.05
606,1163.82,1738.49
607,1162.87,1742.26
608,1161.92,1746.03
609,1160.97,1749.8
610,1159.92,1753.57
611,1158.96,1757.34
612,1158.01,1761.11
613,1157.06,1764.88
614,1156.11,1768.65
615,1155.15,1772.42
616,1154.2,1776.19
617,1153.15,1779.96
618,1152.2,1783.73
619,1151.25,1787.5
620,1150.29,1791.27
621,1149.34,1795.04
622,1148.39,1798.81
623,1147.34,1802.58
624,1146.39,1806.35
625,1145.44,1810.12
626,1144.48,1813.89
627,1140.19,1814.33
628,1135.91,1814.66
629,1131.52,1813.67
630,1127.14,1812.67
631,1122.76,1811.67
632,1118.38,1810.67
633,1113.99,1809.67
634,1109.71,1808.68
635,1105.32,1807.68
636,1100.94,1806.68
637,1096.56,1805.68
638,1092.17,1804.69
639,1087.79,1803.69
640,1083.79,1802.91
641,1079.79,1802.02
642,1075.69,1801.25
643,1071.69,1800.47
644,1067.69,1799.59
645,1063.69,1798.81
646,1059.59,1798.03
647,1055.59,1797.15
648,1051.59,1796.37
649,1050.63,1796.26
650,1049.78,1796.15
651,1048.82,1795.93
652,1047.87,1795.82
653,1046.92,1795.7
654,1046.06,1795.59
655,1045.11,1795.48
656,1044.15,1795.26
657,1043.3,1795.15
658,1042.34,1795.04
659,1040.72,1793.6
660,1039.2,1792.16
661,1037.58,1790.6
662,1036.06,1789.16
663,1034.53,1787.72
664,1032.91,1786.28
665,1031.39,1784.84
666,1029.77,1783.29
667,1028.24,1781.85
668,1026.62,1780.4
669,1027.67,1777.19
670,1028.72,1773.86
671,1029.77,1770.65
672,1030.82,1767.43
673,1031.86,1764.22
674,1032.82,1760.89
675,1033.86,1757.67
676,1034.91,1754.46
677,1035.96,1751.13
678,1037.01,1747.92
679,1038.06,1744.7
680,1039.1,1741.38
681,1040.15,1738.16
682,1041.2,1734.95
683,1042.25,1731.62
684,1043.2,1728.4
685,1044.25,1725.19
686,1045.3,1721.97
687,1046.35,1718.65
688,1047.39,1715.43
689,1048.44,1712.22
690,1049.39,1709.0
691,1050.44,1705.79
692,1051.49,1702.57
693,1052.54,1699.36
694,1053.49,1696.14
695,1054.54,1692.92
696,1055.59,1689.71
697,1056.54,1686.49
698,1057.59,1683.28
699,1059.02,1677.74
700,1060.35,1672.08
701,1061.78,1666.54
702,1063.21,1660.88
703,1064.64,1655.34
704,1065.97,1649.8
705,1067.4,1644.14
706,1068.83,1638.6
707,1070.17,1632.94
708,1071.59,1627.4
709,1071.88,1626.4
710,1072.17,1625.4
711,1072.45,1624.41
712,1072.74,1623.41
713,1073.12,1622.41
714,1073.4,1621.3
715,1073.69,1620.3
716,1073.98,1619.31
717,1074.26,1618.31
718,1074.55,1617.31
719,1075.6,1615.09
720,1076.74,1612.87
721,1077.79,1610.66
722,1078.93,1608.44
723,1079.98,1606.22
724,1081.03,1604.12
725,1082.17,1601.9
726,1083.22,1599.68
727,1084.36,1597.46
728,1085.41,1595.25
729,1086.55,1593.03
730,1087.79,1590.81
731,1088.55,1588.81
732,1089.98,1585.38
733,1091.32,1581.83
734,1092.75,1578.39
735,1094.18,1574.84
736,1095.51,1571.41
737,1096.94,1567.86
738,1098.37,1564.31
739,1099.7,1560.87
740,1101.13,1557.33
741,1102.46,1553.89
742,1103.89,1550.45
743,1105.32,1546.9
744,1106.66,1543.47
745,1108.09,1539.92
746,1109.52,1536.37
747,1110.85,1532.93
748,1112.28,1529.39
749,1113.71,1525.95
750,1115.04,1522.4
751,1116.47,1518.96
752,1122.28,1518.52
753,1128.09,1518.08
754,1135.62,1521.4
755,1143.15,1524.62
756,1150.58,1527.95
757,1158.11,1531.16
758,1165.63,1534.49
759,1173.16,1537.81
760,1180.69,1541.03
761,1188.12,1544.35
762,1195.65,1547.57
763,1203.17,1550.9
764,1206.03,1552.34
765,1208.8,1553.89
766,1211.65,1555.33
767,1214.51,1556.88
768,1217.27,1558.32
769,1220.13,1559.77
770,1222.99,1561.32
771,1225.85,1562.76
772,1228.61,1564.31
773,1231.47,1565.75
774,1231.47,1565.75
775,1231.47,1565.75
776,1231.47,1565.75
777,1231.47,1565.75
778,1231.47,1565.75
779,1231.47,1565.75
780,1231.47,1565.75
781,1231.47,1565.75
782,1231.47,1565.75
783,1231.47,1565.75
784,1231.47,1565.75
785,1231.47,1565.75
786,1231.47,1565.75
787,1231.47,1565.75
788,1231.47,1565.75
789,1231.47,1565.75
790,1231.47,1565.75
791,1231.47,1565.75
792,1231.47,1565.75
793,1231.47,1565.75
794,1231.95,1565.97
795,1232.42,1566.2
796,1232.9,1566.42
797,1233.47,1566.64
798,1233.95,1566.86
799,1234.43,1567.08
800,1234.9,1567.31
801,1235.38,1567.53
802,1235.85,1567.75
803,1236.43,1568.08
804,1236.9,1568.3
805,1237.38,1568.53
806,1237.86,1568.75
807,1238.33,1568.97
808,1238.81,1569.19
809,1239.28,1569.41
810,1239.86,1569.63
811,1240.33,1569.86
812,1240.81,1570.08
813,1241.29,1570.3
814,1241.29,1570.3
815,1241.29,1570.3
816,1241.29,1570.3
817,1241.29,1570.3
818,1241.29,1570.3
819,1241.29,1570.3
820,1241.29,1570.3
821,1241.29,1570.3
822,1241.29,1570.3
823,1241.29,1570.3
824,1241.29,1570.3
825,1241.29,1570.3
826,1241.29,1570.3
827,1241.29,1570.3
828,1241.29,1570.3
829,1241.29,1570.3
830,1241.29,1570.3
831,1241.29,1570.3
832,1241.29,1570.3
833,1241.29,1570.3
834,1245.19,1572.18
835,1249.19,1574.18
836,1253.1,1576.18
837,1257.1,1578.06
838,1261.01,1579.95
839,1264.91,1581.94
840,1268.92,1583.94
841,1272.82,1585.82
842,1276.82,1587.71
843,1280.73,1589.7
844,1287.3,1593.14
845,1293.88,1596.47
846,1300.45,1599.9
847,1307.03,1603.23
848,1313.6,1606.67
849,1320.27,1609.99
850,1326.84,1613.32
851,1333.42,1616.75
852,1339.99,1620.08
853,1346.57,1623.52
854,1352.28,1626.29
855,1358.0,1629.17
856,1363.72,1631.94
857,1369.43,1634.72
858,1375.15,1637.6
859,1380.87,1640.37
860,1386.58,1643.14
861,1392.3,1646.03
862,1398.02,1648.8
863,1403.73,1651.68
864,1409.45,1654.45
865,1415.17,1657.22
866,1420.88,1660.11
867,1426.6,1662.88
868,1432.32,1665.65
869,1438.03,1668.53
870,1443.75,1671.3
871,1449.47,1674.08
872,1455.18,1676.96
873,1460.9,1679.73
874,1464.71,1681.39
875,1468.52,1682.95
876,1472.33,1684.61
877,1476.15,1686.27
878,1479.86,1687.94
879,1483.67,1689.49
880,1487.48,1691.15
881,1491.3,1692.81
882,1495.11,1694.37
883,1498.92,1696.03
884,1504.73,1698.69
885,1510.54,1701.35
886,1516.35,1704.01
887,1522.17,1706.67
888,1527.98,1709.33
889,1533.79,1712.0
890,1539.6,1714.66
891,1545.41,1717.32
892,1551.23,1719.98
893,1557.04,1722.64
894,1566.85,1726.96
895,1576.57,1731.29
896,1586.38,1735.61
897,1596.1,1739.94
898,1605.91,1744.26
899,1615.73,1748.58
900,1625.45,1752.91
901,1635.26,1757.23
902,1644.98,1761.56
903,1654.79,1765.88
904,1663.94,1770.43
905,1673.09,1775.08
906,1682.23,1779.63
907,1691.38,1784.17
908,1700.43,1788.83
909,1709.58,1793.38
910,1718.72,1798.03
911,1727.87,1802.58
912,1737.02,1807.12
913,1746.16,1811.78
914,1755.31,1816.33
915,1764.46,1820.87
916,1773.6,1825.53
917,1782.75,1830.08
918,1791.9,1834.73
919,1800.95,1839.28
920,1810.1,1843.82
921,1819.24,1848.48
922,1828.39,1853.03
923,1837.54,1857.57
924,1846.68,1862.23
925,1855.83,1866.77
926,1864.98,1871.32
927,1874.12,1875.98
928,1883.17,1880.52
929,1892.32,1885.18
930,1901.47,1889.73
931,1910.61,1894.27
932,1919.76,1898.93
933,1928.91,1903.47
934,1934.53,1906.36
935,1940.15,1909.24
936,1945.77,1912.12
937,1951.39,1914.89
938,1957.02,1917.78
939,1962.54,1920.66
940,1968.16,1923.54
941,1973.78,1926.42
942,1979.41,1929.31
943,1985.03,1932.08
944,1990.65,1934.96
945,1996.27,1937.84
