147,2408.16,9.09
148,2407.01,17.3
149,2405.97,25.5
150,2404.82,33.59
151,2403.68,41.8
152,2402.54,50.0
153,2401.49,58.21
154,2400.34,66.41
155,2399.2,74.51
156,2398.15,82.71
157,2397.01,90.92
158,2395.39,100.01
159,2393.77,109.21
160,2392.15,118.3
161,2390.53,127.39
162,2388.91,136.49
163,2387.29,145.69
164,2385.67,154.78
165,2384.05,163.87
166,2382.43,173.07
167,2380.81,182.16
168,2376.05,198.69
169,2371.29,215.21
170,2366.52,231.73
171,2361.76,248.25
172,2356.99,264.77
173,2352.13,281.17
174,2347.37,297.69
175,2342.61,314.22
176,2337.84,330.74
177,2333.08,347.26
178,2330.22,361.45
179,2327.46,375.64
180,2324.6,389.83
181,2321.74,404.02
182,2318.88,418.21
183,2316.12,432.41
184,2313.26,446.6
185,2310.4,460.79
186,2307.64,474.98
187,2304.78,489.17
188,2298.21,501.7
189,2291.54,514.34
190,2284.87,526.87
191,2278.29,539.4
192,2271.62,551.93
193,2265.05,564.57
194,2258.48,577.1
195,2251.81,589.62
196,2245.14,602.15
197,2238.56,614.79
198,2231.89,627.32
199,2225.32,639.85
200,2218.65,652.38
201,2212.08,664.91
202,2205.5,677.55
203,2198.83,690.08
204,2192.16,702.6
205,2185.59,715.13
206,2178.92,727.77
207,2172.34,740.3
208,2164.72,752.28
209,2157.0,764.36
210,2149.29,776.34
211,2141.66,788.31
212,2134.04,800.28
213,2126.32,812.37
214,2118.61,824.34
215,2110.98,836.32
216,2103.27,848.4
217,2095.65,860.38
218,2091.83,866.92
219,2088.02,873.57
220,2084.21,880.11
221,2080.4,886.65
222,2076.59,893.2
223,2072.78,899.85
224,2068.97,906.39
225,2065.16,912.93
226,2061.34,919.58
227,2057.53,926.12
228,2055.72,929.45
229,2054.01,932.78
230,2052.2,936.21
231,2050.39,939.54
232,2048.67,942.87
233,2046.86,946.19
234,2045.05,949.63
235,2043.34,952.96
236,2041.53,956.28
237,2038.86,963.27
238,2036.29,970.14
239,2033.62,977.13
240,2030.95,984.0
241,2028.28,990.99
242,2025.71,997.86
243,2023.04,1004.85
244,2020.38,1011.72
245,2017.8,1018.7
246,2015.14,1025.58
247,2015.42,1035.34
248,2015.71,1045.09
249,2016.09,1054.74
250,2016.37,1064.49
251,2016.66,1074.25
252,2016.95,1084.01
253,2017.23,1093.65
254,2017.61,1103.41
255,2017.9,1113.17
256,2018.18,1122.93
257,2018.47,1132.57
258,2018.76,1142.33
259,2019.04,1152.08
260,2019.42,1161.84
261,2019.71,1171.49
262,2019.99,1181.24
263,2020.28,1191.0
264,2020.57,1200.76
265,2020.95,1210.4
266,2021.23,1220.16
267,2021.52,1229.92
268,2024.0,1241.23
269,2026.47,1252.43
270,2028.86,1263.73
271,2031.33,1275.04
272,2033.81,1286.24
273,2036.29,1297.55
274,2038.67,1308.86
275,2041.15,1320.17
276,2043.62,1331.37
277,2046.1,1342.68
278,2048.48,1353.99
279,2050.96,1365.18
280,2053.44,1376.49
281,2058.01,1396.89
282,2062.68,1417.29
283,2067.25,1437.69
284,2071.83,1458.21
285,2076.49,1478.61
286,2081.07,1499.01
287,2082.59,1505.88
288,2084.12,1512.76
289,2085.55,1519.63
290,2087.07,1526.5
291,2088.59,1533.49
292,2090.12,1540.36
293,2091.55,1547.24
294,2093.07,1554.11
295,2094.6,1560.99
296,2096.12,1567.86
297,2097.55,1574.73
298,2099.08,1581.61
299,2100.6,1588.48
300,2102.03,1595.36
301,2103.55,1602.23
302,2105.08,1609.22
303,2106.6,1616.09
304,2108.03,1622.96
305,2109.56,1629.84
306,2111.08,1636.71
307,2129.18,1784.17
308,2125.56,1797.59
309,2121.94,1811.01
310,2118.32,1824.42
311,2114.7,1837.95
312,2111.08,1851.36
313,2107.46,1864.78
314,2103.84,1878.19
315,2100.22,1891.61
316,2096.6,1905.14
317,2092.88,1918.55
318,2089.26,1931.97
319,2085.64,1945.38
320,2082.02,1958.8
321,2078.4,1972.21
322,2074.78,1985.74
323,2071.16,1999.16
324,2067.54,2012.57
325,2063.92,2025.99
326,2055.82,2036.74
327,2047.62,2047.61
328,2039.53,2058.36
329,2031.33,2069.23
330,2023.23,2079.98
331,2015.14,2090.74
332,2006.94,2101.6
333,1998.84,2112.36
334,1990.65,2123.22
335,1982.55,2133.98
336,1979.22,2145.29
337,1975.79,2156.6
338,1972.45,2167.91
339,1969.12,2179.22
340,1965.78,2190.52
341,1962.35,2201.83
342,1959.02,2213.14
343,1955.68,2224.45
344,1952.35,2235.76
345,1948.92,2247.07
346,1945.58,2258.27
347,1942.25,2269.58
348,1938.91,2280.89
349,1935.48,2292.2
350,1932.15,2303.5
351,1928.81,2314.81
352,1925.48,2326.12
353,1922.05,2337.43
354,1918.71,2348.74
355,1915.38,2360.05
356,1912.04,2371.36
357,1908.61,2382.67
358,1905.28,2393.98
359,1901.94,2405.29
360,1898.61,2416.6
361,1895.18,2427.9
362,1891.84,2439.21
363,1888.51,2450.52
364,1885.18,2461.83
365,1881.75,2473.14
366,1878.41,2484.45
367,1875.08,2495.76
368,1871.74,2506.96
369,1868.31,2518.27
370,1864.98,2529.58
371,1861.64,2540.88
372,1858.31,2552.19
373,1854.88,2563.5
374,1851.54,2574.81
375,1848.21,2586.12
376,1844.87,2597.43
377,1841.44,2608.74
378,1838.11,2620.05
379,1834.77,2631.36
380,1831.44,2642.67
381,1828.01,2653.98
382,1824.67,2665.28
383,1821.34,2676.59
384,1818.0,2687.9
385,1814.57,2699.21
386,1811.24,2710.52
387,1807.9,2721.83
388,1804.57,2733.14
389,1801.14,2744.45
390,1797.81,2755.65
391,1794.47,2766.95
392,1791.04,2778.26
393,1787.71,2789.57
394,1784.37,2800.88
395,1781.04,2812.19
396,1777.61,2823.5
397,1774.27,2834.81
398,1770.94,2846.12
399,1767.6,2857.43
400,1764.17,2868.74
401,1760.84,2880.05
402,1757.5,2891.35
403,1754.17,2902.66
404,1750.74,2913.97
405,1747.4,2925.28
406,1744.07,2936.59
407,1740.73,2947.9
408,1737.3,2959.21
409,1733.97,2970.52
410,1730.63,2981.83
411,1727.3,2993.14
412,1723.87,3004.33
413,1720.53,3015.64
414,1717.2,3026.95
415,1713.87,3038.26
416,1710.44,3049.57
417,1707.1,3060.88
418,1703.77,3072.19
419,1700.43,3083.5
420,1697.0,3094.81
421,1693.67,3106.12
422,1690.33,3117.43
423,1687.0,3128.73
424,1683.57,3140.04
425,1680.23,3151.35
426,1676.9,3162.66
427,1673.56,3173.97
428,1670.13,3185.28
429,1666.8,3196.59
430,1663.46,3207.9
431,1660.13,3219.21
432,1656.7,3230.52
433,1653.36,3241.83
434,1650.03,3253.02
435,1646.69,3264.33
436,1643.26,3275.64
437,1639.93,3286.95
438,1636.59,3298.26
439,1633.26,3309.57
440,1629.83,3320.88
441,1626.5,3332.19
442,1623.16,3343.5
443,1619.83,3354.81
444,1616.4,3366.11
445,1613.06,3377.42
446,1618.97,3381.41
447,1624.88,3385.3
448,1630.78,3389.29
449,1636.69,3393.17
450,1642.6,3397.16
451,1648.5,3401.04
452,1654.41,3405.03
453,1660.32,3408.91
454,1666.23,3412.9
455,1672.13,3416.78
456,1678.04,3420.78
457,1744.54,3447.05
458,1744.74,3447.27
459,1745.02,3447.38
460,1745.21,3447.61
461,1745.5,3447.83
462,1745.69,3448.05
463,1745.97,3448.16
464,1746.16,3448.38
465,1746.16,3448.38
466,1746.16,3448.38
467,1746.16,3448.38
468,1746.16,3448.38
469,1746.16,3448.38
470,1746.16,3448.38
471,1746.16,3448.38
472,1746.16,3448.38
473,1746.16,3448.38
474,1746.16,3448.38
475,1746.16,3448.38
476,1746.16,3448.38
477,1746.16,3448.38
478,1746.16,3448.38
479,1746.16,3448.38
480,1746.16,3448.38
481,1746.16,3448.38
482,1746.16,3448.38
483,1746.16,3448.38
484,1746.16,3448.38
485,1749.4,3449.82
486,1752.64,3451.38
487,1755.88,3452.82
488,1759.12,3454.26
489,1762.36,3455.7
490,1765.6,3457.25
491,1768.84,3458.69
492,1772.08,3460.14
493,1775.32,3461.69
494,1778.56,3463.13
495,1781.8,3464.57
496,1785.04,3466.12
497,1788.28,3467.56
498,1791.52,3469.0
499,1794.76,3470.56
500,1798.0,3472.0
501,1801.24,3473.44
502,1804.47,3474.88
503,1807.71,3476.43
504,1810.95,3477.87
505,1822.67,3483.09
506,1834.39,3488.3
507,1846.11,3493.62
508,1857.83,3498.83
509,1869.55,3504.04
510,1881.27,3509.25
511,1892.99,3514.46
512,1904.71,3519.78
513,1916.43,3525.0
514,1928.15,3530.21
515,1934.82,3534.53
516,1941.58,3538.86
517,1948.25,3543.18
518,1954.92,3547.5
519,1961.59,3551.83
520,1968.35,3556.15
521,1975.02,3560.48
522,1981.69,3564.8
523,1988.46,3569.12
524,1995.13,3573.45
525,2003.8,3577.88
526,2012.37,3582.21
527,2021.04,3586.64
528,2029.62,3591.08
529,2038.29,3595.51
530,2046.86,3599.84
531,2055.53,3604.27
532,2064.11,3608.71
533,2072.78,3613.03
534,2081.35,3617.46
535,2087.45,3620.46
536,2093.64,3623.34
537,2099.74,3626.33
538,2105.84,3629.33
539,2112.03,3632.21
540,2118.13,3635.2
541,2124.23,3638.2
542,2130.42,3641.08
543,2136.52,3644.07
544,2142.62,3647.07
545,2148.81,3649.95
546,2154.91,3652.94
547,2161.01,3655.94
548,2167.2,3658.82
549,2173.3,3661.81
550,2177.2,3664.03
551,2181.21,3666.14
552,2185.11,3668.36
553,2189.11,3670.57
554,2193.02,3672.68
555,2197.02,3674.9
556,2200.93,3677.11
557,2204.93,3679.33
558,2208.84,3681.44
559,2212.74,3683.66
560,2216.74,3685.87
561,2220.65,3687.98
562,2224.65,3690.2
563,2228.56,3692.41
564,2232.56,3694.52
565,2236.47,3696.74
566,2236.47,3696.74
567,2236.47,3696.74
568,2236.47,3696.74
569,2236.47,3696.74
570,2236.47,3696.74
571,2236.47,3696.74
572,2236.47,3696.74
573,2236.47,3696.74
574,2236.47,3696.74
575,2236.47,3696.74
576,2236.47,3696.74
577,2236.47,3696.74
578,2236.47,3696.74
579,2236.47,3696.74
580,2236.47,3696.74
581,2236.47,3696.74
582,2236.47,3696.74
583,2236.47,3696.74
584,2236.47,3696.74
585,2236.47,3696.74
586,2236.47,3696.74
587,2236.47,3696.74
588,2236.47,3696.74
589,2236.47,3696.74
590,2236.47,3696.74
591,2236.47,3696.74
592,2236.47,3696.74
593,2236.47,3696.74
594,2236.47,3696.74
595,2236.47,3696.74
596,2237.13,3697.07
597,2237.71,3697.51
598,2238.37,3697.85
599,2239.04,3698.18
600,2239.61,3698.62
601,2240.28,3698.96
602,2240.94,3699.29
603,2241.52,3699.73
604,2242.18,3700.06
605,2248.38,3700.84
606,2254.57,3701.73
607,2260.86,3702.5
608,2267.05,3703.39
609,2273.24,3704.28
610,2279.44,3705.05
611,2285.73,3705.83
612,2291.92,3706.72
613,2298.11,3707.49
614,2304.3,3708.38
615,2310.59,3709.27
616,2316.79,3710.04
617,2322.98,3710.93
618,2329.17,3711.71
619,2335.46,3712.48
620,2341.65,3713.37
621,2347.85,3714.26
622,2354.04,3715.03
623,2360.33,3715.92
624,2366.52,3716.7
625,2368.14,3711.6
626,2369.86,3706.5
627,2371.57,3701.4
628,2373.19,3696.3
629,2373.38,3695.3
630,2373.48,3694.19
631,2373.67,3693.19
632,2373.86,3692.08
633,2374.05,3691.08
634,2374.24,3690.09
635,2374.33,3688.98
636,2374.52,3687.98
637,2374.52,3687.98
638,2374.52,3687.98
639,2374.52,3687.98
640,2374.52,3687.98
641,2374.52,3687.98
642,2374.52,3687.98
643,2374.52,3687.98
644,2374.52,3687.98
645,2374.52,3687.98
646,2374.52,3687.98
647,2374.52,3687.98
648,2374.52,3687.98
649,2374.52,3687.98
650,2374.52,3687.98
651,2374.52,3687.98
652,2374.52,3687.98
653,2374.52,3687.98
654,2374.52,3687.98
655,2374.52,3687.98
656,2374.52,3687.98
657,2374.52,3687.98
658,2374.52,3687.98
659,2374.52,3687.98
660,2374.52,3687.98
661,2374.52,3687.98
662,2374.52,3687.98
663,2374.52,3687.98
664,2374.52,3687.98
665,2374.52,3687.98
666,2374.52,3687.98
667,2374.91,3686.87
668,2375.29,3685.76
669,2375.57,3684.76
670,2375.95,3683.66
671,2376.33,3682.55
672,2376.72,3681.44
673,2377.1,3680.44
674,2377.38,3679.33
675,2377.76,3678.22
676,2378.15,3677.11
677,2378.53,3676.12
678,2378.91,3675.01
679,2379.29,3673.9
680,2379.57,3672.79
681,2379.96,3671.79
682,2380.34,3670.68
683,2380.72,3669.57
684,2381.1,3668.47
685,2381.38,3667.47
686,2381.77,3666.36
687,2382.15,3665.25
688,2383.0,3663.26
689,2383.77,3661.26
690,2384.62,3659.15
691,2385.48,3657.16
692,2386.24,3655.16
693,2387.1,3653.17
694,2387.86,3651.17
695,2388.72,3649.17
696,2389.58,3647.07
697,2390.34,3645.07
698,2391.2,3643.08
699,2392.34,3643.41
700,2393.48,3643.85
701,2394.72,3644.18
702,2395.87,3644.63
703,2397.01,3644.96
704,2398.15,3645.4
705,2399.3,3645.74
706,2400.44,3646.07
707,2401.68,3646.51
708,2402.82,3646.85
709,2403.97,3647.29
710,2405.11,3647.62
711,2406.25,3648.07
712,2407.4,3648.4
713,2408.63,3648.84
714,2409.78,3649.17
715,2410.92,3649.51
716,2412.06,3649.95
717,2413.21,3650.28
718,2414.35,3650.73
719,2415.59,3651.06
720,2416.73,3651.5
721,2417.88,3651.84
722,2446.55,3656.38
723,2451.99,3660.15
724,2457.42,3663.92
725,2462.85,3667.69
726,2468.28,3671.46
727,2473.71,3675.23
728,2477.52,3676.78
729,2481.24,3678.44
730,2485.05,3680.11
731,2488.86,3681.66
732,2492.67,3683.32
733,2496.39,3684.88
734,2500.2,3686.43
735,2504.01,3688.09
736,2507.82,3689.75
737,2511.63,3691.31
738,2515.35,3692.86
739,2519.16,3694.52
740,2522.97,3696.18
741,2526.68,3697.74
742,2530.5,3699.29
743,2534.31,3700.95
744,2538.12,3702.5
745,2541.83,3704.17
746,2545.64,3705.83
747,2549.46,3707.38
748,2554.22,3709.16
749,2558.98,3710.93
750,2563.75,3712.7
751,2568.51,3714.48
752,2573.28,3716.25
753,2578.04,3718.03
754,2582.8,3719.8
755,2587.57,3721.57
756,2592.33,3723.35
757,2597.09,3725.12
758,2599.86,3725.57
759,2602.53,3726.01
760,2605.29,3726.45
761,2607.96,3726.79
762,2610.72,3727.23
763,2613.39,3727.67
764,2616.15,3728.12
765,2619.96,3725.79
766,2623.68,3723.46
767,2626.92,3716.92
768,2630.25,3710.38
769,2633.49,3703.83
770,2636.73,3697.29
771,2640.07,3690.64
772,2643.3,3684.1
773,2646.54,3677.56
774,2649.78,3671.02
775,2653.12,3664.47
776,2656.36,3657.93
777,2659.5,3652.17
778,2662.65,3646.29
779,2665.69,3640.53
780,2668.84,3634.65
781,2671.98,3628.88
782,2675.13,3623.12
783,2678.27,3617.24
784,2681.32,3611.48
785,2684.46,3605.6
786,2687.61,3599.84
787,2687.8,3599.39
788,2688.09,3599.06
789,2688.28,3598.62
790,2688.47,3598.28
791,2688.75,3597.84
792,2688.94,3597.51
793,2689.13,3597.06
794,2689.42,3596.73
795,2689.61,3596.29
796,2689.8,3595.95
797,2690.09,3595.51
798,2690.28,3595.07
799,2690.56,3594.74
800,2690.75,3594.29
801,2690.94,3593.96
802,2691.23,3593.52
803,2691.42,3593.18
804,2691.61,3592.74
805,2691.9,3592.41
806,2692.09,3591.96
807,2693.33,3589.19
808,2694.66,3586.53
809,2695.9,3583.76
810,2697.23,3581.1
811,2698.47,3578.33
812,2699.71,3575.67
813,2701.04,3572.89
814,2702.28,3570.23
815,2703.62,3567.46
816,2704.85,3564.8
817,2706.19,3562.03
818,2707.43,3559.37
819,2708.67,3556.59
820,2710.0,3553.93
821,2711.24,3551.16
822,2712.57,3548.5
823,2713.81,3545.73
824,2714.48,3546.17
825,2715.24,3546.73
826,2715.91,3547.17
827,2716.86,3545.95
828,2717.81,3544.73
829,2718.76,3543.4
830,2719.72,3542.18
831,2720.67,3540.96
832,2722.1,3539.19
833,2723.62,3537.41
834,2725.05,3535.53
835,2726.48,3533.75
836,2728.01,3531.98
837,2729.44,3530.21
838,2730.87,3528.43
839,2732.29,3526.55
840,2733.82,3524.77
841,2735.25,3523.0
842,2735.25,3523.0
843,2735.25,3523.0
844,2735.25,3523.0
845,2735.25,3523.0
846,2735.25,3523.0
847,2735.25,3523.0
848,2735.25,3523.0
849,2735.25,3523.0
850,2735.25,3523.0
851,2735.25,3523.0
852,2735.25,3523.0
853,2735.25,3523.0
854,2735.25,3523.0
855,2735.25,3523.0
856,2735.25,3523.0
857,2735.25,3523.0
858,2735.25,3523.0
859,2735.25,3523.0
860,2735.25,3523.0
861,2735.25,3523.0
862,2735.25,3523.0
863,2735.25,3523.0
864,2735.25,3523.0
865,2735.25,3523.0
866,2735.25,3523.0
867,2735.25,3523.0
868,2735.25,3523.0
869,2735.25,3523.0
870,2735.25,3523.0
871,2735.25,3523.0
872,2736.01,3521.89
873,2736.87,3520.89
874,2737.73,3519.78
875,2738.49,3518.68
876,2739.25,3517.68
877,2740.11,3516.57
878,2740.96,3515.46
879,2741.73,3514.35
880,2742.49,3513.35
881,2743.35,3512.25
882,2743.54,3511.47
883,2743.82,3510.8
884,2744.01,3510.03
885,2744.3,3509.36
886,2744.49,3508.59
887,2744.68,3507.92
888,2744.97,3507.26
889,2745.16,3506.48
890,2745.44,3505.81
891,2745.63,3505.04
892,2747.16,3503.82
893,2748.68,3502.71
894,2750.21,3501.49
895,2751.73,3500.38
896,2753.26,3499.16
897,2754.88,3497.94
898,2756.4,3496.83
899,2757.92,3495.61
900,2759.45,3494.51
901,2760.97,3493.29
902,2763.74,3491.07
903,2766.59,3488.85
904,2769.36,3486.52
905,2772.22,3484.31
906,2774.98,3482.09
907,2777.74,3479.87
908,2780.6,3477.65
909,2783.36,3475.32
910,2786.22,3473.11
911,2788.98,3470.89
912,2790.41,3469.67
913,2791.75,3468.34
914,2793.18,3467.12
915,2794.51,3465.79
916,2795.94,3464.57
917,2797.27,3463.35
918,2798.7,3462.02
919,2800.04,3460.8
920,2801.47,3459.47
921,2802.9,3458.25
922,2804.23,3457.03
923,2805.66,3455.7
924,2806.99,3454.48
925,2808.42,3453.15
926,2809.76,3451.93
927,2811.18,3450.71
928,2812.52,3449.38
929,2813.95,3448.16
930,2815.28,3446.83
931,2816.71,3445.61
932,2820.71,3442.4
933,2824.81,3439.29
934,2828.81,3436.08
935,2832.91,3432.86
936,2836.91,3429.64
937,2840.91,3426.54
938,2845.01,3423.33
939,2849.01,3420.11
940,2853.11,3417.01
941,2857.11,3413.79
942,2860.73,3411.13
943,2864.35,3408.36
944,2867.97,3405.59
945,2871.59,3402.92
