158,1600.48,13.3
159,1652.89,48.45
160,1667.94,59.43
161,1683.09,70.52
162,1698.14,81.49
163,1700.62,82.38
164,1703.19,83.27
165,1705.67,84.04
166,1708.15,84.93
167,1710.63,85.82
168,1713.2,86.7
169,1715.68,87.59
170,1718.15,88.48
171,1720.73,89.25
172,1723.2,90.14
173,1725.68,91.03
174,1728.25,91.91
175,1730.73,92.8
176,1733.21,93.69
177,1735.68,94.57
178,1738.26,95.35
179,1740.73,96.24
180,1743.21,97.13
181,1745.78,98.01
182,1748.26,98.9
183,1750.74,99.68
184,1753.31,100.56
185,1755.79,101.45
186,1758.26,102.34
187,1760.74,103.22
188,1763.31,104.11
189,1765.79,105.0
190,1768.27,105.77
191,1770.84,106.66
192,1773.32,107.55
193,1775.8,108.43
194,1778.27,109.32
195,1780.85,110.1
196,1783.32,110.98
197,1785.8,111.87
198,1788.37,112.76
199,1790.85,113.65
200,1793.33,114.53
201,1795.9,115.31
202,1798.38,116.2
203,1800.85,117.08
204,1803.33,117.97
205,1805.9,118.86
206,1808.38,119.74
207,1810.86,120.63
208,1813.43,121.41
209,1815.91,122.29
210,1818.39,123.18
211,1820.96,124.07
212,1823.44,124.95
213,1825.91,125.73
214,1828.39,126.62
215,1830.96,127.5
216,1833.44,128.39
217,1928.34,157.44
218,2023.23,186.6
219,2031.9,190.04
220,2040.67,193.58
221,2049.34,197.02
222,2058.01,200.46
223,2061.06,200.46
224,2064.01,200.46
225,2067.06,200.46
226,2070.02,200.46
227,2073.06,200.46
228,2076.02,200.46
229,2079.07,200.46
230,2082.12,200.46
231,2085.07,200.46
232,2088.12,200.46
233,2091.07,200.46
234,2094.12,200.46
235,2097.07,200.46
236,2100.12,200.46
237,2103.08,200.46
238,2106.13,200.46
239,2127.37,209.22
240,2148.52,218.09
241,2148.91,219.75
242,2149.38,221.41
243,2149.76,223.08
244,2155.96,223.08
245,2157.19,223.3
246,2158.34,223.41
247,2159.48,223.63
248,2160.72,223.85
249,2161.96,223.96
250,2163.1,224.19
251,2164.25,224.3
252,2165.48,224.52
253,2165.48,224.52
254,2165.48,224.52
255,2165.48,224.52
256,2165.48,224.52
257,2165.48,224.52
258,2165.48,224.52
259,2165.48,224.52
260,2165.48,224.52
261,2165.48,224.52
262,2165.48,224.52
263,2165.48,224.52
264,2165.48,224.52
265,2165.48,224.52
266,2165.48,224.52
267,2165.48,224.52
268,2165.48,224.52
269,2165.48,224.52
270,2165.48,224.52
271,2165.48,224.52
272,2165.48,224.52
273,2165.48,224.52
274,2165.48,224.52
275,2165.48,224.52
276,2165.48,224.52
277,2165.48,224.52
278,2165.48,224.52
279,2165.48,224.52
280,2165.48,224.52
281,2165.48,224.52
282,2165.48,224.52
283,2166.34,224.41
284,2167.29,224.3
285,2168.15,224.19
286,2169.1,224.08
287,2169.96,223.96
288,2170.82,223.85
289,2171.77,223.74
290,2172.63,223.63
291,2173.58,223.52
292,2174.44,223.41
293,2174.92,223.52
294,2175.49,223.63
295,2175.96,223.74
296,2176.44,223.85
297,2176.92,223.85
298,2177.49,223.96
299,2177.97,224.08
300,2178.44,224.19
301,2179.01,224.3
302,2179.49,224.41
303,2179.97,224.52
304,2180.54,224.63
305,2181.01,224.63
306,2181.49,224.74
307,2181.97,224.85
308,2182.54,224.96
309,2183.02,225.07
310,2186.35,225.07
311,2189.68,225.07
312,2193.02,225.07
313,2196.35,225.07
314,2199.69,224.96
315,2203.02,224.96
316,2206.36,224.96
317,2209.69,224.96
318,2213.03,224.96
319,2216.36,224.96
320,2219.7,224.96
321,2223.03,224.85
322,2226.37,224.85
323,2229.7,224.85
324,2233.04,224.85
325,2236.37,224.85
326,2236.37,224.85
327,2236.37,224.85
328,2236.37,224.85
329,2236.37,224.85
330,2236.37,224.85
331,2236.37,224.85
332,2236.37,224.85
333,2236.37,224.85
334,2236.37,224.85
335,2236.37,224.85
336,2236.37,224.85
337,2236.37,224.85
338,2236.37,224.85
339,2236.37,224.85
340,2236.37,224.85
341,2236.37,224.85
342,2236.37,224.85
343,2236.37,224.85
344,2236.28,224.85
345,2236.28,224.85
346,2236.28,224.96
347,2236.28,224.96
348,2236.18,224.96
349,2236.18,224.96
350,2236.18,224.96
351,2236.18,224.96
352,2236.09,224.96
353,2236.09,225.07
354,2236.09,225.07
355,2236.09,225.07
356,2235.99,225.07
357,2235.99,225.07
358,2235.99,225.07
359,2235.99,225.07
360,2235.89,225.07
361,2235.89,225.18
362,2235.89,225.18
363,2235.8,225.18
364,2235.8,225.18
365,2235.8,225.18
366,2235.8,225.18
367,2235.7,225.18
368,2235.7,225.29
369,2235.7,225.29
370,2235.7,225.29
371,2235.61,225.29
372,2235.61,225.29
373,2235.61,225.29
374,2235.61,225.29
375,2235.51,225.41
376,2235.51,225.41
377,2235.51,225.41
378,2235.51,225.41
379,2235.42,225.41
380,2235.42,225.41
381,2235.42,225.41
382,2235.32,225.52
383,2235.32,225.52
384,2235.32,225.52
385,2235.32,225.52
386,2235.23,225.52
387,2235.23,225.52
388,2235.23,225.52
389,2235.23,225.63
390,2235.13,225.63
391,2235.13,225.63
392,2235.13,225.63
393,2235.13,225.63
394,2235.04,225.63
395,2235.04,225.63
396,2235.04,225.63
397,2234.94,225.74
398,2234.94,225.74
399,2234.94,225.74
400,2234.94,225.74
401,2234.85,225.74
402,2234.85,225.74
403,2234.85,225.74
404,2234.85,225.85
405,2234.75,225.85
406,2234.75,225.85
407,2234.75,225.85
408,2234.75,225.85
409,2234.66,225.85
410,2234.66,225.85
411,2234.66,225.96
412,2234.66,225.96
413,2234.56,225.96
414,2234.56,225.96
415,2234.56,225.96
416,2234.56,225.96
417,2234.56,226.07
418,2234.56,226.07
419,2234.56,226.18
420,2234.56,226.18
421,2234.56,226.29
422,2234.47,226.29
423,2234.47,226.4
424,2234.47,226.4
425,2234.47,226.51
426,2234.47,226.51
427,2234.47,226.63
428,2234.47,226.63
429,2234.47,226.74
430,2234.47,226.74
431,2234.47,226.85
432,2234.47,226.85
433,2234.37,226.96
434,2234.37,226.96
435,2234.37,227.07
436,2234.37,227.07
437,2234.37,227.18
438,2234.37,227.18
439,2234.37,227.29
440,2234.37,227.29
441,2234.37,227.4
442,2234.37,227.4
443,2234.37,227.51
444,2234.27,227.51
445,2234.27,227.62
446,2234.27,227.62
447,2234.27,227.73
448,2234.27,227.73
449,2234.27,227.84
450,2234.27,227.84
451,2234.27,227.84
452,2234.27,227.84
453,2234.27,227.84
454,2234.27,227.84
455,2234.27,227.84
456,2234.27,227.84
457,2234.27,227.84
458,2234.27,227.84
459,2234.27,227.84
460,2234.27,227.84
461,2234.27,227.84
462,2234.27,227.84
463,2234.27,227.84
464,2234.27,227.84
465,2234.27,227.84
466,2234.27,227.84
467,2235.23,228.51
468,2236.18,229.06
469,2237.13,229.73
470,2238.09,230.39
471,2238.94,230.95
472,2239.9,231.61
473,2240.85,232.28
474,2241.8,232.83
475,2242.75,233.5
476,2243.71,234.16
477,2244.66,234.72
478,2245.61,235.38
479,2246.57,236.05
480,2247.42,236.6
481,2248.38,237.27
482,2249.33,237.93
483,2250.28,238.49
484,2251.23,239.15
485,2253.04,239.26
486,2254.76,239.26
487,2256.57,239.38
488,2258.29,239.49
489,2260.1,239.49
490,2261.91,239.6
491,2263.62,239.6
492,2265.43,239.71
493,2267.15,239.82
494,2268.96,239.82
495,2270.77,239.93
496,2272.48,240.04
497,2274.29,240.04
498,2276.1,240.15
499,2277.82,240.26
500,2279.63,240.26
501,2281.34,240.37
502,2283.15,240.37
503,2284.96,240.48
504,2286.68,240.6
505,2288.49,240.6
506,2290.2,240.71
507,2292.01,240.82
508,2293.82,240.82
509,2295.54,240.93
510,2297.35,241.04
511,2299.06,241.04
512,2300.87,241.15
513,2302.68,241.26
514,2304.4,241.26
515,2306.21,241.37
516,2308.02,241.37
517,2309.74,241.48
518,2311.55,241.59
519,2313.26,241.59
520,2315.07,241.7
521,2325.55,244.25
522,2335.94,246.91
523,2346.42,249.47
524,2356.8,252.13
525,2367.28,254.79
526,2377.76,257.34
527,2388.15,259.89
528,2398.63,262.55
529,2409.02,265.1
530,2419.5,267.76
531,2429.98,270.31
532,2440.36,272.97
533,2450.84,275.52
534,2461.23,278.18
535,2471.71,280.73
536,2482.19,283.39
537,2492.57,285.94
538,2503.05,288.6
539,2513.44,291.15
540,2523.92,293.81
541,2528.21,294.15
542,2532.4,294.37
543,2536.69,294.7
544,2540.88,295.03
545,2545.07,295.37
546,2549.36,295.59
547,2553.55,295.92
548,2557.84,296.25
549,2562.13,296.48
550,2566.32,296.81
551,2566.51,296.7
552,2566.7,296.7
553,2566.89,296.59
554,2566.99,296.48
555,2567.18,296.48
556,2567.37,296.36
557,2567.56,296.25
558,2567.75,296.25
559,2567.94,296.14
560,2568.13,296.03
561,2568.32,296.03
562,2568.42,295.92
563,2568.61,295.81
564,2568.8,295.81
565,2568.99,295.7
566,2568.99,295.7
567,2568.99,295.7
568,2568.99,295.7
569,2568.99,295.7
570,2568.99,295.7
571,2568.99,295.7
572,2568.99,295.7
573,2568.99,295.7
574,2568.99,295.7
575,2568.99,295.7
576,2570.42,296.7
577,2571.75,297.58
578,2573.18,298.58
579,2574.61,299.58
580,2577.28,303.57
581,2581.85,303.79
582,2586.42,304.13
583,2591.0,304.35
584,2595.57,304.68
585,2600.14,304.9
586,2604.72,305.23
587,2609.29,305.46
588,2613.86,305.79
589,2618.44,306.01
590,2620.91,306.68
591,2623.39,307.23
592,2625.87,307.9
593,2628.35,308.56
594,2630.82,309.23
595,2633.3,309.78
596,2635.78,310.45
597,2638.25,311.11
598,2640.64,311.66
599,2643.11,312.33
600,2645.59,313.0
601,2648.07,313.55
602,2650.55,314.22
603,2653.02,314.88
604,2655.5,315.55
605,2657.98,316.1
606,2660.45,316.77
607,2666.46,317.21
608,2672.46,317.76
609,2678.46,318.21
610,2684.46,318.65
611,2690.47,319.2
612,2696.37,319.65
613,2702.38,320.09
614,2708.38,320.65
615,2714.38,321.09
616,2720.38,321.53
617,2726.39,321.98
618,2732.39,322.53
619,2738.39,322.97
620,2744.39,323.42
621,2750.4,323.97
622,2756.4,324.42
623,2762.31,324.86
624,2768.31,325.41
625,2774.31,325.86
626,2780.31,326.3
627,2786.32,326.85
628,2792.32,327.3
629,2798.23,328.07
630,2804.13,328.96
631,2810.04,329.74
632,2815.95,330.51
633,2821.86,331.29
634,2827.67,332.18
635,2833.58,332.95
636,2839.48,333.73
637,2845.39,334.5
638,2851.3,335.39
639,2857.2,336.17
640,2885.12,340.38
641,2913.13,344.59
642,2914.85,344.82
643,2916.66,345.04
644,2918.37,345.26
645,2920.09,345.48
646,2921.9,345.81
647,2923.61,346.04
648,2925.33,346.26
649,2927.14,346.48
650,2928.85,346.7
651,2929.9,346.92
652,2930.95,347.26
653,2932.0,347.48
654,2933.05,347.81
655,2934.09,348.03
656,2935.14,348.36
657,2936.19,348.7
658,2937.24,348.92
659,2938.29,349.14
660,2939.33,349.47
661,2940.19,348.7
662,2940.95,348.03
663,2941.81,347.26
664,2942.67,346.59
665,2943.43,345.81
666,2944.29,345.15
667,2945.15,344.48
668,2946.0,343.71
669,2946.77,343.04
670,2947.62,342.27
671,2949.53,337.28
672,2951.43,332.18
673,2953.44,327.19
674,2955.34,322.09
675,2957.25,317.1
676,2959.25,312.0
677,2961.15,307.01
678,2963.06,301.91
679,2964.96,296.92
680,2966.96,291.93
681,2968.87,286.83
682,2970.78,281.84
683,2972.68,276.74
684,2974.59,271.75
685,2976.59,266.65
686,2978.49,261.66
687,2980.4,256.56
688,2982.4,251.57
689,2984.31,246.47
690,2986.21,241.48
691,2987.16,239.93
692,2988.12,238.27
693,2989.07,236.71
694,2990.02,235.16
695,2991.07,233.5
696,2992.02,231.95
697,2992.98,230.39
698,2993.93,228.84
699,2994.88,227.18
700,2995.83,225.63
701,2995.83,225.63
702,2995.83,225.63
703,2995.83,225.63
704,2995.83,225.63
705,2995.83,225.63
706,2995.83,225.63
707,2995.83,225.63
708,2995.83,225.63
709,2995.83,225.63
710,2995.83,225.63
711,2995.83,225.63
712,2995.83,225.63
713,2995.83,225.63
714,2995.83,225.63
715,2995.83,225.63
716,2995.83,225.63
717,2995.83,225.63
718,2995.83,225.63
719,2995.83,225.63
720,2995.83,225.63
721,2995.83,225.63
722,2995.83,225.63
723,2995.83,225.63
724,2995.83,225.63
725,2995.83,225.63
726,2995.83,225.63
727,2995.83,225.63
728,2995.83,225.63
729,2995.83,225.63
730,2995.83,225.63
731,2995.83,225.63
732,2995.83,225.63
733,2995.83,225.63
734,2995.83,225.63
735,2995.83,225.63
736,2995.83,225.63
737,2995.83,225.63
738,2995.83,225.63
739,2995.83,225.63
740,2995.83,225.63
741,2995.83,225.63
742,2995.83,225.63
743,2995.83,225.63
744,2995.83,225.63
745,2995.83,225.63
746,2995.83,225.63
747,2995.83,225.63
748,2995.83,225.63
749,2995.83,225.63
750,2995.83,225.63
751,2995.83,225.63
752,2995.93,225.52
753,2995.93,225.52
754,2996.02,225.52
755,2996.02,225.41
756,2996.02,225.41
757,2996.12,225.41
758,2996.12,225.41
759,2996.22,225.29
760,2996.22,225.29
761,2996.69,223.74
762,2997.17,222.08
763,2997.64,220.42
764,2998.12,218.86
765,2998.6,217.31
766,2999.07,215.65
767,2999.55,213.99
768,3000.03,212.43
769,3000.5,210.77
770,3000.98,209.22
771,3001.46,209.33
772,3001.93,209.33
773,3002.41,209.44
774,3002.88,209.44
775,3003.36,209.55
776,3003.93,209.66
777,3004.41,209.66
778,3004.89,209.77
779,3005.36,209.77
780,3005.84,209.88
781,3004.03,213.43
782,3002.22,217.09
783,3000.41,220.64
784,2998.6,224.3
785,2996.69,227.84
786,2994.88,231.39
787,2993.07,235.05
788,2991.26,238.6
789,2989.45,242.26
790,2987.64,245.81
791,2985.83,250.35
792,2984.11,254.9
793,2982.3,259.44
794,2980.59,264.1
795,2978.78,268.65
796,2976.97,273.19
797,2975.25,277.74
798,2973.44,282.28
799,2971.73,286.83
800,2969.92,291.49
801,2968.11,296.03
802,2966.39,300.58
803,2964.58,305.12
804,2962.87,309.67
805,2961.06,314.22
806,2959.25,318.76
807,2957.53,323.42
808,2955.72,327.96
809,2954.01,332.51
810,2952.2,337.05
811,2952.2,337.05
812,2952.2,337.05
813,2952.2,337.05
814,2952.2,337.05
815,2952.2,337.05
816,2952.2,337.05
817,2952.2,337.05
818,2952.2,337.05
819,2952.2,337.05
820,2952.2,337.05
821,2952.01,338.05
822,2951.82,338.94
823,2951.53,339.94
824,2951.34,340.82
825,2951.15,341.82
826,2950.96,342.71
827,2950.77,343.71
828,2950.48,344.59
829,2950.29,345.59
830,2950.1,346.48
831,2948.29,350.47
832,2946.38,354.46
833,2944.57,358.45
834,2942.76,362.44
835,2940.86,366.44
836,2939.05,370.43
837,2937.24,374.42
838,2935.43,378.41
839,2933.52,382.4
840,2931.71,386.39
841,2930.76,389.05
842,2929.81,391.72
843,2928.76,394.49
844,2927.81,397.15
845,2926.85,399.81
846,2925.9,402.47
847,2924.95,405.13
848,2923.9,407.9
849,2922.95,410.56
850,2921.99,413.22
851,2919.52,420.99
852,2917.13,428.86
853,2914.66,436.62
854,2912.18,444.38
855,2909.8,452.25
856,2907.32,460.01
857,2904.84,467.77
858,2902.46,475.65
859,2899.98,483.41
860,2897.51,491.17
861,2895.12,499.04
862,2892.65,506.8
863,2890.17,514.56
864,2887.79,522.44
865,2885.31,530.2
866,2882.83,537.96
867,2880.36,545.72
868,2877.97,553.59
869,2875.5,561.35
870,2873.02,569.11
871,2870.64,576.98
872,2868.16,584.75
873,2865.68,592.51
874,2863.3,600.38
875,2860.82,608.14
876,2858.35,615.9
877,2855.97,623.77
878,2853.49,631.53
879,2851.01,639.3
880,2848.63,647.17
881,2846.15,654.93
882,2849.49,656.37
883,2852.73,657.81
884,2856.06,659.25
885,2859.3,660.69
886,2862.64,662.14
887,2865.97,663.58
888,2869.21,665.13
889,2872.54,666.57
890,2875.88,668.01
891,2879.12,669.45
892,2882.45,670.89
893,2885.69,672.34
894,2889.03,673.78
895,2889.03,673.78
896,2889.03,673.78
897,2889.03,673.78
898,2889.03,673.78
899,2889.03,673.78
900,2892.08,675.55
901,2895.22,677.44
902,2898.27,679.21
903,2901.32,680.98
904,2904.37,682.87
905,2907.51,684.64
906,2910.56,686.42
907,2913.61,688.19
908,2916.75,690.08
909,2919.8,691.85
910,2921.61,691.07
911,2923.42,690.3
912,2925.23,689.41
913,2927.14,688.63
914,2928.95,687.86
915,2930.76,687.08
916,2932.57,686.2
917,2934.38,685.42
918,2936.19,684.64
919,2938.0,683.76
920,2939.91,682.98
921,2941.72,682.2
922,2943.53,681.43
923,2945.34,680.65
924,2947.15,679.76
925,2948.96,678.99
926,2950.86,678.21
927,2952.67,677.44
928,2954.48,676.55
929,2956.29,675.77
930,2957.72,673.78
931,2959.15,671.89
932,2960.58,669.9
933,2962.01,667.9
934,2963.44,666.02
935,2964.87,664.02
936,2966.3,662.02
937,2967.73,660.03
938,2969.16,658.14
939,2970.59,656.15
