175,16.96,953.73
176,25.82,960.61
177,34.68,967.48
178,43.54,974.35
179,52.4,981.23
180,61.26,988.1
181,72.41,993.87
182,83.46,999.63
183,94.61,1005.4
184,105.76,1011.16
185,116.81,1016.93
186,127.96,1022.7
187,139.11,1028.46
188,150.25,1034.23
189,161.31,1039.99
190,172.45,1045.76
191,184.36,1051.74
192,196.37,1057.73
193,208.28,1063.72
194,220.28,1069.6
195,232.19,1075.58
196,244.1,1081.57
197,256.11,1087.56
198,268.02,1093.54
199,279.93,1099.53
200,291.93,1105.52
201,303.84,1111.39
202,315.85,1117.38
203,327.76,1123.37
204,339.67,1129.36
205,351.67,1135.34
206,363.58,1141.33
207,375.49,1147.32
208,387.5,1153.19
209,399.41,1159.18
210,411.41,1165.17
211,423.32,1171.16
212,436.09,1177.7
213,448.95,1184.35
214,461.72,1190.89
215,474.58,1197.43
216,487.35,1204.08
217,500.21,1210.63
218,512.98,1217.17
219,525.84,1223.82
220,538.61,1230.36
221,547.37,1233.91
222,556.23,1237.57
223,565.0,1241.12
224,573.77,1244.66
225,582.53,1248.32
226,591.3,1251.87
227,600.16,1255.42
228,608.92,1259.08
229,617.69,1262.63
230,626.45,1266.17
231,635.32,1269.83
232,644.08,1273.38
233,646.18,1274.38
234,648.27,1275.38
235,650.37,1276.37
236,652.47,1277.48
237,654.66,1278.48
238,656.75,1279.48
239,658.85,1280.48
240,660.95,1281.47
241,660.95,1281.47
242,660.95,1281.47
243,660.95,1281.47
244,660.95,1281.47
245,660.95,1281.47
246,660.95,1281.47
247,660.95,1281.47
248,660.95,1281.47
249,660.95,1281.47
250,660.95,1281.47
251,660.95,1281.47
252,660.95,1281.47
253,660.95,1281.47
254,660.95,1281.47
255,660.95,1281.47
256,660.95,1281.47
257,660.95,1281.47
258,660.95,1281.47
259,660.95,1281.47
260,660.95,1281.47
261,660.95,1281.47
262,660.95,1281.47
263,660.95,1281.47
264,660.95,1281.47
265,660.95,1281.47
266,660.95,1281.47
267,660.95,1281.47
268,660.95,1281.47
269,660.95,1281.47
270,660.95,1281.47
271,660.95,1281.47
272,660.95,1281.47
273,660.95,1281.47
274,660.95,1281.47
275,660.95,1281.47
276,660.95,1281.47
277,660.95,1281.47
278,660.95,1281.47
279,660.95,1281.47
280,660.95,1281.47
281,660.95,1281.47
282,660.95,1281.47
283,660.95,1281.47
284,660.95,1281.47
285,660.95,1281.47
286,660.95,1281.47
287,660.95,1281.47
288,660.95,1281.47
289,660.95,1281.47
290,660.95,1281.47
291,664.38,1282.03
292,667.81,1282.69
293,671.24,1283.25
294,674.67,1283.91
295,678.1,1284.47
296,681.62,1285.02
297,685.05,1285.69
298,688.48,1286.24
299,691.91,1286.91
300,695.34,1287.46
301,699.34,1289.57
302,703.25,1291.67
303,707.25,1293.89
304,711.25,1296.0
305,715.25,1298.11
306,719.16,1300.21
307,723.16,1302.32
308,727.16,1304.54
309,731.17,1306.64
310,735.07,1308.75
311,739.07,1310.86
312,743.08,1312.96
313,747.08,1315.18
314,750.98,1317.29
315,754.98,1319.39
316,758.99,1321.5
317,762.89,1323.61
318,766.89,1325.82
319,770.9,1327.93
320,774.9,1330.04
321,778.8,1332.14
322,782.81,1334.25
323,786.81,1336.47
324,790.81,1338.57
325,794.72,1340.68
326,798.72,1342.79
327,802.72,1344.89
328,806.72,1347.11
329,810.63,1349.22
330,814.63,1351.32
331,816.63,1351.99
332,818.73,1352.77
333,820.73,1353.43
334,822.73,1354.21
335,824.73,1354.87
336,826.82,1355.54
337,828.83,1356.31
338,830.83,1356.98
339,832.92,1357.75
340,834.92,1358.42
341,837.78,1360.08
342,840.64,1361.75
343,843.5,1363.41
344,846.36,1365.07
345,849.22,1366.85
346,852.07,1368.51
347,854.93,1370.17
348,857.79,1371.84
349,860.65,1373.5
350,863.51,1375.16
351,866.46,1377.38
352,869.41,1379.6
353,872.37,1381.81
354,875.32,1384.03
355,878.18,1386.14
356,881.13,1388.36
357,884.09,1390.57
358,887.04,1392.79
359,889.99,1395.01
360,892.95,1397.23
361,893.71,1397.78
362,894.47,1398.22
363,895.23,1398.78
364,896.0,1399.22
365,896.76,1399.78
366,897.52,1400.33
367,898.28,1400.77
368,899.05,1401.33
369,899.81,1401.77
370,900.57,1402.33
371,900.76,1402.44
372,900.86,1402.44
373,901.05,1402.55
374,901.24,1402.55
375,901.33,1402.66
376,901.52,1402.77
377,901.71,1402.77
378,901.81,1402.88
379,902.0,1402.88
380,902.19,1402.99
381,902.29,1403.1
382,902.48,1403.1
383,902.57,1403.21
384,902.76,1403.21
385,902.95,1403.32
386,903.05,1403.43
387,903.24,1403.43
388,903.43,1403.55
389,903.52,1403.55
390,903.71,1403.66
391,903.71,1403.66
392,903.71,1403.66
393,903.71,1403.66
394,903.71,1403.66
395,903.71,1403.66
396,903.71,1403.66
397,903.71,1403.66
398,903.71,1403.66
399,903.71,1403.66
400,903.71,1403.66
401,903.71,1403.66
402,903.71,1403.66
403,903.71,1403.66
404,903.71,1403.66
405,903.71,1403.66
406,903.71,1403.66
407,903.71,1403.66
408,903.71,1403.66
409,903.71,1403.66
410,903.71,1403.66
411,904.38,1403.99
412,905.05,1404.32
413,905.81,1404.65
414,906.48,1404.99
415,907.14,1405.32
416,907.81,1405.65
417,908.48,1405.98
418,909.24,1406.32
419,909.91,1406.65
420,910.57,1406.98
421,916.1,1410.53
422,921.72,1414.19
423,927.25,1417.74
424,932.87,1421.29
425,938.4,1424.83
426,944.02,1428.49
427,949.54,1432.04
428,955.16,1435.59
429,960.79,1439.25
430,966.31,1442.79
431,968.6,1444.57
432,970.89,1446.23
433,973.17,1448.01
434,975.55,1449.67
435,977.84,1451.44
436,980.13,1453.11
437,982.41,1454.77
438,984.7,1456.54
439,986.99,1458.21
440,989.27,1459.98
441,991.66,1461.64
442,993.94,1463.42
443,996.23,1465.08
444,998.52,1466.85
445,1000.8,1468.52
446,1003.09,1470.29
447,1005.47,1471.95
448,1007.76,1473.73
449,1010.04,1475.39
450,1012.33,1477.17
451,1012.33,1477.17
452,1012.33,1477.17
453,1012.33,1477.17
454,1012.33,1477.17
455,1012.33,1477.17
456,1012.33,1477.17
457,1012.33,1477.17
458,1012.33,1477.17
459,1012.33,1477.17
460,1012.33,1477.17
461,1012.33,1477.17
462,1012.33,1477.17
463,1012.33,1477.17
464,1012.33,1477.17
465,1012.33,1477.17
466,1012.33,1477.17
467,1012.33,1477.17
468,1012.33,1477.17
469,1012.33,1477.17
470,1012.33,1477.17
471,1013.38,1477.17
472,1014.52,1477.17
473,1015.57,1477.28
474,1016.62,1477.28
475,1017.67,1477.28
476,1018.81,1477.28
477,1019.86,1477.28
478,1020.91,1477.39
479,1022.05,1477.39
480,1023.1,1477.39
481,1023.1,1477.39
482,1023.1,1477.39
483,1023.1,1477.39
484,1023.1,1477.39
485,1023.1,1477.39
486,1023.1,1477.39
487,1023.1,1477.39
488,1023.1,1477.39
489,1023.1,1477.39
490,1023.1,1477.39
491,1023.1,1477.39
492,1023.1,1477.39
493,1023.1,1477.39
494,1023.1,1477.39
495,1023.1,1477.39
496,1023.1,1477.39
497,1023.1,1477.39
498,1023.1,1477.39
499,1023.1,1477.39
500,1023.1,1477.39
501,1023.1,1477.39
502,1023.1,1477.39
503,1023.1,1477.39
504,1023.1,1477.39
505,1023.1,1477.39
506,1023.1,1477.39
507,1023.1,1477.39
508,1023.1,1477.39
509,1023.1,1477.39
510,1023.1,1477.39
511,1023.1,1477.39
512,1023.1,1477.39
513,1023.1,1477.39
514,1023.1,1477.39
515,1023.1,1477.39
516,1023.1,1477.39
517,1023.1,1477.39
518,1023.1,1477.39
519,1023.1,1477.39
520,1023.1,1477.39
521,1023.1,1477.39
522,1023.1,1477.39
523,1023.1,1477.39
524,1023.1,1477.39
525,1023.1,1477.39
526,1023.1,1477.39
527,1023.1,1477.39
528,1023.1,1477.39
529,1023.1,1477.39
530,1023.1,1477.39
531,1023.1,1477.28
532,1023.1,1477.17
533,1023.19,1476.94
534,1023.19,1476.83
535,1023.19,1476.72
536,1023.19,1476.61
537,1023.19,1476.5
538,1023.29,1476.28
539,1023.29,1476.17
540,1023.29,1476.06
541,1027.1,1477.17
542,1030.91,1478.39
543,1034.82,1479.49
544,1038.63,1480.71
545,1042.44,1481.82
546,1046.25,1482.93
547,1050.06,1484.15
548,1053.97,1485.26
549,1057.78,1486.48
550,1061.59,1487.59
551,1062.26,1487.92
552,1062.92,1488.14
553,1063.59,1488.47
554,1064.26,1488.7
555,1064.83,1489.03
556,1065.5,1489.25
557,1066.16,1489.58
558,1066.83,1489.81
559,1067.5,1490.14
560,1068.16,1490.36
561,1068.83,1490.69
562,1069.5,1491.02
563,1070.17,1491.25
564,1070.83,1491.58
565,1071.5,1491.8
566,1072.07,1492.13
567,1072.74,1492.36
568,1073.4,1492.69
569,1074.07,1492.91
570,1074.74,1493.24
571,1074.74,1493.24
572,1074.74,1493.24
573,1074.74,1493.24
574,1074.74,1493.24
575,1074.74,1493.24
576,1074.74,1493.24
577,1074.74,1493.24
578,1074.74,1493.24
579,1074.74,1493.24
580,1074.74,1493.24
581,1074.74,1493.24
582,1074.74,1493.24
583,1074.74,1493.24
584,1074.74,1493.24
585,1074.74,1493.24
586,1074.74,1493.24
587,1074.74,1493.24
588,1074.74,1493.24
589,1074.74,1493.24
590,1074.74,1493.24
591,1074.74,1493.24
592,1074.74,1493.24
593,1074.74,1493.24
594,1074.74,1493.24
595,1074.74,1493.24
596,1074.74,1493.24
597,1074.74,1493.24
598,1074.74,1493.24
599,1074.74,1493.24
600,1074.74,1493.24
601,1074.74,1493.24
602,1074.74,1493.24
603,1074.74,1493.24
604,1074.74,1493.24
605,1074.74,1493.24
606,1074.74,1493.24
607,1074.74,1493.24
608,1074.74,1493.24
609,1074.74,1493.24
610,1074.74,1493.24
611,1075.12,1493.24
612,1075.41,1493.35
613,1075.79,1493.35
614,1076.07,1493.46
615,1076.45,1493.46
616,1076.74,1493.57
617,1077.12,1493.57
618,1077.41,1493.69
619,1077.69,1493.69
620,1078.07,1493.8
621,1078.45,1493.8
622,1078.74,1493.91
623,1079.12,1494.02
624,1079.41,1494.02
625,1079.79,1494.02
626,1080.07,1494.13
627,1080.36,1494.13
628,1080.74,1494.24
629,1081.03,1494.24
630,1081.41,1494.35
631,1081.41,1494.35
632,1081.41,1494.35
633,1081.41,1494.35
634,1081.41,1494.35
635,1081.41,1494.35
636,1081.41,1494.35
637,1081.41,1494.35
638,1081.41,1494.35
639,1081.41,1494.35
640,1081.41,1494.35
641,1081.41,1494.35
642,1081.41,1494.35
643,1081.41,1494.35
644,1081.41,1494.35
645,1081.41,1494.35
646,1081.41,1494.35
647,1081.41,1494.35
648,1081.41,1494.35
649,1081.41,1494.35
650,1081.41,1494.35
651,1081.41,1494.35
652,1081.41,1494.35
653,1081.41,1494.35
654,1081.41,1494.35
655,1081.41,1494.35
656,1081.41,1494.35
657,1081.41,1494.35
658,1081.41,1494.35
659,1081.41,1494.35
660,1081.41,1494.35
661,1081.41,1494.35
662,1081.41,1494.35
663,1081.41,1494.35
664,1081.41,1494.35
665,1081.41,1494.35
666,1081.41,1494.35
667,1081.41,1494.35
668,1081.41,1494.35
669,1081.41,1494.35
670,1081.41,1494.35
671,1081.41,1494.35
672,1082.65,1495.24
673,1083.98,1496.01
674,1085.22,1496.9
675,1086.55,1497.68
676,1087.79,1498.56
677,1089.13,1499.34
678,1090.36,1500.23
679,1091.7,1501.11
680,1092.94,1501.89
681,1094.27,1502.78
682,1095.51,1503.55
683,1096.84,1504.44
684,1098.08,1505.22
685,1099.42,1506.1
686,1100.65,1506.99
687,1101.99,1507.77
688,1103.23,1508.65
689,1104.56,1509.43
690,1105.8,1510.32
691,1107.13,1511.09
692,1108.37,1511.98
693,1109.32,1516.86
694,1110.28,1521.85
695,1111.23,1526.73
696,1108.85,1534.6
697,1106.56,1542.36
698,1104.18,1550.23
699,1101.8,1558.1
700,1099.51,1565.97
701,1097.13,1573.74
702,1094.84,1581.61
703,1092.46,1589.48
704,1090.08,1597.35
705,1087.79,1605.11
706,1085.41,1612.99
707,1082.46,1622.85
708,1079.6,1632.72
709,1076.64,1642.59
710,1073.69,1652.46
711,1070.74,1662.32
712,1067.88,1672.19
713,1064.93,1682.06
714,1061.97,1691.93
715,1059.11,1701.79
716,1056.16,1711.66
717,1053.3,1719.31
718,1050.54,1726.85
719,1047.68,1734.5
720,1044.82,1742.04
721,1042.06,1749.69
722,1039.2,1757.23
723,1036.34,1764.88
724,1033.58,1772.42
725,1030.72,1780.07
726,1033.96,1783.95
727,1037.1,1787.83
728,1040.34,1791.71
729,1043.49,1795.59
730,1046.73,1799.47
731,1049.87,1803.35
732,1053.11,1807.12
733,1056.25,1811.01
734,1059.49,1814.89
735,1062.64,1818.77
736,1065.88,1822.65
737,1069.12,1826.53
738,1072.26,1830.41
739,1075.5,1834.29
740,1078.65,1838.17
741,1081.88,1842.05
742,1085.03,1845.93
743,1088.27,1849.7
744,1091.41,1853.58
745,1094.65,1857.46
746,1097.8,1861.34
747,1101.04,1865.22
748,1104.18,1869.1
749,1107.42,1872.98
750,1110.47,1873.43
751,1110.56,1873.32
752,1110.66,1873.21
753,1110.75,1873.21
754,1110.85,1873.09
755,1110.85,1872.98
756,1110.94,1872.87
757,1111.04,1872.87
758,1111.13,1872.76
759,1111.23,1872.65
760,1111.23,1872.65
761,1111.23,1872.65
762,1111.23,1872.65
763,1111.23,1872.65
764,1111.23,1872.65
765,1111.23,1872.65
766,1111.23,1872.65
767,1111.23,1872.65
768,1111.23,1872.65
769,1111.23,1872.65
770,1111.23,1872.65
771,1113.14,1872.43
772,1115.04,1872.1
773,1116.95,1871.87
774,1123.04,1872.76
775,1129.05,1873.54
776,1135.15,1874.42
777,1141.24,1875.31
778,1147.25,1876.09
779,1153.34,1876.97
780,1159.35,1877.75
781,1165.44,1878.64
782,1171.54,1879.52
783,1177.54,1880.3
784,1183.64,1881.19
785,1186.02,1882.3
786,1188.41,1883.29
787,1190.79,1884.4
788,1193.17,1885.4
789,1195.55,1886.51
790,1197.93,1887.51
791,1200.32,1888.62
792,1202.7,1889.61
793,1205.08,1890.72
794,1206.22,1890.94
795,1207.27,1891.06
796,1208.41,1891.28
797,1209.56,1891.5
798,1210.61,1891.61
799,1211.75,1891.83
800,1212.89,1892.05
801,1213.94,1892.16
802,1215.08,1892.39
803,1216.23,1892.61
804,1217.27,1892.72
805,1218.42,1892.94
806,1219.56,1893.16
807,1220.61,1893.27
808,1221.75,1893.49
809,1222.9,1893.72
810,1223.94,1893.83
811,1225.09,1894.05
812,1226.23,1894.27
813,1227.28,1894.38
814,1228.42,1894.6
815,1229.09,1894.83
816,1229.85,1895.16
817,1230.52,1895.38
818,1231.28,1895.71
819,1231.95,1895.93
820,1232.61,1896.16
821,1233.38,1896.49
822,1234.04,1896.71
823,1234.81,1897.04
824,1235.47,1897.26
825,1235.47,1897.26
826,1235.47,1897.26
827,1235.47,1897.26
828,1235.47,1897.26
829,1235.47,1897.26
830,1235.47,1897.26
831,1235.47,1897.26
832,1235.47,1897.26
833,1235.47,1897.26
834,1238.14,1897.71
835,1240.81,1898.26
836,1243.48,1898.71
837,1246.14,1899.15
838,1248.81,1899.59
839,1251.48,1900.15
840,1254.15,1900.59
841,1256.72,1901.03
842,1259.39,1901.59
843,1262.06,1902.03
844,1264.72,1902.48
845,1267.39,1902.92
846,1270.06,1903.47
847,1272.73,1903.92
848,1273.77,1904.03
849,1274.82,1904.25
850,1275.97,1904.36
851,1277.01,1904.47
852,1278.06,1904.69
853,1279.11,1904.8
854,1280.92,1905.36
855,1282.73,1906.02
856,1284.45,1906.69
857,1286.26,1907.24
858,1288.07,1907.91
859,1289.88,1908.46
860,1291.69,1909.13
861,1293.4,1909.68
862,1295.21,1910.24
863,1297.02,1910.9
864,1298.83,1911.46
865,1300.55,1912.12
866,1302.36,1912.68
867,1304.17,1913.34
868,1305.69,1917.22
869,1307.22,1921.21
870,1306.55,1927.31
871,1305.79,1933.41
872,1305.12,1939.51
873,1304.45,1945.61
874,1303.69,1951.7
875,1303.03,1957.8
876,1302.36,1963.79
877,1301.69,1969.89
878,1300.93,1975.98
879,1300.26,1982.08
880,1299.6,1988.18
881,1298.83,1994.28
882,1298.17,2000.38
883,1297.31,2007.58
884,1296.45,2014.79
885,1295.59,2022.0
886,1294.74,2029.31
887,1293.88,2036.52
888,1293.02,2043.73
889,1292.16,2050.93
890,1291.31,2057.59
891,1290.35,2064.24
892,1289.5,2070.78
893,1288.64,2077.43
894,1287.69,2077.77
895,1286.73,2078.1
896,1285.78,2078.43
897,1284.83,2078.76
898,1283.97,2079.1
899,1283.02,2079.43
900,1282.06,2079.76
901,1281.11,2080.09
902,1280.16,2080.43
903,1279.21,2080.65
904,1278.25,2080.98
905,1277.3,2081.31
906,1276.35,2081.65
907,1275.39,2081.98
908,1274.54,2082.31
909,1273.58,2082.64
910,1272.63,2082.98
911,1271.68,2083.31
912,1270.73,2083.64
913,1270.73,2083.64
914,1265.1,2084.2
915,1259.48,2084.75
916,1253.86,2085.31
917,1248.24,2085.75
918,1242.62,2086.3
919,1236.9,2086.86
920,1231.28,2087.41
921,1225.66,2087.97
922,1220.04,2088.52
923,1214.42,2088.96
924,1208.8,2089.52
925,1203.17,2090.07
926,1197.55,2090.63
927,1191.93,2091.18
928,1186.21,2091.74
929,1180.59,2092.29
930,1174.97,2092.73
931,1169.35,2093.29
932,1163.73,2093.84
933,1158.11,2094.4
934,1151.44,2096.84
935,1144.67,2099.16
936,1138.0,2101.6
937,1131.33,2104.04
938,1124.57,2106.37
939,1117.9,2108.81
940,1113.04,2107.7
941,1108.18,2106.7
942,1103.32,2105.6
943,1098.46,2104.49
944,1093.6,2103.49
945,1088.65,2102.38
