0,2332.51,3483.31
1,2332.03,3483.86
2,2331.55,3484.31
3,2331.08,3484.86
4,2330.7,3485.41
5,2330.22,3485.86
6,2329.74,3486.41
7,2329.27,3486.97
8,2328.79,3487.41
9,2328.31,3487.96
10,2327.93,3488.52
11,2327.46,3489.07
12,2326.98,3489.52
13,2326.5,3490.07
14,2326.03,3490.63
15,2325.65,3491.07
16,2325.17,3491.62
17,2324.69,3492.18
18,2324.22,3492.62
19,2323.74,3493.18
20,2323.36,3493.73
21,2322.88,3494.28
22,2322.41,3494.73
23,2321.93,3495.28
24,2321.45,3495.84
25,2320.98,3496.28
26,2320.6,3496.83
27,2320.12,3497.39
28,2319.64,3497.83
29,2319.17,3498.39
30,2318.69,3498.94
31,2318.31,3499.5
32,2317.83,3499.94
33,2317.36,3500.49
34,2316.5,3502.16
35,2315.55,3503.93
36,2314.69,3505.59
37,2313.74,3507.26
38,2312.88,3509.03
39,2311.93,3510.69
40,2311.07,3512.36
41,2310.12,3514.13
42,2309.26,3515.79
43,2308.12,3523.22
44,2306.97,3530.65
45,2305.92,3538.08
46,2304.78,3545.51
47,2303.64,3552.94
48,2302.49,3560.48
49,2301.35,3567.9
50,2300.21,3575.33
51,2299.16,3582.76
52,2298.02,3590.19
53,2296.87,3597.62
54,2295.06,3605.49
55,2293.16,3613.25
56,2291.25,3621.12
57,2289.44,3628.88
58,2287.54,3636.76
59,2285.73,3644.52
60,2283.82,3652.39
61,2282.01,3660.15
62,2280.1,3668.02
63,2278.29,3675.78
64,2278.29,3676.01
65,2278.29,3676.23
66,2278.2,3676.45
67,2278.2,3676.67
68,2278.2,3677.0
69,2278.2,3677.23
70,2278.1,3677.45
71,2278.1,3677.67
72,2278.1,3677.89
73,2278.2,3678.78
74,2278.29,3679.66
75,2278.39,3680.55
76,2278.39,3681.44
77,2278.48,3682.33
78,2278.58,3683.21
79,2278.67,3684.1
80,2278.77,3684.99
81,2278.87,3685.87
82,2278.96,3686.76
83,2278.96,3687.76
84,2279.06,3688.65
85,2279.15,3689.53
86,2279.25,3690.42
87,2279.34,3691.31
88,2279.44,3692.19
89,2279.44,3693.08
90,2279.53,3693.97
91,2279.63,3694.85
92,2279.72,3695.74
93,2280.1,3701.4
94,2280.58,3707.16
95,2280.96,3712.82
96,2284.01,3717.14
97,2286.96,3721.35
98,2290.01,3725.68
99,2296.78,3729.45
100,2303.45,3733.11
101,2310.12,3736.87
102,2316.88,3740.64
103,2327.08,3743.75
104,2337.18,3746.96
105,2347.37,3750.07
106,2357.47,3753.28
107,2367.66,3756.39
108,2377.76,3759.49
109,2387.86,3762.71
110,2398.06,3765.81
111,2408.16,3769.03
112,2418.35,3772.13
113,2421.59,3773.24
114,2424.74,3774.35
115,2427.98,3775.46
116,2431.22,3776.57
117,2434.45,3777.68
118,2437.6,3778.79
119,2440.84,3779.89
120,2444.08,3781.0
121,2447.32,3782.11
122,2450.46,3783.22
123,2453.7,3784.33
124,2453.7,3784.33
125,2453.7,3784.33
126,2453.7,3784.33
127,2453.7,3784.33
128,2453.7,3784.33
129,2453.7,3784.33
130,2453.7,3784.33
131,2453.7,3784.33
132,2453.7,3784.33
133,2453.7,3784.33
134,2454.94,3784.55
135,2456.18,3784.88
136,2457.42,3785.1
137,2458.66,3785.44
138,2459.89,3785.66
139,2461.13,3785.88
140,2462.37,3786.21
141,2463.61,3786.44
142,2464.85,3786.77
143,2466.09,3786.99
144,2467.33,3787.21
145,2468.56,3787.54
146,2469.8,3787.77
147,2471.04,3788.1
148,2472.28,3788.32
149,2473.52,3788.54
150,2474.76,3788.87
151,2476.0,3789.1
152,2477.23,3789.43
153,2478.47,3789.65
154,2481.43,3790.43
155,2484.38,3791.2
156,2487.33,3792.09
157,2490.19,3792.87
158,2493.15,3793.64
159,2496.1,3794.42
160,2499.05,3795.19
161,2502.01,3795.97
162,2504.96,3796.86
163,2507.91,3797.63
164,2510.87,3798.41
165,2513.73,3799.19
166,2516.68,3799.96
167,2519.63,3800.74
168,2522.59,3801.62
169,2525.54,3802.4
170,2528.49,3803.18
171,2531.45,3803.95
172,2534.4,3804.73
173,2537.26,3805.51
174,2540.21,3806.39
175,2543.17,3807.17
176,2546.12,3807.94
177,2585.47,3818.59
178,2624.73,3829.23
179,2643.21,3837.22
180,2661.69,3845.09
181,2680.08,3853.07
182,2698.57,3860.94
183,2717.05,3868.93
184,2726.39,3872.69
185,2735.72,3876.58
186,2744.97,3880.35
187,2754.3,3884.23
188,2763.64,3888.0
189,2772.98,3891.88
190,2782.22,3895.65
191,2791.56,3899.53
192,2800.89,3903.3
193,2801.18,3903.85
194,2801.56,3904.29
195,2801.85,3904.85
196,2802.23,3905.4
197,2802.51,3905.96
198,2802.9,3906.4
199,2803.18,3906.95
200,2803.56,3907.51
201,2803.85,3907.95
202,2804.23,3908.51
203,2804.52,3909.06
204,2804.8,3909.62
205,2805.18,3910.06
206,2805.47,3910.61
207,2805.85,3911.17
208,2806.14,3911.61
209,2806.52,3912.17
210,2806.8,3912.72
211,2807.18,3913.16
212,2807.47,3913.72
213,2807.85,3914.27
214,2808.14,3914.83
215,2808.52,3915.27
216,2808.8,3915.82
217,2792.89,4046.1
218,2790.7,4119.28
219,2788.51,4192.34
220,2786.98,4204.21
221,2785.36,4216.07
222,2783.84,4227.82
223,2782.22,4239.69
224,2780.7,4251.55
225,2779.17,4263.41
226,2777.55,4275.28
227,2776.03,4287.03
228,2774.41,4298.89
229,2772.88,4310.76
230,2772.41,4315.86
231,2772.03,4320.96
232,2771.55,4326.06
233,2771.17,4331.16
234,2770.69,4336.26
235,2772.88,4339.91
236,2774.98,4343.57
237,2777.17,4347.23
238,2779.27,4350.89
239,2785.75,4353.0
240,2792.13,4355.22
241,2798.61,4357.32
242,2808.14,4358.65
243,2817.66,4359.98
244,2827.19,4361.42
245,2836.72,4362.75
246,2846.25,4364.09
247,2855.68,4365.42
248,2865.21,4366.75
249,2874.74,4368.19
250,2884.26,4369.52
251,2893.79,4370.85
252,2900.08,4370.96
253,2906.37,4371.07
254,2912.66,4371.07
255,2918.94,4371.18
256,2925.14,4371.29
257,2931.43,4371.4
258,2937.71,4371.4
259,2944.0,4371.51
260,2950.29,4371.62
261,2956.58,4371.74
262,2962.87,4371.74
263,2969.16,4371.85
264,2975.44,4371.96
265,2981.73,4371.96
266,2987.93,4372.07
267,2994.21,4372.18
268,3000.5,4372.29
269,3006.79,4372.29
270,3013.08,4372.4
271,3019.37,4372.51
272,3025.18,4374.06
273,3030.99,4375.73
274,3036.9,4377.28
275,3042.71,4378.94
276,3048.52,4380.49
277,3054.33,4382.16
278,3060.15,4383.71
279,3066.05,4385.37
280,3071.87,4386.93
281,3077.68,4388.59
282,3080.44,4389.36
283,3083.2,4390.14
284,3085.87,4390.81
285,3088.64,4391.58
286,3091.4,4392.36
287,3094.16,4393.13
288,3096.92,4393.91
289,3099.59,4394.58
290,3102.36,4395.35
291,3105.12,4396.13
292,3107.6,4399.01
293,3110.17,4402.0
294,3112.65,4404.89
295,3115.12,4407.77
296,3117.69,4410.65
297,3120.17,4413.65
298,3122.65,4416.53
299,3125.13,4419.41
300,3127.7,4422.4
301,3130.18,4425.29
