180,1188.79,4421.63
181,1188.88,4418.3
182,1188.98,4414.87
183,1189.07,4411.54
184,1189.17,4408.21
185,1189.26,4404.78
186,1189.36,4401.45
187,1189.45,4398.12
188,1189.55,4394.8
189,1189.64,4391.36
190,1189.74,4388.03
191,1189.74,4386.93
192,1189.74,4385.82
193,1189.74,4384.71
194,1189.83,4383.6
195,1189.83,4382.49
196,1189.83,4381.27
197,1189.83,4380.16
198,1189.83,4379.05
199,1189.83,4377.94
200,1189.93,4376.84
201,1189.93,4375.73
202,1189.93,4374.62
203,1189.93,4373.51
204,1189.93,4372.4
205,1189.93,4371.18
206,1189.93,4370.07
207,1190.03,4368.96
208,1190.03,4367.86
209,1190.03,4366.75
210,1190.03,4365.64
211,1190.88,4359.54
212,1191.74,4353.55
213,1192.6,4347.45
214,1193.46,4341.47
215,1194.31,4335.48
216,1195.17,4329.38
217,1196.03,4323.28
218,1196.89,4317.3
219,1197.74,4311.31
220,1198.6,4305.21
221,1199.17,4302.55
222,1199.74,4300.0
223,1200.32,4297.34
224,1200.89,4294.68
225,1201.46,4292.02
226,1202.03,4289.47
227,1202.51,4286.81
228,1203.08,4284.15
229,1203.65,4281.6
230,1204.22,4278.93
231,1204.79,4276.27
232,1205.37,4273.61
233,1205.94,4271.06
234,1206.51,4268.4
235,1210.99,4255.21
236,1215.46,4242.01
237,1219.94,4228.82
238,1224.42,4215.74
239,1228.9,4202.54
240,1233.38,4189.35
241,1235.95,4184.03
242,1238.62,4178.71
243,1241.19,4173.27
244,1243.76,4167.95
245,1246.33,4162.63
246,1249.0,4157.31
247,1251.58,4151.98
248,1254.15,4146.55
249,1256.82,4141.23
250,1259.39,4135.91
251,1261.96,4129.37
252,1264.63,4122.82
253,1267.2,4116.28
254,1269.87,4109.74
255,1272.44,4103.31
256,1275.11,4096.77
257,1277.68,4090.23
258,1280.35,4083.69
259,1282.92,4077.15
260,1285.59,4070.6
261,1288.16,4064.06
262,1290.73,4057.52
263,1293.4,4050.98
264,1295.97,4044.44
265,1298.64,4038.01
266,1301.22,4031.47
267,1303.88,4024.92
268,1306.46,4018.38
269,1309.12,4011.84
270,1311.7,4005.3
271,1316.36,3992.33
272,1321.13,3979.47
273,1325.8,3966.49
274,1330.47,3953.52
275,1335.13,3940.66
276,1339.9,3927.69
277,1344.57,3914.72
278,1349.24,3901.74
279,1354.0,3888.88
280,1358.67,3875.91
281,1364.86,3860.61
282,1370.96,3845.2
283,1377.06,3829.9
284,1383.25,3814.6
285,1389.44,3799.19
286,1395.54,3783.89
287,1401.64,3768.58
288,1407.83,3753.28
289,1414.02,3737.87
290,1420.12,3722.57
291,1427.55,3707.72
292,1434.99,3692.97
293,1442.32,3678.11
294,1449.75,3663.26
295,1457.19,3648.4
296,1464.62,3633.65
297,1472.05,3618.79
298,1479.39,3603.94
299,1486.82,3589.19
300,1494.25,3574.33
301,1501.3,3559.92
302,1508.45,3545.62
303,1515.59,3531.2
304,1522.64,3516.9
305,1529.79,3502.49
306,1536.84,3488.08
307,1543.89,3473.77
308,1551.03,3459.36
309,1558.18,3445.06
310,1565.23,3430.64
311,1568.47,3416.12
312,1571.81,3401.59
313,1575.04,3387.18
314,1578.38,3372.66
315,1581.71,3358.13
316,1584.95,3343.72
317,1588.19,3329.19
318,1591.53,3314.67
319,1594.77,3300.14
320,1598.1,3285.62
321,1601.44,3271.21
322,1604.68,3256.68
323,1608.01,3242.16
324,1611.25,3227.63
325,1614.49,3213.22
326,1617.82,3198.7
327,1621.16,3184.17
328,1624.4,3169.76
329,1627.73,3155.23
330,1630.97,3140.71
331,1632.97,3128.96
332,1634.97,3117.2
333,1636.98,3105.45
334,1638.98,3093.7
335,1640.88,3082.06
336,1642.88,3070.3
337,1644.88,3058.55
338,1646.88,3046.8
339,1648.89,3035.05
340,1650.89,3023.29
341,1652.41,3014.09
342,1653.84,3005.0
343,1655.36,2995.8
344,1656.79,2986.71
345,1658.32,2977.5
346,1659.84,2968.3
347,1661.27,2959.21
348,1662.8,2950.01
349,1664.23,2940.92
350,1665.75,2931.71
351,1666.32,2922.73
352,1666.89,2913.75
353,1667.46,2904.66
354,1668.04,2895.68
355,1668.61,2886.7
356,1669.18,2877.72
357,1669.75,2868.74
358,1670.32,2859.65
359,1670.89,2850.66
360,1671.47,2841.68
361,1671.94,2831.59
362,1672.42,2821.5
363,1672.99,2811.3
364,1673.47,2801.21
365,1673.94,2791.13
366,1674.42,2781.04
367,1674.9,2770.95
368,1675.47,2760.75
369,1675.94,2750.66
370,1676.42,2740.57
371,1676.9,2733.03
372,1677.28,2725.49
373,1677.75,2717.95
374,1678.23,2710.41
375,1678.71,2702.87
376,1679.09,2695.33
377,1679.57,2687.79
378,1680.04,2680.25
379,1680.52,2672.71
380,1680.9,2665.17
381,1681.38,2657.52
382,1681.85,2649.98
383,1682.33,2642.44
384,1682.71,2634.9
385,1683.19,2627.37
386,1683.66,2619.83
387,1684.14,2612.29
388,1684.52,2604.75
389,1685.0,2597.21
390,1685.47,2589.67
391,1688.04,2578.69
392,1690.71,2567.83
393,1693.29,2556.85
394,1695.86,2545.87
395,1698.43,2535.01
396,1701.1,2524.03
397,1703.67,2513.17
398,1706.24,2502.19
399,1708.82,2491.21
400,1711.48,2480.35
401,1714.06,2469.37
402,1717.1,2463.94
403,1720.06,2458.51
404,1723.11,2453.07
405,1726.06,2447.64
406,1729.11,2442.21
407,1732.06,2436.77
408,1735.11,2431.34
409,1738.16,2425.91
410,1741.11,2420.48
411,1744.16,2415.04
412,1747.12,2409.61
413,1750.17,2404.29
414,1753.22,2398.86
415,1756.17,2393.42
416,1759.22,2387.99
417,1762.17,2382.56
418,1765.22,2377.12
419,1768.27,2371.69
420,1771.22,2366.26
421,1774.27,2360.83
422,1777.23,2355.39
423,1780.27,2349.96
424,1783.23,2344.53
425,1786.28,2339.09
426,1874.79,2238.31
427,1897.66,2213.59
428,1920.43,2188.75
429,1943.2,2164.03
430,1966.07,2139.3
431,1973.5,2126.11
432,1980.83,2112.91
433,1988.27,2099.83
434,1995.6,2086.64
435,2003.03,2073.44
436,2010.47,2060.36
437,2017.8,2047.17
438,2025.23,2033.97
439,2032.57,2020.78
440,2040.0,2007.58
441,2047.43,1994.5
442,2054.77,1981.31
443,2062.2,1968.11
444,2069.54,1954.92
445,2076.97,1941.84
446,2084.4,1928.64
447,2091.74,1915.45
448,2099.17,1902.25
449,2106.51,1889.17
450,2113.94,1875.98
451,2114.22,1858.57
452,2114.41,1841.27
453,2114.7,1823.87
454,2114.89,1806.57
455,2115.18,1789.16
456,2115.46,1771.87
457,2115.65,1754.57
458,2115.94,1737.16
459,2116.13,1719.76
460,2116.42,1702.46
461,2112.8,1686.27
462,2109.17,1669.97
463,2105.55,1653.79
464,2101.93,1637.6
465,2098.31,1621.41
466,2094.69,1605.11
467,2091.07,1588.93
468,2087.45,1572.74
469,2083.83,1556.44
470,2080.21,1540.25
471,2076.97,1526.5
472,2073.73,1512.76
473,2070.49,1499.01
474,2067.25,1485.26
475,2064.01,1471.51
476,2060.87,1457.76
477,2057.63,1444.01
478,2054.39,1430.27
479,2051.15,1416.52
480,2047.91,1402.77
481,2044.67,1389.02
482,2040.96,1373.61
483,2037.24,1358.2
484,2033.52,1342.68
485,2029.81,1327.26
486,2026.0,1311.85
487,2022.28,1296.44
488,2018.57,1280.92
489,2014.85,1265.51
490,2011.13,1250.1
491,2011.71,1234.69
492,2012.28,1219.38
493,2012.94,1203.97
494,2013.52,1188.56
495,2014.09,1173.26
496,2014.66,1157.85
497,2015.23,1142.44
498,2015.9,1127.14
499,2016.47,1111.73
500,2017.04,1096.32
501,2017.61,1081.02
502,2018.18,1065.6
503,2018.85,1050.3
504,2019.42,1034.89
505,2019.99,1019.48
506,2020.57,1004.18
507,2021.14,988.77
508,2021.8,973.36
509,2022.38,958.06
510,2022.95,942.65
511,2029.24,929.34
512,2035.52,916.04
513,2041.91,902.73
514,2048.2,889.43
515,2054.48,876.12
516,2060.77,862.93
517,2067.06,849.62
518,2073.35,836.32
519,2079.73,823.01
520,2086.02,809.71
521,2092.31,796.4
522,2097.84,785.87
523,2103.36,775.34
524,2108.89,764.8
525,2114.41,754.16
526,2119.94,743.63
527,2125.47,733.09
528,2130.99,722.56
529,2136.52,712.03
530,2142.05,701.5
531,2147.57,690.96
532,2153.1,680.32
533,2158.62,669.79
534,2164.15,659.25
535,2169.68,648.72
536,2175.2,638.19
537,2180.73,627.65
538,2186.25,617.01
539,2191.78,606.48
540,2197.31,595.94
541,2202.83,585.41
542,2203.12,584.97
543,2203.31,584.52
544,2203.6,584.08
545,2203.79,583.64
546,2204.07,583.08
547,2204.26,582.64
548,2204.55,582.2
549,2204.74,581.75
550,2205.02,581.31
551,2206.26,577.1
552,2207.5,572.77
553,2208.74,568.56
554,2209.88,564.35
555,2211.12,560.02
556,2212.36,555.81
557,2213.6,551.59
558,2214.84,547.38
559,2216.08,543.06
560,2217.32,538.84
561,2218.46,534.63
562,2219.7,530.31
563,2220.94,526.09
564,2222.17,521.88
565,2223.41,517.67
566,2224.65,513.34
567,2225.8,509.13
568,2227.03,504.92
569,2228.27,500.59
570,2229.51,496.38
571,2232.75,484.41
572,2235.99,472.43
573,2239.32,460.46
574,2242.56,448.48
575,2245.8,436.62
576,2249.04,424.64
577,2252.28,412.67
578,2255.62,400.7
579,2258.86,388.72
580,2262.1,376.75
581,2265.91,365.44
582,2269.62,354.13
583,2273.43,342.93
584,2277.15,331.62
585,2280.96,320.31
586,2284.77,309.0
587,2288.49,297.69
588,2292.3,286.5
589,2296.02,275.19
590,2299.83,263.88
591,2298.68,263.32
592,2297.54,262.77
593,2296.4,262.22
594,2295.25,261.66
595,2294.11,261.11
596,2292.97,260.66
597,2291.82,260.11
598,2290.78,259.55
599,2289.63,259.0
600,2288.49,258.45
601,2287.34,257.89
602,2286.2,257.34
603,2285.06,256.78
604,2283.91,256.23
605,2282.77,255.67
606,2281.63,255.12
607,2280.48,254.68
608,2279.34,254.12
609,2278.2,253.57
610,2277.05,253.01
611,2275.91,252.46
612,2274.86,251.9
613,2273.72,251.35
614,2272.58,250.8
615,2271.43,250.24
616,2270.29,249.69
617,2269.15,249.13
618,2268.0,248.58
619,2266.86,248.13
620,2265.72,247.58
621,2264.57,247.03
622,2263.43,246.47
623,2262.29,245.92
624,2261.14,245.36
625,2260.1,244.81
626,2258.95,244.25
627,2257.81,243.7
628,2256.67,243.15
629,2255.52,242.59
630,2254.38,242.15
631,2253.24,241.59
632,2252.09,241.04
633,2250.95,240.48
634,2249.81,239.93
635,2248.66,239.38
636,2247.52,238.82
637,2246.38,238.27
638,2245.23,237.71
639,2244.09,237.16
640,2243.04,236.6
641,2241.9,236.16
642,2240.75,235.61
643,2239.61,235.05
644,2238.47,234.5
645,2237.32,233.94
646,2236.18,233.39
647,2200.83,223.52
648,2165.48,213.76
649,2157.29,211.44
650,2149.1,209.0
651,2140.9,206.67
652,2132.71,204.23
653,2124.51,201.9
654,2116.32,199.57
655,2108.13,197.13
656,2099.93,194.8
657,2096.41,194.92
658,2092.98,195.03
659,2089.45,195.25
660,2086.02,195.36
661,2082.5,195.47
662,2080.78,198.57
663,2079.16,201.79
664,2079.45,206.34
665,2079.64,210.88
666,2085.55,214.98
667,2091.36,219.2
668,2097.26,223.3
669,2103.08,227.51
670,2108.98,231.61
671,2114.8,235.72
672,2120.7,239.93
673,2126.61,244.03
674,2132.42,248.25
675,2138.33,252.35
676,2144.14,256.56
677,2150.05,260.66
678,2155.86,264.77
679,2161.77,268.98
680,2167.58,273.08
681,2173.49,277.29
682,2179.39,281.4
683,2185.21,285.5
684,2191.11,289.71
685,2196.93,293.81
686,2202.83,298.03
687,2208.65,302.13
688,2214.55,306.23
689,2220.36,310.45
690,2226.27,314.55
691,2232.18,318.76
692,2237.99,322.86
693,2243.9,327.08
694,2249.71,331.18
695,2255.62,335.28
696,2261.43,339.49
697,2267.34,343.6
698,2273.24,347.81
699,2279.06,351.91
700,2284.96,356.01
701,2290.78,360.23
702,2296.68,364.33
703,2302.49,368.54
704,2308.4,372.65
705,2314.31,376.75
706,2320.12,380.96
707,2326.03,385.06
708,2331.84,389.28
709,2337.75,393.38
710,2343.56,397.59
711,2349.47,401.69
712,2355.28,405.8
713,2361.19,410.01
714,2367.09,414.11
715,2372.9,418.33
716,2378.81,422.43
717,2384.62,426.53
718,2390.53,430.74
719,2396.34,434.85
720,2402.25,439.06
721,2408.06,443.16
722,2413.97,447.37
723,2419.88,451.48
724,2425.69,455.58
725,2431.6,459.79
726,2437.41,463.89
727,2443.32,468.11
728,2449.13,472.21
729,2455.03,476.31
730,2460.94,480.53
731,2466.75,484.63
732,2472.66,488.84
733,2478.47,492.94
734,2484.38,497.05
735,2490.19,501.26
736,2496.1,505.36
737,2502.01,509.57
738,2507.82,513.68
739,2513.73,517.89
740,2519.54,521.99
741,2525.45,526.09
742,2531.26,530.31
743,2537.16,534.41
744,2542.98,538.62
745,2548.88,542.72
746,2552.98,543.5
747,2557.08,544.39
748,2561.17,545.16
749,2565.27,546.05
750,2569.37,546.83
751,2571.18,544.83
752,2573.08,542.72
753,2574.89,540.73
754,2576.99,534.74
755,2578.99,528.87
756,2581.09,522.88
757,2583.18,516.89
758,2585.18,510.9
759,2587.28,505.03
760,2589.38,499.04
761,2591.47,493.05
762,2593.47,487.18
763,2595.57,481.19
764,2598.24,472.43
765,2600.91,463.67
766,2603.57,455.02
767,2606.24,446.27
768,2608.91,437.51
769,2611.58,428.75
770,2614.24,419.99
771,2616.91,411.34
772,2619.58,402.58
773,2622.25,393.82
774,2624.06,388.28
775,2625.87,382.73
776,2627.68,377.08
777,2629.49,371.54
778,2631.3,365.99
779,2633.11,360.45
780,2634.92,354.91
781,2636.73,349.25
782,2638.54,343.71
783,2640.35,338.16
784,2640.83,337.83
785,2641.3,337.5
786,2641.78,337.28
787,2642.26,336.94
788,2642.73,336.61
789,2643.21,336.28
790,2643.69,335.95
791,2644.16,335.72
792,2644.64,335.39
793,2645.11,335.06
794,2645.11,333.73
795,2645.02,332.4
796,2645.02,330.96
797,2644.92,329.63
798,2644.83,328.3
799,2644.83,326.97
800,2644.73,325.63
801,2644.73,324.19
802,2644.73,322.86
803,2644.64,321.53
804,2644.64,320.2
805,2644.54,318.87
806,2644.54,317.43
807,2644.45,316.1
808,2644.45,314.77
809,2644.35,313.44
810,2644.26,312.11
811,2644.26,310.67
812,2644.16,309.34
813,2644.16,308.01
814,2643.02,307.34
815,2641.78,306.68
816,2640.64,306.01
817,2639.4,305.35
818,2638.25,304.57
819,2637.02,303.9
820,2635.87,303.24
821,2634.63,302.57
822,2633.49,301.91
823,2626.06,301.02
824,2618.53,300.02
825,2611.1,299.14
826,2603.67,298.14
827,2596.14,297.25
828,2588.71,296.25
829,2581.28,295.37
830,2573.75,294.37
831,2566.32,293.48
832,2557.55,290.27
833,2550.5,288.71
834,2543.36,287.16
835,2536.31,285.61
836,2529.16,284.06
837,2522.11,282.51
838,2514.96,280.84
839,2507.91,279.29
840,2500.77,277.74
841,2493.62,276.19
842,2486.57,274.63
843,2482.09,273.97
844,2477.62,273.3
845,2473.23,272.53
846,2468.75,271.86
847,2464.28,271.2
848,2459.8,270.53
849,2455.32,269.87
850,2450.94,269.09
851,2446.46,268.42
852,2441.98,267.76
853,2441.03,267.54
854,2440.08,267.2
855,2439.12,266.98
856,2438.17,266.65
857,2437.22,266.43
858,2436.26,266.1
859,2435.31,265.87
860,2434.36,265.65
861,2433.41,265.32
862,2432.45,265.1
863,2431.6,264.77
864,2430.64,264.54
865,2429.69,264.21
866,2428.74,263.99
867,2427.79,263.77
868,2426.83,263.44
869,2425.88,263.21
870,2424.93,262.88
871,2423.97,262.66
872,2423.02,262.33
873,2422.07,262.1
874,2421.12,261.88
875,2420.16,261.55
876,2419.21,261.33
877,2418.26,261.0
878,2417.3,260.77
879,2416.35,260.44
880,2415.4,260.22
881,2414.45,260.0
882,2413.49,259.67
883,2412.54,259.44
884,2411.68,259.11
885,2410.73,258.89
886,2409.78,258.56
887,2408.82,258.33
888,2407.87,258.11
889,2406.92,257.78
890,2405.97,257.56
891,2405.01,257.23
892,2404.06,257.0
893,2403.11,256.67
894,2402.16,256.45
895,2397.49,251.35
896,2397.11,251.68
897,2396.72,252.02
898,2396.34,252.35
899,2395.96,252.68
900,2395.58,253.01
901,2395.2,253.35
902,2394.82,253.68
903,2394.72,253.79
904,2394.63,254.01
905,2394.53,254.12
906,2394.44,254.34
907,2394.34,254.45
908,2394.25,254.68
909,2394.15,254.9
910,2394.06,255.01
911,2393.96,255.23
912,2393.87,255.34
913,2393.77,255.45
914,2393.68,255.67
915,2393.48,255.78
916,2393.39,255.9
917,2393.29,256.01
918,2393.2,256.23
919,2393.1,256.34
920,2392.91,256.45
921,2392.82,256.56
922,2392.72,256.78
923,2392.63,256.89
924,2392.44,257.0
925,2392.34,257.12
926,2392.25,257.34
927,2392.15,257.45
928,2392.06,257.56
929,2391.87,257.67
930,2391.77,257.89
931,2391.67,258.0
932,2391.2,258.45
933,2390.72,258.89
934,2390.72,258.89
935,2390.72,258.78
936,2390.72,258.78
937,2390.72,258.78
938,2390.72,258.67
939,2390.72,258.67
940,2390.72,258.67
941,2390.72,258.56
942,2390.72,258.56
