190,1189.74,4418.52
191,1189.74,4417.42
192,1189.83,4416.31
193,1189.83,4415.2
194,1189.93,4414.09
195,1189.93,4412.98
196,1189.93,4411.87
197,1190.03,4410.76
198,1190.03,4409.65
199,1190.12,4408.55
200,1190.12,4407.55
201,1190.12,4406.44
202,1190.22,4405.33
203,1190.22,4404.22
204,1190.31,4403.11
205,1190.31,4402.0
206,1190.31,4400.9
207,1190.41,4399.79
208,1190.41,4398.68
209,1190.5,4397.57
210,1190.5,4396.46
211,1190.69,4392.25
212,1190.98,4388.14
213,1191.26,4384.04
214,1191.45,4379.83
215,1191.65,4375.73
216,1191.93,4371.51
217,1192.22,4367.3
218,1192.41,4363.2
219,1192.6,4359.1
220,1192.88,4354.88
221,1193.55,4349.89
222,1194.31,4344.9
223,1195.08,4340.03
224,1195.74,4335.04
225,1196.5,4330.05
226,1197.17,4325.06
227,1197.84,4320.07
228,1198.6,4315.19
229,1199.36,4310.2
230,1200.03,4305.21
231,1201.46,4299.34
232,1202.89,4293.35
233,1204.22,4287.47
234,1205.65,4281.6
235,1207.08,4275.61
236,1208.51,4269.73
237,1209.94,4263.86
238,1211.27,4257.98
239,1212.7,4251.99
240,1214.13,4246.12
241,1217.27,4237.36
242,1220.51,4228.71
243,1223.66,4219.95
244,1226.9,4211.19
245,1230.04,4202.54
246,1233.19,4193.78
247,1236.43,4185.02
248,1239.57,4176.27
249,1242.81,4167.62
250,1245.95,4158.86
251,1248.72,4151.32
252,1251.48,4143.78
253,1254.15,4136.24
254,1256.91,4128.7
255,1259.67,4121.16
256,1262.44,4113.62
257,1265.2,4106.08
258,1267.87,4098.54
259,1270.63,4091.0
260,1273.39,4083.46
261,1276.16,4075.93
262,1278.92,4068.39
263,1281.59,4060.85
264,1284.35,4053.31
265,1287.11,4045.77
266,1289.88,4038.23
267,1292.64,4030.69
268,1295.31,4023.15
269,1298.07,4015.61
270,1300.83,4008.07
271,1303.6,4000.53
272,1306.36,3992.99
273,1309.12,3985.56
274,1311.79,3978.02
275,1314.55,3970.49
276,1317.32,3962.95
277,1320.08,3955.41
278,1322.84,3947.87
279,1325.51,3940.33
280,1328.27,3932.79
281,1331.04,3925.25
282,1333.8,3917.71
283,1336.56,3910.17
284,1339.23,3902.63
285,1341.99,3895.09
286,1344.76,3887.55
287,1347.52,3880.01
288,1350.28,3872.47
289,1352.95,3864.93
290,1355.71,3857.39
291,1358.48,3849.85
292,1361.24,3842.32
293,1364.0,3834.78
294,1366.67,3827.24
295,1369.43,3819.7
296,1372.2,3812.16
297,1372.2,3812.16
298,1372.2,3812.16
299,1372.2,3812.16
300,1372.2,3812.16
301,1372.2,3812.16
302,1372.2,3812.16
303,1372.2,3812.16
304,1372.2,3812.16
305,1372.2,3812.16
306,1372.2,3812.16
307,1372.2,3812.16
308,1372.2,3812.16
309,1372.2,3812.16
310,1372.2,3812.16
311,1372.2,3812.16
312,1372.2,3812.16
313,1372.2,3812.16
314,1372.2,3812.16
315,1372.2,3812.16
316,1372.2,3812.16
317,1372.2,3812.16
318,1372.2,3812.16
319,1372.2,3812.16
320,1372.2,3812.16
321,1372.2,3812.16
322,1372.2,3812.16
323,1372.2,3812.16
324,1372.2,3812.16
325,1372.2,3812.16
326,1372.2,3812.16
327,1372.2,3812.16
328,1372.2,3812.16
329,1372.2,3812.16
330,1372.2,3812.16
331,1372.2,3812.16
332,1372.2,3812.16
333,1372.2,3812.16
334,1372.2,3812.16
335,1372.2,3812.16
336,1372.2,3812.16
337,1372.2,3812.16
338,1372.2,3812.16
339,1372.2,3812.16
340,1372.2,3812.16
341,1372.67,3811.05
342,1373.05,3809.94
343,1373.53,3808.83
344,1373.91,3807.72
345,1374.39,3806.61
346,1374.87,3805.39
347,1375.25,3804.29
348,1375.72,3803.18
349,1376.1,3802.07
350,1376.58,3800.96
351,1380.77,3791.31
352,1385.06,3781.67
353,1389.25,3772.02
354,1393.54,3762.38
355,1397.73,3752.73
356,1402.02,3743.19
357,1406.21,3733.55
358,1410.5,3723.9
359,1414.69,3714.26
360,1418.98,3704.61
361,1424.03,3694.41
362,1429.17,3684.32
363,1434.22,3674.12
364,1439.37,3664.03
365,1444.42,3653.83
366,1449.47,3643.74
367,1454.61,3633.54
368,1459.66,3623.45
369,1464.81,3613.25
370,1469.86,3603.16
371,1474.34,3594.07
372,1478.72,3585.09
373,1483.2,3576.0
374,1487.58,3567.02
375,1492.06,3557.93
376,1496.44,3548.94
377,1500.92,3539.85
378,1505.3,3530.87
379,1509.78,3521.78
380,1514.16,3512.69
381,1518.64,3503.71
382,1523.12,3494.62
383,1527.5,3485.64
384,1531.98,3476.54
385,1536.36,3467.56
386,1540.84,3458.47
387,1545.22,3449.49
388,1549.7,3440.4
389,1554.08,3431.42
390,1558.56,3422.33
391,1558.66,3422.11
392,1558.75,3421.88
393,1558.85,3421.55
394,1558.94,3421.33
395,1559.04,3421.11
396,1559.13,3420.89
397,1559.23,3420.66
398,1559.32,3420.33
399,1559.42,3420.11
400,1559.51,3419.89
401,1559.51,3419.89
402,1559.51,3419.89
403,1559.51,3419.89
404,1559.51,3419.89
405,1559.51,3419.89
406,1559.51,3419.89
407,1559.51,3419.89
408,1559.51,3419.89
409,1559.51,3419.89
410,1559.51,3419.89
411,1559.9,3417.23
412,1560.18,3414.57
413,1560.56,3411.91
414,1560.85,3409.24
415,1561.23,3406.47
416,1561.52,3403.81
417,1561.9,3401.15
418,1562.18,3398.49
419,1562.56,3395.83
420,1559.42,3392.28
421,1556.18,3388.73
422,1553.04,3385.18
423,1545.03,3381.41
424,1537.03,3377.65
425,1529.12,3373.76
426,1521.12,3370.0
427,1513.11,3366.23
428,1505.11,3362.46
429,1497.11,3358.69
430,1489.2,3354.81
431,1481.2,3351.04
432,1473.19,3347.27
433,1462.71,3342.61
434,1452.23,3338.06
435,1441.66,3333.41
436,1431.17,3328.86
437,1420.69,3324.2
438,1410.21,3319.55
439,1399.64,3315.0
440,1389.16,3310.35
441,1378.68,3305.8
442,1368.2,3301.14
443,1357.62,3296.49
444,1347.14,3291.94
445,1336.66,3287.28
446,1326.18,3282.74
447,1315.6,3278.08
448,1305.12,3273.42
449,1294.64,3268.88
450,1284.16,3264.22
451,1273.58,3259.68
452,1263.1,3255.02
453,1251.0,3249.48
454,1238.9,3244.04
455,1226.71,3238.5
456,1214.61,3233.07
457,1202.51,3227.52
458,1190.41,3221.98
459,1178.31,3216.55
460,1166.11,3211.0
461,1154.01,3205.57
462,1141.91,3200.03
463,1132.1,3194.7
464,1122.19,3189.38
465,1112.37,3184.06
466,1102.46,3178.74
467,1092.65,3173.42
468,1082.74,3168.09
469,1072.83,3162.77
470,1063.02,3157.45
471,1053.11,3152.13
472,1043.3,3146.81
473,1033.29,3140.71
474,1023.19,3134.61
475,1013.19,3128.4
476,1003.18,3122.3
477,993.09,3116.21
478,983.08,3110.11
479,973.08,3104.01
480,963.07,3097.8
481,952.97,3091.7
482,942.97,3085.6
483,939.63,3084.05
484,936.2,3082.5
485,932.87,3080.95
486,929.44,3079.4
487,926.1,3077.84
488,922.67,3076.29
489,919.34,3074.74
490,915.91,3073.19
491,912.48,3071.63
492,909.15,3070.08
493,907.43,3068.86
494,905.72,3067.64
495,904.0,3066.42
496,902.29,3065.32
497,900.57,3064.1
498,898.86,3062.88
499,897.14,3061.66
500,895.43,3060.44
501,893.71,3059.22
502,892.09,3058.0
503,890.38,3056.89
504,888.66,3055.67
505,886.95,3054.45
506,885.23,3053.23
507,883.52,3052.01
508,881.8,3050.79
509,880.09,3049.68
510,878.37,3048.46
511,876.66,3047.24
512,874.94,3046.02
513,871.32,3044.36
514,867.79,3042.59
515,864.17,3040.92
516,860.65,3039.15
517,857.03,3037.49
518,853.41,3035.71
519,849.88,3034.05
520,846.26,3032.27
521,842.74,3030.61
522,839.12,3028.84
523,838.16,3028.39
524,837.21,3028.06
525,836.26,3027.62
526,835.3,3027.29
527,834.35,3026.84
528,833.49,3026.4
529,832.54,3026.07
530,831.59,3025.62
531,830.64,3025.29
532,829.68,3024.85
533,829.68,3024.85
534,829.68,3024.85
535,829.68,3024.85
536,829.68,3024.85
537,829.68,3024.85
538,829.68,3024.85
539,829.68,3024.85
540,829.68,3024.85
541,829.68,3024.85
542,829.68,3024.85
543,827.11,3023.29
544,824.54,3021.63
545,821.97,3019.97
546,819.39,3018.42
547,816.82,3016.86
548,814.15,3015.2
549,811.58,3013.54
550,809.01,3011.99
551,806.44,3010.32
552,803.86,3008.77
553,800.91,3007.33
554,797.96,3005.89
555,794.91,3004.45
556,791.95,3003.12
557,789.0,3001.67
558,786.05,3000.23
559,783.09,2998.79
560,780.04,2997.35
561,777.09,2995.91
562,774.14,2994.58
563,771.18,2993.14
564,768.23,2991.7
565,765.18,2990.25
566,762.23,2988.81
567,759.27,2987.37
568,756.32,2985.93
569,753.37,2984.6
570,750.32,2983.16
571,747.36,2981.72
572,744.41,2980.28
573,740.03,2978.72
574,735.74,2977.06
575,731.36,2975.51
576,727.07,2973.96
577,722.69,2972.4
578,718.3,2970.74
579,714.02,2969.19
580,709.63,2967.64
581,705.34,2965.97
582,700.96,2964.42
583,697.72,2962.98
584,694.48,2961.65
585,691.24,2960.21
586,688.0,2958.88
587,684.86,2957.55
588,681.62,2956.1
589,678.38,2954.77
590,675.14,2953.33
591,671.9,2952.0
592,668.66,2950.56
593,663.33,2947.79
594,657.9,2944.91
595,652.56,2942.13
596,647.13,2939.25
597,641.79,2936.48
598,636.36,2933.6
599,631.03,2930.83
600,625.6,2927.94
601,620.26,2925.17
602,614.83,2922.29
603,609.49,2919.52
604,608.54,2919.18
605,607.68,2918.96
606,606.73,2918.63
607,605.78,2918.3
608,604.83,2918.08
609,603.97,2917.74
610,603.02,2917.41
611,602.06,2917.19
612,601.11,2916.86
613,600.25,2916.52
614,599.3,2916.3
615,598.35,2915.97
616,597.49,2915.64
617,596.54,2915.41
618,595.58,2915.08
619,594.63,2914.86
620,593.77,2914.53
621,592.82,2914.19
622,591.87,2913.97
623,591.01,2913.64
624,590.06,2913.31
625,589.11,2913.09
626,588.15,2912.75
627,587.3,2912.42
628,586.34,2912.2
629,585.39,2911.87
630,584.44,2911.53
631,583.58,2911.31
632,582.63,2910.98
633,582.63,2910.98
634,582.63,2910.98
635,582.63,2910.98
636,582.63,2910.98
637,582.63,2910.98
638,582.63,2910.98
639,582.63,2910.98
640,582.63,2910.98
641,582.63,2910.98
642,582.63,2910.98
643,582.63,2910.98
644,582.63,2910.98
645,582.63,2910.98
646,582.63,2910.98
647,582.63,2910.98
648,582.63,2910.98
649,582.63,2910.98
650,582.63,2910.98
651,582.63,2910.98
652,582.63,2910.98
653,582.63,2910.98
654,582.63,2910.98
655,582.63,2910.98
656,582.63,2910.98
657,582.63,2910.98
658,582.63,2910.98
659,582.63,2910.98
660,582.63,2910.98
661,582.63,2910.98
662,582.63,2910.98
663,582.63,2910.98
664,582.63,2910.98
665,582.63,2910.98
666,582.63,2910.98
667,582.63,2910.98
668,582.63,2910.98
669,582.63,2910.98
670,582.63,2910.98
671,582.63,2910.98
672,582.63,2910.98
673,582.05,2910.76
674,581.48,2910.65
675,580.91,2910.43
676,580.34,2910.31
677,579.77,2910.09
678,579.1,2909.87
679,578.53,2909.76
680,577.96,2909.54
681,577.39,2909.43
682,576.81,2909.21
683,576.24,2908.98
684,575.67,2908.87
685,575.1,2908.65
686,574.53,2908.54
687,573.86,2908.32
688,573.29,2908.1
689,572.72,2907.99
690,572.15,2907.76
691,571.57,2907.65
692,571.0,2907.43
693,565.1,2905.32
694,559.19,2903.22
695,553.28,2901.11
696,547.37,2899.01
697,541.47,2896.9
698,535.46,2894.68
699,529.56,2892.57
700,523.65,2890.47
701,517.74,2888.36
702,511.83,2886.25
703,505.93,2884.15
704,496.88,2880.6
705,487.82,2876.94
706,478.68,2873.39
707,469.63,2869.85
708,460.58,2866.19
709,451.52,2862.64
710,442.38,2859.09
711,433.33,2855.43
712,424.27,2851.88
713,419.13,2849.89
714,413.89,2847.78
715,408.74,2845.68
716,403.6,2843.68
717,398.45,2841.68
718,393.21,2839.58
719,388.07,2837.58
720,382.92,2835.47
721,377.68,2833.37
722,372.54,2831.37
723,372.54,2831.37
724,372.54,2831.37
725,372.54,2831.37
726,372.54,2831.37
727,372.54,2831.37
728,372.54,2831.37
729,372.54,2831.37
730,372.54,2831.37
731,372.54,2831.37
732,372.54,2831.37
733,372.54,2831.37
734,372.54,2831.37
735,372.54,2831.37
736,372.54,2831.37
737,372.54,2831.37
738,372.54,2831.37
739,372.54,2831.37
740,372.54,2831.37
741,372.54,2831.37
742,372.54,2831.37
743,372.54,2831.37
744,372.54,2831.37
745,372.54,2831.37
746,372.54,2831.37
747,372.54,2831.37
748,372.54,2831.37
749,372.54,2831.37
750,372.54,2831.37
751,372.54,2831.37
752,372.54,2831.37
753,372.54,2831.37
754,372.54,2831.37
755,372.54,2831.37
756,372.54,2831.37
757,372.54,2831.37
758,372.54,2831.37
759,372.54,2831.37
760,372.54,2831.37
761,372.54,2831.37
762,372.54,2831.37
763,372.54,2831.37
764,372.54,2831.37
765,372.54,2831.37
766,372.54,2831.37
767,372.54,2831.37
768,372.54,2831.37
769,372.54,2831.37
770,372.54,2831.37
771,372.54,2831.37
772,372.54,2831.37
773,372.54,2831.37
774,372.54,2831.37
775,372.54,2831.37
776,372.54,2831.37
777,372.54,2831.37
778,372.54,2831.37
779,372.54,2831.37
780,372.54,2831.37
781,372.54,2831.37
782,372.54,2831.37
783,372.54,2831.37
784,372.54,2831.37
785,372.54,2831.37
786,372.54,2831.37
787,372.54,2831.37
788,372.54,2831.37
789,372.54,2831.37
790,372.54,2831.37
791,372.54,2831.37
792,372.54,2831.37
793,372.54,2831.37
794,372.54,2831.37
795,372.54,2831.37
796,372.54,2831.37
797,372.54,2831.37
798,372.54,2831.37
799,372.54,2831.37
800,372.54,2831.37
801,372.54,2831.37
802,372.54,2831.37
803,372.54,2831.37
804,372.54,2831.37
805,372.54,2831.37
806,372.54,2831.37
807,372.54,2831.37
808,372.54,2831.37
809,372.54,2831.37
810,372.54,2831.37
811,372.54,2831.37
812,372.54,2831.37
813,372.54,2831.37
814,372.54,2831.37
815,372.54,2831.37
816,372.54,2831.37
817,372.54,2831.37
818,372.54,2831.37
819,372.54,2831.37
820,372.54,2831.37
821,372.54,2831.37
822,372.54,2831.37
823,372.16,2831.37
824,371.87,2831.48
825,371.49,2831.48
826,371.11,2831.59
827,370.82,2831.7
828,370.44,2831.7
829,370.06,2831.82
830,369.68,2831.82
831,369.39,2831.93
832,369.01,2831.93
833,367.2,2830.37
834,365.3,2828.71
835,363.49,2827.16
836,361.68,2825.5
837,359.87,2823.94
838,357.96,2822.28
839,356.15,2820.73
840,354.34,2819.07
841,352.43,2817.51
842,350.62,2815.85
843,353.58,2810.53
844,356.44,2805.21
845,359.39,2799.88
846,362.34,2794.56
847,366.44,2789.35
848,370.54,2784.25
849,374.63,2779.04
850,378.73,2773.94
851,382.83,2768.73
852,386.92,2763.52
853,391.02,2758.42
854,395.12,2753.21
855,399.22,2748.11
856,403.22,2742.9
857,407.31,2737.68
858,411.41,2732.58
859,415.51,2727.37
860,419.61,2722.27
861,423.7,2717.06
862,427.8,2711.85
863,431.9,2706.75
864,435.99,2701.54
865,440.09,2696.44
866,444.19,2691.23
867,444.19,2691.23
868,444.19,2691.23
869,444.19,2691.23
870,444.19,2691.23
871,444.19,2691.23
872,444.19,2691.23
873,444.19,2691.23
874,444.19,2691.23
875,444.19,2691.23
876,444.19,2691.23
877,444.19,2691.23
878,444.19,2691.23
879,444.19,2691.23
880,444.19,2691.23
881,444.19,2691.23
882,444.19,2691.23
883,444.19,2691.23
884,444.19,2691.23
885,444.19,2691.23
886,444.19,2691.23
887,444.19,2691.23
888,444.19,2691.23
889,444.19,2691.23
890,444.19,2691.23
891,444.19,2691.23
892,444.19,2691.23
893,444.19,2691.23
894,444.19,2691.23
895,444.19,2691.23
896,444.19,2691.23
897,444.19,2691.23
898,444.19,2691.23
899,444.19,2691.23
900,444.66,2690.78
901,445.14,2690.34
902,445.71,2689.9
903,446.19,2689.45
904,446.66,2689.01
905,447.14,2688.57
906,447.71,2688.01
907,448.19,2687.57
908,448.67,2687.13
909,449.14,2686.68
910,449.71,2686.24
911,450.19,2685.8
912,450.67,2685.35
913,453.14,2682.36
914,455.62,2679.25
915,458.1,2676.15
916,460.58,2673.16
917,463.05,2670.16
918,465.53,2667.06
919,468.01,2663.95
920,470.48,2660.96
921,472.96,2657.97
922,475.44,2654.86
923,477.92,2651.76
924,480.39,2648.76
925,482.68,2644.33
926,484.97,2639.89
927,487.25,2635.46
928,489.54,2631.02
929,491.92,2626.59
930,494.21,2622.15
931,496.49,2617.72
932,498.78,2613.28
933,501.07,2608.85
934,503.36,2604.41
935,503.64,2603.86
936,503.83,2603.42
937,504.02,2602.86
938,504.31,2602.42
939,504.59,2601.86
940,504.78,2601.42
941,504.97,2600.87
942,505.26,2600.42
943,505.55,2599.87
944,505.74,2599.43
