0,1175.54,1538.37
1,1169.92,1535.82
2,1164.3,1533.27
3,1158.68,1530.83
4,1153.06,1528.28
5,1147.44,1525.73
6,1141.81,1523.18
7,1136.19,1520.63
8,1130.57,1518.19
9,1124.95,1515.64
10,1119.33,1513.09
11,1114.09,1510.21
12,1108.85,1507.43
13,1103.61,1504.55
14,1098.37,1501.78
15,1093.13,1498.9
16,1087.89,1496.01
17,1082.65,1493.24
18,1077.41,1490.36
19,1072.17,1487.59
20,1066.93,1484.7
21,1061.59,1481.82
22,1056.35,1479.05
23,1051.11,1476.17
24,1045.87,1473.4
25,1040.63,1470.51
26,1035.39,1467.63
27,1030.15,1464.86
28,1024.91,1461.98
29,1019.67,1459.2
30,1014.43,1456.32
31,1009.66,1454.1
32,1004.9,1451.89
33,1000.04,1449.56
34,995.28,1447.34
35,990.51,1445.12
36,985.75,1442.91
37,980.98,1440.69
38,976.22,1438.47
39,971.36,1436.14
40,966.6,1433.92
41,961.83,1431.71
42,961.83,1431.71
43,961.83,1431.71
44,961.83,1431.71
45,961.83,1431.82
46,961.83,1431.82
47,961.83,1431.82
48,961.83,1431.82
49,961.83,1431.82
50,961.83,1431.93
51,961.83,1431.93
52,961.83,1431.93
53,961.83,1431.93
54,961.83,1431.93
55,961.83,1431.93
56,961.83,1431.93
57,961.83,1431.93
58,961.83,1431.93
59,961.83,1431.93
60,961.83,1431.93
61,961.83,1431.93
62,961.83,1431.93
63,961.83,1431.93
64,961.83,1431.93
65,961.83,1431.93
66,961.83,1431.93
67,961.83,1431.93
68,961.83,1431.93
69,961.83,1431.93
70,961.83,1431.93
71,961.83,1431.93
72,961.83,1431.93
73,961.83,1431.93
74,961.83,1431.93
75,961.83,1431.93
76,961.83,1431.93
77,961.83,1431.93
78,961.83,1431.93
79,961.83,1431.93
80,961.83,1431.93
81,961.83,1431.93
82,961.83,1431.93
83,961.83,1431.93
84,961.83,1431.93
85,961.83,1431.93
86,961.83,1431.93
87,961.83,1431.93
88,961.83,1431.93
89,961.83,1431.93
90,961.83,1431.93
91,961.83,1431.93
92,961.83,1431.93
93,961.83,1431.93
94,961.83,1431.93
95,961.83,1431.93
96,961.83,1431.93
97,961.83,1431.93
98,961.83,1431.93
99,961.83,1431.93
100,961.83,1431.93
101,961.83,1431.93
102,961.83,1431.93
103,961.64,1432.82
104,961.36,1433.7
105,961.17,1434.59
106,960.88,1435.48
107,960.69,1436.36
108,960.4,1437.25
109,960.21,1438.14
110,959.93,1439.03
111,959.64,1439.91
112,959.45,1440.8
113,959.45,1440.8
114,959.45,1440.8
115,959.45,1440.8
116,959.45,1440.8
117,959.45,1440.8
118,959.45,1440.8
119,959.45,1440.8
120,959.45,1440.8
121,959.45,1440.8
122,959.45,1440.8
123,959.26,1440.36
124,958.98,1439.91
125,958.79,1439.58
126,958.59,1439.14
127,958.4,1438.69
128,958.12,1438.25
129,957.93,1437.81
130,957.74,1437.47
131,957.45,1437.03
132,957.26,1436.59
133,955.83,1435.59
134,954.31,1434.7
135,952.88,1433.7
136,951.35,1432.82
137,949.92,1431.82
138,948.4,1430.82
139,946.97,1429.93
140,945.45,1428.94
141,944.02,1428.05
142,942.49,1427.05
143,941.06,1426.05
144,939.63,1425.17
145,938.11,1424.17
146,936.68,1423.28
147,935.16,1422.28
148,933.73,1421.29
149,932.2,1420.4
150,930.77,1419.4
151,929.25,1418.51
152,927.82,1417.52
153,927.82,1417.52
154,927.82,1417.52
155,927.82,1417.52
156,927.82,1417.52
157,927.82,1417.52
158,927.82,1417.52
159,927.82,1417.52
160,927.82,1417.52
161,927.82,1417.52
162,927.82,1417.52
163,927.82,1417.52
164,927.82,1417.52
165,927.82,1417.52
166,927.82,1417.52
167,927.82,1417.52
168,927.82,1417.52
169,927.82,1417.52
170,927.82,1417.52
171,927.82,1417.52
172,927.82,1417.52
173,927.82,1417.52
174,927.82,1417.52
175,927.82,1417.52
176,927.82,1417.52
177,927.82,1417.52
178,927.82,1417.52
179,927.82,1417.52
180,927.82,1417.52
181,927.82,1417.52
182,927.82,1417.52
183,927.82,1417.52
184,927.82,1417.52
185,927.82,1417.52
186,927.82,1417.52
187,927.82,1417.52
188,927.82,1417.52
189,927.82,1417.52
190,927.82,1417.52
191,927.82,1417.52
192,927.82,1417.52
193,927.82,1417.52
194,927.82,1417.52
195,927.82,1417.52
196,927.82,1417.52
197,927.82,1417.52
198,927.82,1417.52
199,927.82,1417.52
200,927.82,1417.52
201,927.82,1417.52
202,927.82,1417.52
203,927.82,1417.52
204,927.82,1417.52
205,927.82,1417.52
206,927.82,1417.52
207,927.82,1417.52
208,927.82,1417.52
209,927.82,1417.52
210,927.82,1417.52
211,927.82,1417.52
212,927.82,1417.52
213,927.82,1417.52
214,927.82,1417.52
215,927.82,1417.52
216,927.82,1417.52
217,927.82,1417.52
218,927.82,1417.52
219,927.82,1417.52
220,927.82,1417.52
221,927.82,1417.52
222,927.82,1417.52
223,927.82,1417.52
224,927.82,1417.52
225,927.82,1417.52
226,927.82,1417.52
227,927.82,1417.52
228,927.82,1417.52
229,927.82,1417.52
230,927.82,1417.52
231,927.82,1417.52
232,927.82,1417.52
233,927.82,1417.52
234,927.82,1417.52
235,927.82,1417.52
236,927.82,1417.52
237,927.82,1417.52
238,927.82,1417.52
239,927.82,1417.52
240,927.82,1417.52
241,927.82,1417.52
242,927.82,1417.52
243,927.82,1417.52
244,927.82,1417.52
245,927.82,1417.52
246,927.82,1417.52
247,927.82,1417.52
248,927.82,1417.52
249,927.82,1417.52
250,927.82,1417.52
251,927.82,1417.52
252,927.82,1417.52
253,927.82,1417.52
254,927.82,1417.52
255,927.82,1417.52
256,927.82,1417.52
257,927.82,1417.52
258,927.82,1417.52
259,927.82,1417.52
260,927.82,1417.52
261,927.82,1417.52
262,927.82,1417.52
263,927.82,1417.52
264,927.82,1417.52
265,927.82,1417.52
266,927.82,1417.52
267,927.82,1417.52
268,927.82,1417.52
269,927.82,1417.52
270,927.82,1417.52
271,927.82,1417.52
272,927.82,1417.52
273,927.82,1417.52
274,927.82,1417.52
275,927.82,1417.52
276,927.82,1417.52
277,927.82,1417.52
278,927.82,1417.52
279,927.82,1417.52
280,927.82,1417.52
281,927.82,1417.52
282,927.82,1417.52
283,927.82,1417.52
284,927.82,1417.52
285,927.82,1417.52
286,927.82,1417.52
287,927.82,1417.52
288,927.82,1417.52
289,927.82,1417.52
290,927.82,1417.52
291,927.82,1417.52
292,926.87,1415.3
293,925.82,1413.08
294,924.87,1410.86
295,922.2,1407.87
296,919.44,1404.88
297,916.77,1401.88
298,914.0,1398.89
299,911.34,1395.9
300,910.57,1388.25
301,909.81,1380.59
302,908.95,1373.06
303,908.19,1365.41
304,908.38,1364.74
305,908.57,1363.96
306,908.86,1363.3
307,909.05,1362.63
308,909.24,1361.86
309,909.43,1361.19
310,909.62,1360.53
311,909.91,1359.75
312,910.1,1359.09
313,910.29,1358.42
314,910.48,1357.64
315,910.67,1356.98
316,910.96,1356.31
317,911.15,1355.65
318,911.34,1354.87
319,911.53,1354.21
320,911.72,1353.54
321,912.0,1352.77
322,912.19,1352.1
323,912.38,1351.44
324,912.58,1350.66
325,912.77,1349.99
326,913.05,1349.33
327,913.24,1348.55
328,913.43,1347.89
329,924.01,1325.16
330,934.58,1302.54
331,945.16,1279.81
332,947.07,1276.04
333,948.97,1272.27
334,950.78,1268.39
335,952.69,1264.62
336,954.59,1260.85
337,956.5,1257.08
338,958.4,1253.31
339,960.31,1249.54
340,962.12,1245.66
341,964.03,1241.89
342,965.93,1238.12
343,965.93,1238.12
344,965.93,1238.12
345,965.93,1238.12
346,965.93,1238.12
347,965.93,1238.12
348,965.93,1238.12
349,965.93,1238.12
350,965.93,1238.12
351,965.93,1238.12
352,965.93,1238.12
353,965.93,1238.12
354,965.93,1238.12
355,965.93,1238.12
356,965.93,1238.12
357,965.93,1238.12
358,965.93,1238.12
359,965.93,1238.12
360,965.93,1238.12
361,965.93,1238.12
362,965.93,1238.12
363,965.93,1238.12
364,965.93,1238.12
365,965.93,1238.12
366,965.93,1238.12
367,965.93,1238.12
368,965.93,1238.12
369,965.93,1238.12
370,965.93,1238.12
371,965.93,1238.12
372,967.65,1234.91
373,969.27,1231.69
374,970.98,1228.59
375,972.7,1225.37
376,974.41,1222.16
377,976.03,1218.94
378,977.75,1215.84
379,979.46,1212.62
380,981.08,1209.41
381,982.8,1206.19
382,984.51,1203.09
383,986.23,1199.87
384,987.84,1196.66
385,989.56,1193.44
386,991.27,1190.34
387,992.89,1187.12
388,994.61,1183.91
389,996.32,1180.69
390,998.04,1177.59
391,999.66,1174.37
392,1001.37,1171.16
393,1003.28,1165.94
394,1005.19,1160.73
395,1007.0,1155.52
396,1008.9,1150.31
397,1010.81,1144.99
398,1012.71,1139.78
399,1014.62,1134.57
400,1016.43,1129.36
401,1018.33,1124.14
402,1020.24,1118.93
403,1020.33,1118.49
404,1020.53,1118.16
405,1020.62,1117.71
406,1020.81,1117.27
407,1020.91,1116.94
408,1021.0,1116.49
409,1021.19,1116.05
410,1021.29,1115.61
411,1021.48,1115.27
412,1021.57,1114.83
413,1024.43,1109.4
414,1027.29,1103.85
415,1030.05,1098.42
416,1032.91,1092.88
417,1035.77,1087.45
418,1038.63,1081.9
419,1041.39,1076.47
420,1044.25,1070.93
421,1047.11,1065.49
422,1049.78,1057.51
423,1052.54,1049.53
424,1055.21,1041.54
425,1057.97,1033.56
426,1060.64,1025.58
427,1063.4,1017.48
428,1066.07,1009.5
429,1068.83,1001.52
430,1071.5,993.54
431,1074.26,985.55
432,1076.93,977.57
433,1079.6,965.15
434,1082.17,952.73
435,1084.84,940.32
436,1087.41,928.01
437,1090.08,915.59
438,1092.75,903.17
439,1095.32,890.76
440,1097.99,878.34
441,1100.56,865.92
442,1103.23,853.5
443,1105.89,841.2
444,1108.47,828.78
445,1111.13,816.36
446,1113.71,803.94
447,1116.38,791.52
448,1119.04,779.11
449,1121.62,766.8
450,1124.28,754.38
451,1126.86,741.96
452,1129.52,729.55
453,1131.05,721.12
454,1132.57,712.58
455,1134.1,704.16
456,1135.62,695.62
457,1137.24,687.19
458,1138.77,678.66
459,1140.29,670.23
460,1141.81,661.69
461,1143.34,653.27
462,1144.2,644.17
463,1144.96,635.08
464,1145.82,625.88
465,1146.67,616.79
466,1147.44,607.7
467,1148.29,598.61
468,1149.06,589.51
469,1149.91,580.42
470,1150.77,571.22
471,1151.53,562.13
472,1152.39,553.04
473,1153.15,543.94
474,1153.91,534.74
475,1154.68,525.65
476,1155.44,516.56
477,1156.2,507.47
478,1156.96,498.26
479,1157.73,489.17
480,1158.49,480.08
481,1159.25,470.99
482,1160.01,461.79
483,1160.77,452.7
484,1161.63,445.82
485,1162.59,438.84
486,1163.44,431.96
487,1164.4,425.09
488,1165.25,418.1
489,1166.21,411.23
490,1167.06,404.36
491,1168.02,397.37
492,1168.87,390.5
493,1168.87,390.5
494,1168.87,390.39
495,1168.87,390.39
496,1168.97,390.39
497,1168.97,390.27
498,1168.97,390.27
499,1168.97,390.27
500,1168.97,390.16
501,1168.97,390.16
502,1169.06,390.16
503,1169.06,390.05
504,1169.06,390.05
505,1169.16,389.61
506,1169.16,389.17
507,1169.25,388.61
508,1169.25,388.17
509,1169.35,387.72
510,1169.35,387.28
511,1169.45,386.84
512,1169.54,386.39
513,1169.54,385.95
514,1169.64,385.4
515,1169.64,384.95
516,1169.73,384.51
517,1170.49,371.09
518,1171.06,365.88
519,1171.54,360.67
520,1172.11,355.57
521,1172.68,350.36
522,1173.16,345.15
523,1173.73,339.94
524,1174.21,334.73
525,1174.78,329.52
526,1175.35,324.42
527,1175.83,319.2
528,1176.4,313.99
529,1176.4,313.55
530,1176.4,313.22
531,1176.4,312.77
532,1176.4,312.44
533,1176.4,312.0
534,1176.4,311.55
535,1176.4,311.22
536,1176.4,310.78
537,1176.4,310.78
538,1176.4,310.78
539,1176.4,310.78
540,1176.4,310.78
541,1176.4,310.78
542,1176.4,310.78
543,1176.4,310.78
544,1176.4,310.78
545,1176.4,310.78
546,1176.4,310.78
547,1176.4,310.78
548,1176.4,310.78
549,1176.4,310.78
550,1176.4,310.78
551,1176.4,310.78
552,1176.4,310.78
553,1176.4,310.78
554,1176.4,310.78
555,1176.4,310.78
556,1176.4,310.78
557,1176.4,310.78
558,1176.4,310.78
559,1176.4,310.78
560,1176.4,310.78
561,1176.4,310.78
562,1176.4,310.78
563,1176.4,310.78
564,1176.4,310.78
565,1176.4,310.78
566,1176.4,310.78
567,1176.4,310.78
568,1176.4,310.78
569,1176.4,310.78
570,1176.4,310.78
571,1176.4,310.78
572,1176.4,310.78
573,1176.4,310.78
574,1176.4,310.78
575,1176.4,310.78
576,1176.4,310.78
577,1176.59,309.0
578,1176.69,307.12
579,1176.88,305.35
580,1176.97,303.46
581,1177.16,301.69
582,1177.26,299.8
583,1177.45,298.03
584,1178.31,292.93
585,1179.16,287.72
586,1180.02,282.62
587,1180.88,277.52
588,1181.74,272.3
589,1182.59,267.2
590,1183.45,261.99
591,1184.31,256.89
592,1185.17,251.79
593,1186.02,246.58
594,1186.88,241.48
595,1187.74,234.16
596,1188.69,226.74
597,1189.55,219.42
598,1190.41,212.1
599,1191.36,204.78
600,1192.22,197.35
601,1193.07,190.04
602,1193.93,182.72
603,1194.88,175.29
604,1195.74,167.97
605,1196.79,158.44
606,1197.84,148.9
607,1198.89,139.48
608,1199.93,129.94
609,1200.89,120.41
610,1201.94,110.87
611,1202.98,101.45
612,1204.03,91.91
613,1205.08,82.38
614,1207.37,82.16
615,1209.65,81.82
616,1211.94,81.6
617,1214.23,81.27
618,1216.51,81.05
619,1218.8,80.83
620,1221.09,80.49
621,1223.37,80.27
622,1225.66,79.94
623,1227.95,79.72
624,1230.23,79.39
625,1232.52,79.16
626,1234.9,78.94
627,1237.19,78.61
628,1239.47,78.39
629,1241.76,78.05
630,1244.05,77.83
631,1246.33,77.5
632,1248.62,77.28
633,1250.91,77.06
634,1253.19,76.72
635,1255.48,76.5
636,1257.77,76.17
637,1260.05,75.95
638,1262.34,75.73
639,1264.63,75.39
640,1266.91,75.17
641,1269.2,74.84
642,1271.49,74.62
643,1273.77,74.4
644,1276.06,74.06
645,1278.35,73.84
646,1280.63,73.51
647,1282.92,73.29
648,1285.21,72.95
649,1287.5,72.73
650,1289.78,72.51
651,1292.07,72.18
652,1294.45,71.96
653,1296.74,71.62
654,1299.02,71.4
655,1301.31,71.07
656,1303.6,70.85
657,1305.88,70.63
658,1308.17,70.29
659,1310.46,70.07
660,1312.74,69.74
661,1315.03,69.52
662,1317.32,69.3
663,1319.6,68.96
664,1321.89,68.74
665,1324.18,68.41
666,1326.46,68.19
667,1328.75,67.85
668,1331.04,67.63
669,1333.32,67.41
670,1335.61,67.08
671,1337.9,66.86
672,1340.18,66.52
673,1342.47,66.3
674,1344.76,66.08
675,1347.04,65.75
676,1349.33,65.53
677,1351.62,65.19
678,1354.0,64.97
679,1356.29,64.75
680,1358.57,64.42
681,1360.86,64.2
682,1363.15,63.86
683,1365.43,63.64
684,1367.72,63.31
685,1370.01,63.09
686,1372.29,62.87
687,1374.58,62.53
688,1376.87,62.31
689,1379.15,61.98
690,1381.44,61.76
691,1383.73,61.42
692,1386.01,61.2
693,1388.3,60.98
694,1390.59,60.65
695,1392.87,60.43
696,1395.16,60.09
697,1397.45,59.87
698,1399.73,59.65
699,1402.02,59.32
700,1404.31,59.1
701,1406.59,58.76
702,1408.88,58.54
703,1411.26,58.21
704,1413.55,57.99
705,1415.83,57.77
706,1418.12,57.43
707,1420.41,57.21
708,1422.69,56.88
709,1424.98,56.66
710,1427.27,56.43
711,1429.55,56.1
712,1431.84,55.88
713,1434.13,55.55
714,1436.41,55.33
715,1438.7,55.1
716,1440.99,54.77
717,1443.27,54.55
718,1445.56,54.22
719,1447.85,54.0
720,1450.13,53.66
721,1452.42,53.44
722,1454.71,53.22
723,1457.0,52.89
724,1459.28,52.66
725,1461.57,52.33
726,1463.86,52.11
727,1466.14,51.78
728,1468.43,51.56
729,1470.81,51.33
730,1473.1,51.0
731,1475.38,50.78
732,1477.67,50.45
733,1479.96,50.23
734,1482.24,50.0
735,1484.53,49.67
736,1486.82,49.45
737,1489.1,49.12
738,1491.39,48.9
739,1493.68,48.67
740,1495.96,48.34
741,1498.25,48.12
742,1500.54,47.79
743,1502.82,47.56
744,1505.11,47.23
745,1507.4,47.01
746,1509.68,46.79
747,1511.97,46.46
748,1514.26,46.23
749,1516.54,45.9
750,1518.83,45.68
751,1521.12,45.35
752,1523.4,45.13
753,1525.69,44.9
754,1527.98,44.57
755,1530.36,44.35
756,1532.65,44.02
757,1534.93,43.79
758,1537.22,43.57
759,1539.51,43.24
760,1541.79,43.02
761,1544.08,42.69
762,1546.37,42.46
763,1548.65,42.24
764,1550.94,41.91
765,1553.23,41.69
766,1555.51,41.36
767,1557.8,41.13
768,1560.09,40.8
769,1562.37,40.58
770,1564.66,40.36
771,1566.95,40.03
772,1569.23,39.8
773,1571.52,39.47
774,1573.81,39.25
775,1576.09,39.03
776,1578.38,38.69
777,1580.67,38.47
778,1582.95,38.14
779,1585.24,37.92
780,1587.53,37.59
781,1589.91,37.36
782,1592.19,37.14
783,1594.48,36.81
784,1596.77,36.59
785,1599.05,36.26
786,1601.34,36.03
787,1603.63,35.7
788,1605.91,35.48
789,1608.2,35.26
790,1610.49,34.93
791,1612.77,34.7
792,1615.06,34.37
793,1617.35,34.15
794,1625.35,38.81
795,1633.36,43.35
796,1641.36,48.01
797,1649.27,52.55
798,1657.27,57.21
799,1665.27,61.76
800,1673.28,66.41
801,1681.28,70.96
802,1689.28,75.62
803,1697.19,80.16
804,1705.19,84.82
805,1713.2,89.36
806,1721.2,94.02
807,1729.2,98.57
808,1737.21,103.22
809,1745.12,107.77
810,1753.12,112.43
811,1761.12,116.97
812,1769.13,121.63
813,1779.51,123.96
814,1789.99,126.17
815,1800.47,128.39
816,1810.86,130.72
817,1821.24,133.05
818,1831.72,135.27
819,1842.2,137.48
820,1852.59,139.81
821,1862.98,142.14
822,1873.46,144.36
823,1881.65,145.91
824,1889.84,147.57
825,1898.04,149.12
826,1906.23,150.79
827,1914.33,152.45
828,1922.52,154.0
829,1930.72,155.56
830,1938.91,157.22
831,1947.11,158.77
832,1955.3,160.43
833,1963.21,162.76
834,1971.12,165.2
835,1979.12,167.53
836,1987.03,169.97
837,1994.94,172.3
838,2002.84,174.74
839,2010.75,177.06
840,2018.66,179.5
841,2026.66,181.83
842,2034.57,184.27
843,2042.48,186.6
844,2048.96,193.14
845,2055.34,199.68
846,2061.82,206.11
847,2068.21,212.66
848,2074.68,219.2
849,2077.35,227.07
850,2080.02,234.94
851,2082.69,242.81
852,2085.36,250.57
853,2088.02,258.45
854,2090.69,266.32
855,2093.36,274.19
856,2096.03,282.06
857,2098.69,289.93
858,2101.36,297.69
859,2104.03,305.57
860,2106.7,313.44
861,2109.37,321.31
862,2112.03,329.18
863,2114.7,337.05
864,2117.37,344.82
865,2120.04,352.69
866,2122.7,360.56
867,2125.37,368.43
868,2129.28,375.2
869,2133.28,381.96
870,2137.19,388.61
871,2141.19,395.37
872,2145.09,402.14
873,2149.1,408.9
874,2153.0,415.66
875,2157.0,422.43
876,2160.91,429.08
877,2164.91,435.84
878,2168.82,442.61
879,2173.96,444.71
880,2179.11,446.71
881,2184.25,448.82
882,2189.4,450.81
883,2194.45,452.92
884,2199.59,455.02
885,2204.74,457.02
886,2209.88,459.13
887,2215.03,461.12
888,2220.17,463.23
889,2226.56,462.79
890,2232.85,462.23
891,2239.23,461.79
892,2241.42,458.9
893,2243.61,455.91
894,2245.8,453.03
895,2248.0,450.03
896,2250.19,447.15
897,2254.09,434.85
898,2258.09,422.54
899,2262.0,410.12
900,2266.0,397.81
901,2269.91,385.51
902,2273.91,373.2
903,2277.82,360.78
904,2281.82,348.47
905,2285.73,336.17
906,2289.92,323.31
907,2294.11,310.45
908,2298.4,297.58
909,2302.59,284.83
910,2306.78,271.97
911,2310.97,259.11
912,2315.17,246.25
913,2319.36,233.39
914,2323.65,220.53
915,2327.84,207.67
916,2332.03,194.8
917,2336.22,182.05
918,2340.41,169.19
919,2344.7,156.33
920,2348.89,143.47
921,2353.09,130.61
922,2357.28,117.75
923,2361.47,104.89
924,2365.66,92.14
925,2369.95,79.27
926,2374.14,66.41
927,2378.34,53.55
928,2380.15,48.23
929,2382.05,42.91
930,2383.86,37.48
931,2385.67,32.15
932,2387.58,26.83
933,2389.39,21.4
934,2391.29,16.08
935,2393.1,10.75
