245,1211.46,4358.76
246,1213.08,4351.45
247,1214.8,4344.13
248,1216.42,4336.81
249,1218.13,4329.38
250,1219.75,4322.06
251,1221.37,4314.75
252,1223.09,4307.43
253,1224.71,4300.11
254,1226.42,4292.79
255,1228.04,4285.37
256,1229.66,4278.05
257,1231.38,4270.73
258,1233.0,4263.41
259,1234.71,4256.09
260,1236.33,4248.78
261,1237.95,4241.46
262,1239.67,4234.03
263,1241.29,4226.71
264,1243.0,4219.4
265,1244.62,4212.08
266,1247.86,4202.21
267,1251.1,4192.45
268,1254.34,4182.59
269,1257.58,4172.83
270,1260.82,4162.96
271,1263.96,4153.2
272,1267.2,4143.45
273,1270.44,4133.58
274,1273.68,4123.82
275,1276.92,4113.96
276,1281.02,4102.42
277,1285.11,4090.78
278,1289.21,4079.25
279,1293.31,4067.72
280,1297.5,4056.19
281,1301.6,4044.55
282,1305.69,4033.02
283,1309.79,4021.49
284,1313.89,4009.85
285,1317.98,3998.31
286,1323.51,3983.12
287,1329.04,3967.93
288,1334.56,3952.75
289,1340.09,3937.56
290,1345.61,3922.37
291,1351.05,3907.29
292,1356.57,3892.1
293,1362.1,3876.91
294,1367.62,3861.72
295,1373.15,3846.53
296,1378.96,3831.67
297,1384.87,3816.81
298,1390.68,3801.96
299,1396.49,3787.1
300,1402.4,3772.24
301,1408.21,3757.28
302,1414.02,3742.42
303,1419.84,3727.56
304,1425.74,3712.7
305,1431.56,3697.85
306,1436.51,3687.65
307,1441.56,3677.45
308,1446.51,3667.25
309,1451.47,3657.05
310,1456.52,3646.85
311,1461.47,3636.65
312,1466.43,3626.45
313,1471.38,3616.24
314,1476.43,3606.04
315,1481.39,3595.84
316,1486.34,3585.64
317,1491.39,3575.44
318,1496.34,3565.24
319,1501.3,3555.04
320,1506.35,3544.84
321,1511.3,3534.64
322,1516.26,3524.44
323,1521.31,3514.24
324,1526.26,3504.04
325,1531.22,3493.84
326,1536.17,3483.64
327,1541.22,3473.44
328,1546.18,3463.24
329,1551.13,3453.04
330,1556.18,3442.84
331,1561.13,3432.64
332,1568.85,3405.81
333,1576.47,3379.09
334,1584.19,3352.26
335,1591.81,3325.42
336,1593.91,3313.23
337,1596.1,3301.14
338,1598.2,3288.95
339,1600.29,3276.86
340,1602.39,3264.67
341,1604.58,3252.47
342,1606.68,3240.38
343,1608.77,3228.19
344,1610.96,3216.1
345,1613.06,3203.91
346,1614.39,3194.59
347,1615.63,3185.17
348,1616.97,3175.86
349,1618.3,3166.43
350,1619.54,3157.12
351,1620.87,3147.69
352,1622.11,3138.38
353,1623.45,3128.96
354,1624.78,3119.64
355,1626.02,3110.22
356,1627.35,3100.79
357,1628.69,3091.48
358,1629.93,3082.06
359,1631.26,3072.74
360,1632.59,3063.32
361,1633.83,3054.01
362,1635.17,3044.58
363,1636.4,3035.27
364,1637.74,3025.84
365,1639.07,3016.53
366,1640.31,3007.22
367,1641.64,2997.79
368,1642.6,2982.94
369,1643.55,2967.97
370,1644.5,2953.11
371,1645.46,2938.14
372,1646.31,2923.29
373,1647.27,2908.32
374,1648.22,2893.46
375,1649.17,2878.49
376,1650.12,2863.64
377,1651.08,2848.67
378,1652.03,2833.81
379,1652.98,2818.84
380,1653.94,2803.99
381,1654.89,2789.02
382,1655.75,2774.16
383,1656.7,2759.19
384,1657.65,2744.34
385,1658.6,2729.37
386,1659.56,2714.51
387,1660.6,2706.31
388,1661.65,2698.1
389,1662.7,2690.01
390,1663.75,2681.8
391,1664.7,2673.6
392,1665.75,2665.39
393,1666.8,2657.19
394,1667.85,2649.1
395,1668.89,2640.89
396,1669.94,2632.69
397,1669.94,2632.13
398,1670.04,2631.69
399,1670.04,2631.14
400,1670.13,2630.58
401,1670.13,2630.14
402,1670.23,2629.58
403,1670.23,2629.03
404,1670.32,2628.47
405,1670.32,2628.03
406,1670.42,2627.48
407,1670.42,2627.48
408,1670.42,2627.48
409,1670.42,2627.48
410,1670.42,2627.48
411,1670.42,2627.48
412,1670.42,2627.48
413,1670.42,2627.48
414,1670.42,2627.48
415,1670.42,2627.48
416,1670.42,2627.48
417,1670.42,2627.48
418,1670.42,2627.48
419,1670.42,2627.48
420,1670.42,2627.48
421,1670.42,2627.48
422,1670.42,2627.48
423,1670.42,2627.48
424,1670.42,2627.48
425,1670.42,2627.48
426,1670.42,2627.48
427,1670.42,2627.48
428,1670.42,2627.48
429,1670.42,2627.48
430,1670.42,2627.48
431,1670.42,2627.48
432,1670.42,2627.48
433,1670.42,2627.48
434,1670.42,2627.48
435,1670.42,2627.48
436,1670.42,2627.48
437,1670.42,2627.48
438,1670.42,2627.48
439,1670.42,2627.48
440,1670.42,2627.48
441,1670.42,2627.48
442,1670.42,2627.48
443,1670.42,2627.48
444,1670.42,2627.48
445,1670.42,2627.48
446,1670.42,2627.48
447,1670.42,2627.48
448,1670.42,2627.48
449,1670.42,2627.48
450,1670.42,2627.48
451,1670.42,2627.48
452,1670.42,2627.48
453,1670.42,2627.48
454,1670.42,2627.48
455,1670.42,2627.48
456,1670.42,2627.48
457,1670.13,2623.6
458,1669.94,2619.72
459,1669.66,2615.95
460,1669.37,2612.06
461,1669.18,2608.18
462,1668.89,2604.3
463,1668.61,2600.53
464,1668.42,2596.65
465,1668.13,2592.77
466,1669.27,2580.36
467,1670.42,2567.94
468,1671.66,2555.52
469,1672.8,2543.1
470,1673.94,2530.68
471,1675.09,2518.27
472,1676.23,2505.85
473,1677.37,2493.43
474,1678.61,2481.01
475,1679.76,2468.59
476,1680.9,2456.18
477,1687.28,2446.97
478,1693.76,2437.66
479,1700.15,2428.46
480,1706.53,2419.15
481,1713.01,2409.94
482,1719.39,2400.63
483,1725.77,2391.43
484,1732.25,2382.22
485,1738.64,2372.91
486,1745.12,2363.71
487,1751.5,2354.4
488,1757.88,2345.19
489,1764.36,2335.88
490,1770.75,2326.68
491,1782.08,2315.15
492,1793.52,2303.5
493,1804.86,2291.86
494,1816.19,2280.33
495,1827.63,2268.8
496,1838.97,2257.16
497,1850.4,2245.52
498,1861.74,2233.99
499,1873.08,2222.46
500,1884.51,2210.81
501,1895.85,2199.17
502,1907.28,2187.64
503,1918.62,2176.11
504,1929.96,2164.47
505,1941.39,2152.83
506,1952.73,2141.3
507,1961.3,2129.88
508,1969.88,2118.46
509,1978.45,2107.15
510,1987.03,2095.73
511,1995.6,2084.31
512,2004.18,2072.89
513,2012.75,2061.47
514,2021.33,2050.16
515,2029.9,2038.74
516,2038.48,2027.32
517,2038.86,2025.54
518,2039.15,2023.66
519,2039.53,2021.89
520,2039.81,2020.0
521,2040.19,2018.23
522,2040.48,2016.34
523,2040.86,2014.57
524,2041.15,2012.68
525,2041.53,2010.91
526,2041.81,2009.02
527,2042.19,2007.25
528,2042.48,2005.37
529,2042.86,2003.59
530,2043.15,2001.71
531,2043.53,1999.93
532,2043.81,1998.05
533,2044.19,1996.27
534,2044.48,1994.39
535,2044.86,1992.62
536,2045.15,1990.84
537,2045.53,1988.96
538,2045.81,1987.18
539,2046.2,1985.3
540,2046.48,1983.52
541,2046.86,1981.64
542,2047.15,1979.87
543,2047.53,1977.98
544,2047.82,1976.21
545,2048.2,1974.32
546,2048.48,1972.55
547,2048.86,1970.66
548,2049.15,1968.89
549,2049.53,1967.0
550,2049.82,1965.23
551,2050.2,1963.35
552,2050.48,1961.57
553,2050.86,1959.69
554,2051.15,1957.91
555,2051.53,1956.14
556,2051.82,1954.25
557,2052.2,1952.48
558,2052.48,1950.59
559,2052.87,1948.82
560,2053.15,1946.94
561,2053.53,1945.16
562,2053.82,1943.28
563,2054.2,1941.5
564,2054.48,1939.62
565,2054.87,1937.84
566,2055.15,1935.96
567,2055.53,1934.19
568,2055.82,1932.3
569,2056.2,1930.53
570,2056.49,1928.64
571,2056.87,1926.87
572,2057.15,1924.98
573,2057.53,1923.21
574,2057.91,1921.43
575,2058.2,1919.55
576,2058.58,1917.78
577,2058.87,1915.89
578,2059.25,1914.12
579,2059.53,1912.23
580,2059.92,1910.46
581,2060.2,1908.57
582,2060.58,1906.8
583,2060.87,1904.91
584,2061.25,1903.14
585,2061.54,1901.26
586,2061.92,1899.48
587,2062.2,1897.6
588,2062.58,1895.82
589,2062.87,1893.94
590,2063.25,1892.16
591,2063.54,1890.28
592,2063.92,1888.51
593,2064.2,1886.73
594,2064.58,1884.85
595,2064.87,1883.07
596,2065.25,1881.19
597,2065.54,1879.41
598,2065.92,1877.53
599,2066.2,1875.76
600,2066.59,1873.87
601,2066.87,1872.1
602,2067.25,1870.21
603,2067.54,1868.44
604,2067.92,1866.55
605,2068.21,1864.78
606,2068.59,1862.89
607,2068.87,1861.12
608,2069.25,1859.23
609,2069.54,1857.46
610,2069.92,1855.58
611,2070.21,1853.8
612,2070.59,1851.92
613,2070.87,1850.14
614,2071.25,1848.37
615,2071.54,1846.48
616,2071.92,1844.71
617,2072.21,1842.83
618,2072.59,1841.05
619,2072.87,1839.17
620,2073.25,1837.39
621,2073.54,1835.51
622,2073.92,1833.73
623,2074.21,1831.85
624,2074.59,1830.08
625,2074.87,1828.19
626,2075.26,1826.42
627,2075.54,1824.53
628,2075.92,1822.76
629,2076.21,1820.87
630,2076.59,1819.1
631,2076.88,1817.21
632,2077.26,1815.44
633,2077.64,1813.67
634,2077.92,1811.78
635,2078.3,1810.01
636,2078.59,1808.12
637,2078.97,1806.35
638,2079.26,1804.46
639,2079.64,1802.69
640,2079.92,1800.8
641,2080.31,1799.03
642,2080.59,1797.15
643,2080.97,1795.37
644,2081.26,1793.49
645,2081.64,1791.71
646,2081.93,1789.83
647,2082.31,1788.05
648,2082.59,1786.17
649,2082.97,1784.4
650,2083.26,1782.51
651,2083.64,1780.74
652,2083.93,1778.96
653,2084.31,1777.08
654,2084.59,1775.3
655,2084.97,1773.42
656,2085.26,1771.65
657,2085.64,1769.76
658,2085.93,1767.99
659,2086.31,1766.1
660,2086.59,1764.33
661,2086.97,1762.44
662,2087.26,1760.67
663,2087.64,1758.78
664,2087.93,1757.01
665,2088.31,1755.12
666,2088.59,1753.35
667,2088.98,1751.47
668,2089.26,1749.69
669,2089.64,1747.81
670,2089.93,1746.03
671,2090.31,1744.26
672,2090.6,1742.37
673,2090.98,1740.6
674,2091.26,1738.72
675,2091.64,1736.94
676,2091.93,1735.06
677,2092.31,1733.28
678,2092.6,1731.4
679,2092.98,1729.62
680,2093.26,1727.74
681,2093.64,1725.97
682,2093.93,1724.08
683,2094.31,1722.31
684,2094.6,1720.42
685,2094.98,1718.65
686,2095.26,1716.76
687,2095.65,1714.99
688,2095.93,1713.1
689,2096.31,1711.33
690,2096.31,1711.33
691,2096.31,1711.33
692,2096.31,1711.33
693,2096.31,1711.33
694,2096.31,1711.33
695,2096.31,1711.33
696,2096.31,1711.33
697,2096.31,1711.33
698,2096.31,1711.33
699,2096.31,1711.33
700,2096.31,1711.33
701,2096.31,1711.33
702,2096.31,1711.33
703,2096.31,1711.33
704,2096.31,1711.33
705,2096.31,1711.33
706,2096.31,1711.33
707,2096.31,1711.33
708,2096.31,1711.33
709,2096.31,1711.33
710,2096.31,1711.33
711,2096.31,1711.33
712,2096.31,1711.33
713,2096.31,1711.33
714,2096.31,1711.33
715,2096.31,1711.33
716,2096.31,1711.33
717,2096.31,1711.33
718,2096.31,1711.33
719,2096.31,1711.33
720,2096.31,1711.33
721,2096.31,1711.33
722,2096.31,1711.33
723,2096.31,1711.33
724,2096.31,1711.33
725,2096.31,1711.33
726,2096.31,1711.33
727,2096.31,1711.33
728,2096.31,1711.33
729,2096.31,1711.33
730,2096.31,1711.33
731,2096.31,1711.33
732,2096.31,1711.33
733,2096.31,1711.33
734,2096.31,1711.33
735,2096.31,1711.33
736,2096.31,1711.33
737,2096.31,1711.33
738,2096.31,1711.33
739,2096.31,1711.33
740,2096.31,1711.33
741,2096.31,1711.33
742,2096.31,1711.33
743,2096.31,1711.33
744,2096.31,1711.33
745,2096.31,1711.33
746,2096.31,1711.33
747,2096.31,1711.33
748,2096.31,1711.33
749,2096.31,1711.33
750,2096.31,1711.33
751,2096.31,1711.33
752,2096.31,1711.33
753,2096.31,1711.33
754,2096.31,1711.33
755,2096.31,1711.33
756,2096.31,1711.33
757,2096.31,1711.33
758,2096.31,1711.33
759,2096.31,1711.33
760,2096.31,1711.33
761,2096.31,1711.33
762,2096.12,1711.0
763,2096.03,1710.78
764,2095.84,1710.55
765,2095.65,1710.22
766,2095.55,1709.89
767,2095.36,1709.67
768,2095.17,1709.33
769,2094.98,1709.11
770,2094.88,1708.78
771,2094.69,1708.56
772,2094.79,1707.01
773,2094.88,1705.34
774,2094.98,1703.79
775,2095.07,1702.24
776,2095.17,1700.69
777,2095.26,1699.02
778,2095.36,1697.47
779,2095.45,1695.92
780,2095.55,1694.26
781,2095.65,1692.7
782,2100.6,1692.81
783,2105.55,1692.92
784,2110.51,1693.04
785,2115.46,1693.15
786,2120.42,1693.26
787,2124.9,1693.48
788,2129.37,1693.81
789,2133.85,1694.03
790,2138.33,1694.37
791,2142.71,1694.59
792,2147.19,1694.81
793,2151.67,1695.14
794,2156.15,1695.36
795,2160.62,1695.7
796,2165.1,1695.92
797,2169.58,1696.14
798,2174.06,1696.47
799,2178.54,1696.69
800,2183.02,1697.03
801,2187.4,1697.25
802,2191.88,1697.47
803,2196.35,1697.8
804,2200.83,1698.03
805,2205.31,1698.36
806,2209.79,1698.58
807,2210.07,1698.69
808,2210.26,1698.69
809,2210.55,1698.8
810,2210.84,1698.91
811,2211.12,1699.02
812,2211.31,1699.02
813,2211.6,1699.13
814,2211.88,1699.24
815,2212.17,1699.36
816,2212.36,1699.36
817,2212.65,1699.47
