266,2749.06,32.93
267,2740.58,28.16
268,2732.2,23.28
269,2723.72,18.52
270,2723.62,18.96
271,2723.43,19.51
272,2723.34,19.96
273,2723.15,20.51
274,2723.05,20.96
275,2722.86,21.51
276,2722.77,21.95
277,2722.58,22.51
278,2722.48,22.95
279,2722.29,23.51
280,2722.19,23.95
281,2722.0,24.5
282,2721.91,24.95
283,2721.72,25.39
284,2721.62,25.94
285,2721.43,26.39
286,2721.34,26.94
287,2721.15,27.39
288,2721.05,27.94
289,2720.86,28.38
290,2720.77,28.94
291,2720.58,29.38
292,2720.48,29.94
293,2720.29,30.38
294,2720.19,30.82
295,2720.0,31.38
296,2719.91,31.82
297,2719.72,32.38
298,2719.62,32.82
299,2719.43,33.37
300,2719.34,33.82
301,2719.15,34.37
302,2719.05,34.81
303,2718.86,35.37
304,2718.76,35.81
305,2718.57,36.37
306,2718.48,36.81
307,2718.29,37.25
308,2718.19,37.81
309,2718.0,38.25
310,2717.91,38.81
311,2717.72,39.25
312,2717.62,39.8
313,2717.43,40.25
314,2717.34,40.8
315,2717.15,41.24
316,2717.05,41.8
317,2716.86,42.24
318,2716.76,42.8
319,2716.57,43.24
320,2716.48,43.68
321,2716.29,44.24
322,2716.19,44.68
323,2716.0,45.24
324,2715.91,45.68
325,2715.72,46.23
326,2715.62,46.68
327,2715.43,47.23
328,2715.33,47.68
329,2715.14,48.23
330,2715.05,48.67
331,2714.86,49.12
332,2714.76,49.67
333,2714.57,50.11
334,2714.48,50.67
335,2714.29,51.11
336,2714.19,51.67
337,2714.0,52.11
338,2713.91,52.66
339,2713.72,53.11
340,2713.62,53.66
341,2713.43,54.11
342,2713.33,54.66
343,2713.14,55.1
344,2713.05,55.55
345,2712.86,56.1
346,2712.76,56.55
347,2712.57,57.1
348,2712.48,57.54
349,2712.29,58.1
350,2712.19,58.54
351,2712.0,59.1
352,2711.9,59.54
353,2711.71,60.09
354,2711.62,60.54
355,2711.43,60.98
356,2711.33,61.53
357,2711.14,61.98
358,2711.05,62.53
359,2710.86,62.98
360,2710.76,63.53
361,2710.57,63.97
362,2710.48,64.53
363,2710.29,64.97
364,2710.19,65.53
365,2710.0,65.97
366,2709.9,66.52
367,2709.71,66.97
368,2709.62,67.41
369,2709.43,67.97
370,2709.33,68.41
371,2709.14,68.96
372,2709.05,69.41
373,2708.86,69.96
374,2708.76,70.4
375,2708.57,70.96
376,2708.47,71.4
377,2708.28,71.96
378,2708.19,72.4
379,2708.0,72.95
380,2707.9,73.4
381,2707.71,73.84
382,2707.62,74.4
383,2707.43,74.84
384,2707.33,75.39
385,2707.14,75.84
386,2707.05,76.39
387,2706.86,76.84
388,2706.76,77.39
389,2706.57,77.83
390,2706.47,78.39
391,2706.38,78.83
392,2706.19,79.27
393,2706.09,79.83
394,2705.9,80.27
395,2705.81,80.83
396,2705.62,81.27
397,2705.52,81.82
398,2705.33,82.27
399,2705.24,82.82
400,2705.04,83.27
401,2704.95,83.82
402,2704.76,84.26
403,2704.66,84.82
404,2704.47,85.26
405,2704.38,85.71
406,2704.19,86.26
407,2704.09,86.7
408,2703.9,87.26
409,2703.81,87.7
410,2703.62,88.26
411,2703.52,88.7
412,2703.33,89.25
413,2703.23,89.7
414,2703.04,90.25
415,2702.95,90.69
416,2702.76,91.25
417,2702.66,91.69
418,2702.47,92.14
419,2702.38,92.69
420,2702.19,93.13
421,2702.09,93.69
422,2701.9,94.13
423,2701.81,94.69
424,2701.61,95.13
425,2701.52,95.68
426,2701.33,96.13
427,2701.23,96.68
428,2701.04,97.13
429,2700.95,97.57
430,2700.76,98.12
431,2700.66,98.57
432,2700.47,99.12
433,2700.38,99.56
434,2700.19,100.12
435,2700.09,100.56
436,2699.9,101.12
437,2699.8,101.56
438,2699.61,102.11
439,2699.52,102.56
440,2699.33,103.11
441,2699.23,103.56
442,2699.04,104.0
443,2698.95,104.55
444,2698.76,105.0
445,2698.66,105.55
446,2698.47,105.99
447,2698.38,106.55
448,2698.18,106.99
449,2698.09,107.55
450,2697.9,107.99
451,2697.8,108.54
452,2697.61,108.99
453,2697.52,109.43
454,2697.33,109.99
455,2697.23,110.43
456,2697.04,110.98
457,2696.95,111.43
458,2696.76,111.98
459,2696.66,112.43
460,2696.47,112.98
461,2696.37,113.42
462,2696.18,113.98
463,2696.09,114.42
464,2695.9,114.98
465,2695.8,115.42
466,2695.61,115.86
467,2695.52,116.42
468,2695.33,116.86
469,2695.23,117.41
470,2695.04,117.86
471,2694.95,118.41
472,2694.75,118.86
473,2694.66,119.41
474,2694.47,119.85
475,2694.37,120.41
476,2694.18,120.85
477,2694.09,121.41
478,2693.9,121.85
479,2693.8,122.29
480,2693.61,122.85
481,2693.52,123.29
482,2693.33,123.85
483,2693.23,124.29
484,2693.04,124.84
485,2692.94,125.29
486,2692.75,125.84
487,2692.66,126.28
488,2692.47,126.84
489,2692.37,127.28
490,2692.18,127.73
491,2692.09,128.28
492,2691.9,128.72
493,2691.8,129.28
494,2691.61,129.72
495,2691.52,130.28
496,2691.32,130.72
497,2691.23,131.27
498,2691.04,131.72
499,2690.94,132.27
500,2690.75,132.72
501,2690.66,133.27
502,2690.47,133.71
503,2690.37,134.16
504,2690.18,134.71
505,2690.09,135.15
506,2689.9,135.71
507,2689.8,136.15
508,2689.61,136.71
509,2689.51,137.15
510,2689.42,137.7
511,2689.23,138.15
512,2689.13,138.7
513,2688.94,139.15
514,2688.85,139.7
515,2688.66,140.14
516,2688.56,140.59
517,2688.37,141.14
518,2688.28,141.59
519,2688.09,142.14
520,2687.99,142.58
521,2687.8,143.14
522,2687.7,143.58
523,2687.51,144.14
524,2687.42,144.58
525,2687.23,145.13
526,2687.13,145.58
527,2686.94,146.02
528,2686.85,146.57
529,2686.66,147.02
530,2686.56,147.57
531,2686.37,148.02
532,2686.28,148.57
533,2686.08,149.01
534,2685.99,149.57
535,2685.8,150.01
536,2685.7,150.57
537,2685.51,151.01
538,2685.42,151.56
539,2685.23,152.01
540,2685.13,152.45
541,2684.94,153.01
542,2684.85,153.45
543,2684.66,154.0
544,2684.56,154.45
545,2684.37,155.0
546,2684.27,155.44
547,2684.08,156.0
548,2683.99,156.44
549,2683.8,157.0
550,2683.7,157.44
551,2683.51,157.99
552,2683.42,158.44
553,2683.23,158.88
554,2683.13,159.44
555,2682.94,159.88
556,2682.85,160.43
557,2682.65,160.88
558,2682.56,161.43
559,2682.37,161.88
560,2682.27,162.43
561,2682.08,162.87
562,2681.99,163.43
563,2681.8,163.87
564,2681.7,164.31
565,2681.51,164.87
566,2681.42,165.31
567,2681.23,165.87
568,2681.13,166.31
569,2680.94,166.86
570,2680.84,167.31
571,2680.65,167.86
572,2680.56,168.31
573,2680.37,168.86
574,2680.27,169.3
575,2680.08,169.86
576,2679.99,170.3
577,2679.8,170.74
578,2679.7,171.3
579,2679.51,171.74
580,2679.41,172.3
581,2679.22,172.74
582,2679.13,173.3
583,2678.94,173.74
584,2678.84,174.29
585,2678.65,174.74
586,2678.56,175.29
587,2678.37,175.73
588,2678.27,176.18
589,2678.08,176.73
590,2677.99,177.18
591,2677.8,177.73
592,2677.7,178.17
593,2677.51,178.73
594,2677.41,179.17
595,2677.22,179.73
596,2677.13,180.17
597,2676.94,180.72
598,2676.84,181.17
599,2676.65,181.72
600,2676.56,182.16
601,2676.37,182.61
602,2676.27,183.16
603,2676.08,183.61
604,2675.98,184.16
605,2675.79,184.6
606,2675.7,185.16
607,2675.51,185.6
608,2675.41,186.16
609,2675.22,186.6
610,2675.13,187.15
611,2674.94,187.6
612,2674.84,188.15
613,2674.65,188.6
614,2674.56,189.04
615,2674.37,189.59
616,2674.27,190.04
617,2674.08,190.59
618,2673.98,191.03
619,2673.79,191.59
620,2673.7,192.03
621,2673.51,192.59
622,2673.41,193.03
623,2673.22,193.58
624,2673.13,194.03
625,2672.94,194.47
626,2672.84,195.03
627,2672.65,195.47
628,2672.55,196.02
629,2672.36,196.47
630,2672.27,197.02
631,2672.17,197.47
632,2671.98,198.02
633,2671.89,198.46
634,2671.7,199.02
635,2671.6,199.46
636,2671.41,200.02
637,2671.32,200.46
638,2671.13,200.9
639,2671.03,201.46
640,2670.84,201.9
641,2670.74,202.45
642,2670.55,202.9
643,2670.46,203.45
644,2670.27,203.9
645,2670.17,204.45
646,2669.98,204.89
647,2669.89,205.45
648,2669.7,205.89
649,2669.6,206.45
650,2669.41,206.89
651,2669.32,207.33
652,2669.12,207.89
653,2669.03,208.33
654,2668.84,208.89
655,2668.74,209.33
656,2668.55,209.88
657,2668.46,210.33
658,2668.27,210.88
659,2668.17,211.32
660,2667.98,211.88
661,2667.89,212.32
662,2667.7,212.77
663,2667.6,213.32
664,2667.41,213.76
665,2667.31,214.32
666,2667.12,214.76
667,2667.03,215.32
668,2666.84,215.76
669,2666.74,216.31
670,2666.55,216.76
671,2666.46,217.31
672,2666.27,217.76
673,2666.17,218.31
674,2665.98,218.75
675,2665.89,219.2
676,2665.69,219.75
677,2665.6,220.19
678,2665.41,220.75
679,2665.31,221.19
680,2665.12,221.75
681,2665.03,222.19
682,2664.84,222.74
683,2664.74,223.19
684,2664.55,223.74
685,2664.46,224.19
686,2664.27,224.74
687,2664.17,225.18
688,2663.98,225.63
689,2663.88,226.18
690,2663.69,226.63
691,2663.6,227.18
692,2663.41,227.62
693,2663.31,228.18
694,2663.12,228.62
695,2663.03,229.18
696,2662.84,229.62
697,2662.74,230.17
698,2662.55,230.62
699,2662.46,231.06
700,2662.26,231.61
701,2662.17,232.06
702,2661.98,232.61
703,2661.88,233.06
704,2661.69,233.61
705,2661.6,234.05
706,2661.41,234.61
707,2661.31,235.05
708,2661.12,235.61
709,2661.03,236.05
710,2660.84,236.6
711,2660.74,237.05
712,2660.55,237.49
713,2660.45,238.05
714,2660.26,238.49
715,2660.17,239.04
716,2659.98,239.49
717,2659.88,240.04
718,2659.69,240.48
719,2659.6,241.04
720,2659.41,241.48
721,2659.31,242.04
722,2659.12,242.48
723,2659.03,242.92
724,2658.83,243.48
725,2658.74,243.92
726,2658.55,244.48
727,2658.45,244.92
728,2658.26,245.47
729,2658.17,245.92
730,2657.98,246.47
731,2657.88,246.91
732,2657.69,247.47
733,2657.6,247.91
734,2657.41,248.47
735,2657.31,248.91
736,2657.12,249.35
737,2657.02,249.91
738,2656.83,250.35
739,2656.74,250.91
740,2656.55,251.35
741,2656.45,251.9
742,2656.26,252.35
743,2656.17,252.9
744,2655.98,253.35
745,2655.88,253.9
746,2655.69,254.34
747,2655.6,254.9
748,2655.4,255.34
749,2655.31,255.78
750,2655.21,256.34
751,2655.02,256.78
752,2654.93,257.34
753,2654.74,257.78
754,2654.64,258.33
755,2654.45,258.78
756,2654.36,259.33
757,2654.17,259.78
758,2654.07,260.33
759,2653.88,260.77
760,2653.79,261.22
761,2653.59,261.77
762,2653.5,262.22
763,2653.31,262.77
764,2653.21,263.21
765,2653.02,263.77
766,2652.93,264.21
767,2652.74,264.77
768,2652.64,265.21
769,2652.45,265.76
770,2652.36,266.21
771,2652.17,266.76
772,2652.07,267.2
773,2651.88,267.65
774,2651.78,268.2
775,2651.59,268.65
776,2651.5,269.2
777,2651.31,269.64
778,2651.21,270.2
779,2651.02,270.64
780,2650.93,271.2
781,2650.74,271.64
782,2650.64,272.19
783,2650.45,272.64
784,2650.36,273.19
785,2650.16,273.64
786,2650.07,274.08
787,2649.88,274.63
788,2649.78,275.08
789,2649.59,275.63
790,2649.5,276.07
791,2649.31,276.63
792,2649.21,277.07
793,2649.02,277.63
794,2648.93,278.07
795,2648.74,278.62
796,2648.64,279.07
797,2648.45,279.51
798,2648.35,280.07
799,2648.16,280.51
800,2648.07,281.06
801,2647.88,281.51
802,2647.78,282.06
803,2647.59,282.51
804,2647.5,283.06
805,2647.31,283.5
806,2647.21,284.06
807,2647.02,284.5
808,2646.93,285.06
809,2646.73,285.5
810,2646.64,285.94
811,2646.45,286.5
812,2646.35,286.94
813,2646.16,287.49
814,2646.07,287.94
815,2645.88,288.49
816,2645.78,288.94
817,2645.59,289.49
818,2645.5,289.93
819,2645.31,290.49
820,2645.21,290.93
821,2645.02,291.38
822,2644.92,291.93
823,2644.73,292.37
824,2644.64,292.93
825,2644.45,293.37
826,2644.35,293.93
827,2644.16,294.37
828,2644.07,294.92
829,2643.88,295.37
830,2643.78,295.92
831,2643.59,296.36
832,2643.5,296.92
833,2643.3,297.36
834,2643.21,297.81
835,2643.02,298.36
836,2642.92,298.8
837,2642.73,299.36
838,2642.64,299.8
839,2642.45,300.36
840,2642.35,300.8
841,2642.16,301.35
842,2642.07,301.8
843,2641.88,302.35
844,2641.78,302.8
845,2641.59,303.35
846,2641.49,303.79
847,2641.3,304.24
848,2641.21,304.79
849,2641.02,305.23
850,2640.92,305.79
851,2640.73,306.23
852,2640.64,306.79
853,2640.45,307.23
854,2640.35,307.78
855,2640.16,308.23
856,2640.07,308.78
857,2639.87,309.23
858,2639.78,309.67
859,2639.59,310.22
860,2639.49,310.67
861,2639.3,311.22
862,2639.21,311.66
863,2639.02,312.22
864,2638.92,312.66
865,2638.73,313.22
866,2638.64,313.66
867,2638.45,314.22
868,2638.35,314.66
869,2638.16,315.21
870,2638.06,315.66
871,2638.92,320.53
872,2639.87,325.3
873,2640.73,330.18
874,2641.59,335.06
875,2640.83,339.49
876,2640.73,340.27
877,2640.54,340.94
878,2640.45,341.71
879,2640.26,342.38
880,2640.16,343.15
881,2640.07,343.93
882,2639.87,344.59
883,2639.78,345.37
884,2639.59,346.04
885,2639.49,346.81
886,2638.83,348.47
887,2638.25,350.03
888,2637.59,351.69
889,2636.92,353.35
890,2636.35,354.91
891,2635.68,356.57
892,2635.02,358.23
893,2634.44,359.78
894,2633.78,361.45
895,2631.39,369.65
896,2629.01,377.86
897,2626.73,385.95
898,2624.34,394.15
899,2621.96,402.36
900,2619.58,410.56
901,2617.2,418.77
902,2614.91,426.86
903,2612.53,435.07
904,2610.15,443.27
905,2608.15,450.37
906,2606.05,457.57
907,2603.95,464.78
908,2601.95,471.88
909,2599.86,479.08
910,2597.86,486.18
911,2595.86,493.28
912,2593.76,500.48
913,2591.66,507.69
914,2589.66,514.78
915,2589.38,515.78
916,2589.09,516.67
917,2588.81,517.67
918,2588.42,518.55
919,2588.14,519.55
920,2587.85,520.55
921,2587.57,521.44
922,2587.28,522.44
923,2587.0,523.32
924,2586.71,524.32
925,2586.33,525.32
926,2586.04,526.2
927,2585.76,527.2
928,2585.47,528.09
929,2585.18,529.09
930,2584.9,530.09
931,2584.52,530.97
932,2584.23,531.97
933,2583.95,532.86
934,2583.66,533.86
935,2583.66,533.86
936,2583.66,533.86
937,2583.66,533.86
938,2583.66,533.86
939,2583.66,533.86
940,2583.66,533.86
941,2583.66,533.86
942,2583.66,533.86
943,2583.66,533.86
944,2583.66,533.86
945,2583.66,533.86
