288,2374.33,146.35
289,2368.71,163.76
290,2363.0,181.17
291,2357.37,198.57
292,2351.75,215.98
293,2346.13,233.39
294,2340.41,250.8
295,2334.79,268.2
296,2329.17,285.61
297,2323.46,303.02
298,2317.83,320.42
299,2311.45,340.27
300,2304.97,360.01
301,2298.59,379.74
302,2292.11,399.59
303,2285.73,419.32
304,2279.34,439.17
305,2272.86,459.02
306,2266.48,478.75
307,2260.0,498.49
308,2253.62,518.33
309,2245.23,535.41
310,2236.85,552.37
311,2228.46,569.45
312,2220.08,586.41
313,2211.69,603.48
314,2203.31,620.56
315,2194.93,637.52
316,2186.54,654.6
317,2178.16,671.56
318,2169.77,688.63
319,2161.39,705.71
320,2153.0,722.67
321,2144.62,739.75
322,2136.23,756.71
323,2127.85,773.79
324,2119.46,790.86
325,2111.08,807.82
326,2102.7,824.9
327,2094.31,841.86
328,2085.93,858.94
329,2078.69,875.01
330,2071.44,891.09
331,2064.3,907.17
332,2057.06,923.24
333,2049.82,939.32
334,2042.58,955.51
335,2035.33,971.58
336,2028.19,987.66
337,2020.95,1003.74
338,2013.71,1019.81
339,2012.28,1036.67
340,2010.94,1053.63
341,2009.51,1070.59
342,2008.08,1087.45
343,2006.75,1104.41
344,2005.32,1121.26
345,2007.89,1136.23
346,2010.56,1151.31
347,2013.13,1166.28
348,2015.71,1181.36
349,2018.28,1196.32
350,2020.95,1211.29
351,2023.52,1226.37
352,2026.09,1241.34
353,2028.76,1256.42
354,2031.33,1271.38
355,2034.38,1284.47
356,2037.33,1297.44
357,2040.38,1310.41
358,2043.43,1323.5
359,2046.39,1336.58
360,2049.44,1349.55
361,2052.48,1362.52
362,2055.53,1375.61
363,2058.49,1388.69
364,2061.54,1401.66
365,2062.87,1407.2
366,2064.11,1412.75
367,2065.44,1418.18
368,2066.68,1423.72
369,2068.01,1429.27
370,2069.35,1434.81
371,2070.59,1440.36
372,2071.92,1445.79
373,2073.25,1451.33
374,2074.49,1456.88
375,2075.83,1462.42
376,2077.07,1467.96
377,2078.4,1473.51
378,2079.73,1478.94
379,2080.97,1484.48
380,2082.31,1490.03
381,2083.64,1495.57
382,2084.88,1501.11
383,2086.21,1506.55
384,2087.45,1512.09
385,2088.79,1517.63
386,2095.74,1547.79
387,2102.79,1578.06
388,2109.84,1608.22
389,2116.8,1638.38
390,2119.18,1659.0
391,2121.66,1679.62
392,2124.04,1700.24
393,2126.52,1720.87
394,2128.9,1741.49
395,2131.28,1762.11
396,2133.76,1782.73
397,2136.14,1803.35
398,2134.23,1814.55
399,2132.42,1825.75
400,2130.52,1836.95
401,2128.61,1848.15
402,2126.71,1859.35
403,2124.9,1870.54
404,2122.99,1881.74
405,2121.08,1892.94
406,2119.27,1904.14
407,2117.37,1915.34
408,2113.37,1925.98
409,2109.46,1936.74
410,2105.46,1947.38
411,2101.55,1958.02
412,2097.55,1968.78
413,2093.55,1979.42
414,2089.64,1990.07
415,2085.64,2000.71
416,2081.73,2011.46
417,2077.73,2022.11
418,2069.92,2033.97
419,2062.2,2045.72
420,2054.39,2057.48
421,2046.58,2069.34
422,2038.76,2081.09
423,2031.05,2092.96
424,2023.23,2104.82
425,2015.42,2116.57
426,2007.7,2128.32
427,1999.89,2140.19
428,2002.65,2148.06
429,2005.51,2156.04
430,2008.27,2163.91
431,2011.13,2171.79
432,2013.9,2179.77
433,2016.75,2187.64
434,2019.52,2195.62
435,2022.38,2203.5
436,2025.14,2211.37
437,2028.0,2219.35
438,2030.76,2227.22
439,2033.52,2235.1
440,2036.38,2243.08
441,2039.15,2250.95
442,2042.0,2258.82
443,2044.77,2266.81
444,2047.62,2274.68
445,2050.39,2282.66
446,2053.25,2290.53
447,2056.01,2298.4
448,2058.87,2306.39
449,2061.63,2314.26
450,2068.87,2317.7
451,2076.02,2321.13
452,2083.26,2324.68
453,2090.5,2328.12
454,2097.65,2331.56
455,2104.89,2334.99
456,2112.13,2338.43
457,2119.37,2341.98
458,2126.52,2345.41
459,2133.76,2348.85
460,2139.47,2351.85
461,2145.19,2354.84
462,2150.91,2357.83
463,2156.62,2360.83
464,2162.34,2363.82
465,2168.06,2366.81
466,2173.77,2369.81
467,2179.49,2372.8
468,2185.21,2375.79
469,2190.92,2378.79
470,2198.45,2382.89
471,2205.88,2386.99
472,2213.41,2391.21
473,2220.94,2395.31
474,2228.46,2399.41
475,2235.89,2403.51
476,2243.42,2407.61
477,2250.95,2411.83
478,2258.38,2415.93
479,2265.91,2420.03
480,2278.48,2426.46
481,2290.97,2432.78
482,2303.54,2439.1
483,2316.02,2445.53
484,2328.6,2451.96
485,2341.18,2458.28
486,2353.66,2464.71
487,2366.24,2471.03
488,2378.72,2477.35
489,2391.29,2483.78
490,2403.58,2491.77
491,2415.88,2499.64
492,2428.17,2507.62
493,2440.46,2515.49
494,2452.75,2523.48
495,2465.04,2531.46
496,2477.33,2539.33
497,2489.62,2547.31
498,2501.91,2555.19
499,2514.2,2563.17
500,2526.49,2571.15
501,2538.69,2579.02
502,2550.98,2587.01
503,2563.27,2594.88
504,2575.56,2602.86
505,2587.85,2610.73
506,2600.14,2618.72
507,2612.43,2626.7
508,2624.73,2634.57
509,2637.02,2642.56
510,2649.31,2650.43
511,2661.6,2658.41
512,2675.6,2667.28
513,2689.61,2676.15
514,2703.62,2684.91
515,2717.62,2693.78
516,2731.53,2702.65
517,2745.54,2711.52
518,2759.54,2720.28
519,2773.55,2729.15
520,2783.65,2735.25
521,2793.65,2741.34
522,2803.75,2747.33
523,2813.85,2753.43
524,2823.86,2759.53
525,2833.96,2765.62
526,2844.06,2771.72
527,2854.16,2777.71
528,2864.16,2783.81
529,2874.26,2789.91
530,2881.98,2794.56
531,2889.6,2799.11
532,2897.32,2803.76
533,2904.94,2808.42
534,2912.66,2813.08
535,2920.37,2817.62
536,2928.0,2822.28
537,2935.71,2826.94
538,2943.34,2831.48
539,2951.05,2836.14
540,2957.44,2839.8
541,2963.92,2843.46
542,2970.3,2847.12
543,2976.68,2850.66
544,2983.07,2854.32
545,2989.55,2857.98
546,2995.93,2861.64
547,3002.31,2865.3
548,3008.7,2868.96
549,3015.18,2872.62
550,3021.56,2876.28
551,3027.94,2879.82
552,3034.33,2883.48
553,3040.81,2887.14
554,3047.19,2890.8
555,3056.34,2895.35
556,3065.39,2899.89
557,3074.53,2904.44
558,3083.59,2909.09
559,3092.73,2913.64
560,3101.78,2918.19
561,3110.93,2922.73
562,3119.98,2927.28
563,3129.13,2931.82
564,3138.18,2936.37
565,3147.33,2940.92
566,3156.38,2945.57
567,3165.52,2950.12
568,3174.58,2954.66
569,3183.72,2959.21
570,3187.92,2960.76
571,3192.2,2962.2
572,3196.39,2963.76
573,3200.59,2965.31
574,3204.78,2966.86
575,3209.07,2968.3
576,3213.26,2969.85
577,3217.45,2971.41
578,3221.74,2972.85
579,3225.93,2974.4
580,3232.22,2975.51
581,3238.51,2976.51
582,3244.89,2977.5
583,3251.18,2978.61
584,3257.47,2979.72
585,3263.76,2980.72
586,3270.04,2981.72
587,3276.43,2982.83
588,3282.72,2983.82
589,3289.01,2984.93
590,3301.39,2985.93
591,3313.78,2987.04
592,3326.26,2988.04
593,3338.65,2989.15
594,3351.03,2990.14
595,3363.42,2991.25
596,3375.8,2992.36
597,3388.29,2993.36
598,3400.67,2994.36
599,3413.06,2995.46
600,3426.4,2993.25
601,3439.74,2991.14
602,3453.07,2988.92
603,3466.41,2986.71
604,3479.85,2984.6
605,3493.19,2982.38
606,3506.53,2980.16
607,3519.86,2977.95
608,3533.2,2975.84
609,3546.54,2973.62
610,3549.31,2973.18
611,3551.97,2972.63
612,3554.74,2972.18
613,3557.5,2971.74
614,3560.17,2971.18
615,3562.93,2970.74
616,3565.69,2970.19
617,3568.36,2969.74
618,3571.12,2969.3
619,3573.89,2968.74
620,3576.65,2968.3
621,3579.32,2967.86
622,3582.08,2967.3
623,3584.84,2966.86
624,3587.51,2966.31
625,3590.28,2965.86
626,3593.04,2965.42
627,3595.71,2964.86
628,3598.47,2964.42
