289,2386.72,105.11
290,2381.19,122.4
291,2375.76,139.81
292,2370.24,157.11
293,2364.71,174.51
294,2359.28,191.81
295,2353.75,209.11
296,2348.23,226.51
297,2342.7,243.81
298,2337.27,261.22
299,2331.74,278.51
300,2326.12,295.92
301,2320.6,313.33
302,2314.98,330.74
303,2309.45,348.14
304,2303.83,365.55
305,2298.21,383.07
306,2292.68,400.47
307,2287.06,417.88
308,2281.53,435.29
309,2275.91,452.7
310,2267.05,471.77
311,2258.19,490.84
312,2249.33,510.02
313,2240.47,529.09
314,2231.61,548.16
315,2222.75,567.23
316,2213.89,586.3
317,2205.02,605.48
318,2196.16,624.55
319,2187.3,643.62
320,2178.54,662.69
321,2169.68,681.76
322,2160.82,700.94
323,2151.95,720.01
324,2143.09,739.08
325,2134.23,758.15
326,2125.37,777.22
327,2116.51,796.4
328,2107.65,815.47
329,2098.79,834.54
330,2090.4,851.84
331,2081.93,869.14
332,2073.54,886.32
333,2065.16,903.62
334,2056.77,920.91
335,2048.29,938.21
336,2039.91,955.51
337,2031.52,972.69
338,2023.04,989.99
339,2014.66,1007.28
340,2012.75,1023.36
341,2010.85,1039.33
342,2008.94,1055.4
343,2007.04,1071.37
344,2005.13,1087.45
345,2003.23,1103.41
346,2001.32,1119.49
347,2002.75,1128.03
348,2004.18,1136.67
349,2005.61,1145.21
350,2007.04,1153.75
351,2008.37,1162.29
352,2009.8,1170.82
353,2011.23,1179.47
354,2012.66,1188.01
355,2014.09,1196.55
356,2015.52,1205.19
357,2016.95,1213.73
358,2018.28,1222.27
359,2019.71,1230.8
360,2021.14,1239.34
361,2022.57,1247.99
362,2024.0,1256.53
363,2031.24,1286.57
364,2038.48,1316.62
365,2045.72,1346.67
366,2052.96,1376.71
367,2055.15,1387.47
368,2057.44,1398.22
369,2059.63,1408.98
370,2061.82,1419.73
371,2064.11,1430.49
372,2066.3,1441.35
373,2068.49,1452.11
374,2070.78,1462.86
375,2072.97,1473.62
376,2075.16,1484.37
377,2077.45,1495.13
378,2079.64,1505.88
379,2081.83,1516.64
380,2084.12,1527.39
381,2086.31,1538.15
382,2088.5,1548.9
383,2090.69,1559.66
384,2092.98,1570.52
385,2095.17,1581.28
386,2097.36,1592.03
387,2099.65,1602.78
388,2101.84,1613.54
389,2104.03,1624.29
390,2106.32,1635.05
391,2108.51,1645.8
392,2110.7,1656.56
393,2112.99,1667.31
394,2115.18,1678.07
395,2117.37,1688.93
396,2119.66,1699.69
397,2121.85,1710.44
398,2124.04,1721.2
399,2126.32,1731.95
400,2128.52,1742.71
401,2128.23,1762.89
402,2128.23,1768.76
403,2128.23,1774.75
404,2128.23,1780.63
405,2127.75,1786.95
406,2127.18,1793.27
407,2126.71,1799.59
408,2126.13,1805.9
409,2125.66,1812.22
410,2125.18,1818.54
411,2124.61,1824.86
412,2124.13,1831.18
413,2123.56,1837.5
414,2123.09,1843.82
415,2122.61,1845.38
416,2122.13,1846.82
417,2121.66,1848.37
418,2121.18,1849.81
419,2120.7,1851.36
420,2120.23,1852.8
421,2119.75,1854.36
422,2119.27,1855.8
423,2118.8,1857.35
424,2118.23,1858.79
425,2117.75,1860.34
426,2117.27,1861.79
427,2116.8,1863.34
428,2116.32,1864.78
429,2115.84,1866.33
430,2115.37,1867.77
431,2114.89,1869.32
432,2114.41,1870.77
433,2113.94,1872.32
434,2113.46,1873.76
435,2112.99,1875.31
436,2112.51,1876.75
437,2112.03,1878.31
438,2111.56,1879.75
439,2111.08,1881.3
440,2110.6,1882.74
441,2110.13,1884.29
442,2109.56,1885.73
443,2109.08,1887.29
444,2108.6,1888.73
445,2108.13,1890.28
446,2107.65,1891.72
447,2107.17,1893.27
448,2106.7,1894.71
449,2106.22,1896.27
450,2105.74,1897.71
451,2105.27,1899.26
452,2104.79,1900.81
453,2104.32,1902.25
454,2103.84,1903.81
455,2103.36,1905.25
456,2102.89,1906.8
457,2102.41,1908.24
458,2101.93,1909.79
459,2101.46,1911.23
460,2100.98,1912.79
461,2100.41,1914.23
462,2099.93,1915.78
463,2099.46,1917.22
464,2098.98,1918.77
465,2098.5,1920.22
466,2098.03,1921.77
467,2097.55,1923.21
468,2097.07,1924.76
469,2096.6,1926.2
470,2096.12,1927.75
471,2095.65,1929.2
472,2095.17,1930.75
473,2094.69,1932.19
474,2094.22,1933.74
475,2093.74,1935.18
476,2093.26,1936.74
477,2092.79,1938.18
478,2092.31,1939.73
479,2091.74,1941.17
480,2091.26,1942.72
481,2090.79,1944.16
482,2090.31,1945.72
483,2089.83,1947.16
484,2089.36,1948.71
485,2088.88,1950.15
486,2088.4,1951.7
487,2087.93,1953.14
488,2087.45,1954.7
489,2086.97,1956.25
490,2086.5,1957.69
491,2086.02,1959.24
492,2085.55,1960.68
493,2085.07,1962.24
494,2084.59,1963.68
495,2084.12,1965.23
496,2083.64,1966.67
497,2083.16,1968.22
498,2082.59,1969.66
499,2082.12,1971.22
500,2081.64,1972.66
501,2081.16,1974.21
502,2080.69,1975.65
503,2080.21,1977.2
504,2079.73,1978.65
505,2079.26,1980.2
506,2078.78,1981.64
507,2078.3,1983.19
508,2077.83,1984.63
509,2077.35,1986.18
510,2076.88,1987.63
511,2076.4,1989.18
512,2075.92,1990.62
513,2075.45,1992.17
514,2074.97,1993.61
515,2074.49,1995.17
516,2073.92,1996.61
517,2073.45,1998.16
518,2072.97,1999.6
519,2072.49,2001.15
520,2072.02,2002.59
521,2071.54,2004.15
522,2071.06,2005.59
523,2070.59,2007.14
524,2070.11,2008.58
525,2069.63,2010.13
526,1792.66,2339.65
527,1683.85,2624.59
528,1639.74,3165.99
529,1635.26,3193.15
530,1630.78,3220.32
531,1626.3,3247.48
532,1621.83,3274.64
533,1617.35,3301.81
534,1612.87,3328.97
535,1606.39,3347.38
536,1599.91,3365.89
537,1593.43,3384.3
538,1586.95,3402.7
539,1580.38,3421.22
540,1573.9,3439.62
541,1567.42,3458.03
542,1560.94,3476.54
543,1554.46,3494.95
544,1547.03,3509.58
545,1539.6,3524.22
546,1532.26,3538.86
547,1524.83,3553.49
548,1517.4,3568.13
549,1509.97,3582.76
550,1502.54,3597.4
551,1495.2,3612.03
552,1487.77,3626.67
553,1480.34,3641.3
554,1475.1,3653.61
555,1469.95,3666.03
556,1464.71,3678.33
557,1459.47,3690.64
558,1454.23,3703.06
559,1449.09,3715.37
560,1443.85,3727.67
561,1438.61,3739.98
562,1433.46,3752.4
563,1428.22,3764.7
564,1422.98,3777.01
565,1417.84,3789.43
566,1412.6,3801.74
567,1407.36,3814.04
568,1402.11,3826.46
569,1396.97,3838.77
570,1391.73,3851.07
571,1386.49,3863.38
572,1381.34,3875.8
573,1376.1,3888.11
574,1372.96,3896.64
575,1369.82,3905.29
576,1366.67,3913.83
577,1363.53,3922.48
578,1360.38,3931.01
579,1357.24,3939.55
580,1354.09,3948.2
581,1350.95,3956.74
582,1347.81,3965.38
583,1344.66,3973.92
584,1341.71,3982.02
585,1338.66,3990.22
586,1335.71,3998.31
587,1332.75,4006.41
588,1329.7,4014.61
589,1326.75,4022.71
590,1323.8,4030.8
591,1320.75,4039.0
592,1317.79,4047.1
593,1314.84,4055.19
594,1311.79,4063.4
595,1308.84,4071.49
596,1303.6,4086.46
597,1298.36,4101.43
598,1293.12,4116.39
599,1287.88,4131.36
600,1282.64,4146.33
601,1277.4,4161.3
602,1272.16,4176.27
603,1266.91,4191.23
604,1263.68,4202.32
605,1260.34,4213.52
606,1257.1,4224.61
607,1253.77,4235.69
608,1250.53,4246.89
609,1247.29,4257.98
610,1243.95,4269.07
611,1240.71,4280.15
612,1237.38,4291.35
613,1234.14,4302.44
614,1233.47,4308.43
615,1232.81,4314.41
616,1232.14,4320.29
617,1231.47,4326.28
618,1230.8,4332.26
619,1230.14,4338.25
620,1229.47,4344.24
621,1228.8,4350.12
622,1228.14,4356.1
623,1227.47,4362.09
624,1226.8,4368.08
625,1226.14,4373.95
626,1225.47,4379.94
627,1224.8,4385.93
628,1224.13,4391.91
629,1223.47,4397.9
630,1222.8,4403.78
631,1222.13,4409.77
632,1221.47,4415.75
