295,1923.86,4399.79
296,1925.95,4390.36
297,1927.96,4380.94
298,1928.15,4376.95
299,1928.24,4372.96
300,1928.43,4368.96
301,1928.62,4364.97
302,1928.72,4360.98
303,1928.91,4357.1
304,1929.0,4353.11
305,1929.19,4349.12
306,1929.38,4345.13
307,1929.48,4341.13
308,1929.67,4337.14
309,1935.1,4338.47
310,1940.44,4339.8
311,1945.87,4341.02
312,1951.3,4342.35
313,1956.63,4343.68
314,1962.07,4345.02
315,1967.5,4346.23
316,1972.93,4347.57
317,1978.26,4348.9
318,1983.69,4350.12
319,1989.12,4351.45
320,1994.46,4352.78
321,1999.89,4354.11
322,2005.32,4355.44
323,2010.75,4356.66
324,2016.09,4357.99
325,2021.52,4359.32
326,2026.95,4360.65
327,2032.29,4361.87
328,2037.72,4363.2
329,2037.72,4363.2
330,2037.72,4363.2
331,2037.72,4363.2
332,2037.72,4363.2
333,2037.72,4363.2
334,2037.72,4363.2
335,2037.72,4363.2
336,2037.72,4363.2
337,2037.72,4363.2
338,2037.72,4363.2
339,2037.72,4363.2
340,2037.72,4363.2
341,2037.72,4363.2
342,2037.72,4363.2
343,2037.72,4363.2
344,2037.72,4363.2
345,2037.72,4363.2
346,2037.72,4363.2
347,2037.72,4363.2
348,2037.72,4363.2
349,2037.72,4363.2
350,2037.72,4363.2
351,2037.72,4363.2
352,2037.72,4363.2
353,2037.72,4363.2
354,2037.72,4363.2
355,2037.72,4363.2
356,2037.72,4363.2
357,2037.72,4363.2
358,2037.72,4363.2
359,2037.72,4363.2
360,2037.62,4363.2
361,2037.62,4363.31
362,2037.53,4363.31
363,2037.53,4363.31
364,2037.43,4363.31
365,2037.43,4363.42
366,2037.33,4363.42
367,2037.33,4363.42
368,2039.91,4363.31
369,2042.48,4363.2
370,2044.96,4363.09
371,2047.53,4362.98
372,2050.1,4362.87
373,2051.63,4361.09
374,2053.15,4359.21
375,2054.68,4357.43
376,2056.2,4355.55
377,2057.72,4353.77
378,2059.25,4352.0
379,2060.77,4350.12
380,2062.3,4348.34
381,2063.82,4346.57
382,2065.35,4344.68
383,2066.87,4342.91
384,2068.4,4341.02
385,2069.92,4339.25
386,2069.92,4339.25
387,2069.92,4339.25
388,2069.92,4339.25
389,2069.92,4339.25
390,2069.92,4339.25
391,2069.92,4339.25
392,2069.92,4339.25
393,2069.92,4339.25
394,2069.92,4339.25
395,2069.92,4339.25
396,2069.92,4339.25
397,2069.92,4339.25
398,2069.92,4339.25
399,2069.92,4339.25
400,2069.92,4339.25
401,2069.92,4339.25
402,2069.92,4339.25
403,2069.92,4339.25
404,2069.92,4339.25
405,2069.92,4339.25
406,2070.68,4335.26
407,2071.44,4331.27
408,2072.3,4327.28
409,2073.06,4323.28
410,2073.83,4319.29
411,2074.59,4315.41
412,2075.35,4311.42
413,2076.21,4307.43
414,2076.97,4303.44
415,2077.73,4299.45
416,2077.83,4298.78
417,2077.92,4298.12
418,2077.92,4297.45
419,2078.02,4296.79
420,2078.11,4296.12
421,2078.21,4295.45
422,2078.21,4294.79
423,2078.3,4294.12
424,2078.4,4293.46
425,2078.5,4292.79
426,2078.5,4292.13
427,2078.59,4291.46
428,2078.69,4290.8
429,2078.69,4290.8
430,2078.69,4290.8
431,2078.69,4290.8
432,2078.69,4290.8
433,2078.69,4290.8
434,2078.69,4290.8
435,2078.69,4290.8
436,2078.69,4290.8
437,2078.69,4290.8
438,2078.69,4290.8
439,2078.69,4290.8
440,2078.69,4290.8
441,2078.69,4290.8
442,2078.69,4290.8
443,2078.69,4290.8
444,2078.69,4290.8
445,2078.69,4290.8
446,2078.69,4290.8
447,2078.69,4290.8
448,2078.69,4290.8
449,2078.69,4290.8
450,2078.69,4290.8
451,2078.69,4290.8
452,2078.69,4290.8
453,2078.69,4290.8
454,2078.69,4290.8
455,2078.69,4290.8
456,2078.69,4290.8
457,2078.69,4290.8
458,2078.69,4290.8
459,2078.69,4290.8
460,2078.69,4290.8
461,2078.69,4290.8
462,2078.69,4290.8
463,2078.69,4290.8
464,2078.69,4290.8
465,2078.69,4290.8
466,2078.88,4288.03
467,2078.97,4285.37
468,2079.16,4282.59
469,2079.26,4279.82
470,2079.45,4277.16
471,2079.64,4274.39
472,2079.73,4271.62
473,2079.92,4268.85
474,2080.02,4266.18
475,2080.21,4263.41
476,2079.07,4261.08
477,2077.92,4258.76
478,2076.78,4256.54
479,2075.64,4254.21
480,2074.49,4251.88
481,2073.35,4249.66
482,2072.21,4247.34
483,2071.06,4245.01
484,2065.73,4244.23
485,2060.39,4243.34
486,2054.96,4242.46
487,2049.63,4241.68
488,2044.29,4240.91
489,2038.95,4240.02
490,2033.62,4239.24
491,2028.19,4238.36
492,2022.85,4237.47
493,2017.52,4236.69
494,2014.66,4236.14
495,2011.71,4235.58
496,2008.85,4235.03
497,2005.89,4234.47
498,2003.03,4233.92
499,2000.08,4233.37
500,1997.22,4232.81
501,1994.27,4232.26
502,1991.41,4231.7
503,1988.46,4231.26
504,1985.6,4230.7
505,1982.65,4230.15
506,1979.69,4229.6
507,1976.83,4229.04
508,1973.88,4228.49
509,1971.02,4227.93
510,1968.07,4227.38
511,1965.21,4226.82
512,1962.26,4226.27
513,1959.4,4225.72
514,1959.78,4225.38
515,1960.16,4225.05
516,1960.54,4224.72
517,1960.92,4224.38
518,1961.3,4223.94
519,1961.68,4223.61
520,1962.07,4223.28
521,1962.45,4222.94
522,1962.83,4222.61
523,1963.21,4222.28
524,1966.83,4222.39
525,1970.54,4222.61
526,1974.17,4222.72
527,1977.79,4222.83
528,1981.41,4223.05
529,1985.12,4223.17
530,1988.74,4223.28
531,1992.36,4223.39
532,1996.08,4223.61
533,1999.7,4223.72
534,2002.18,4224.05
535,2004.56,4224.38
536,2007.04,4224.72
537,2009.51,4225.05
538,2011.9,4225.38
539,2014.37,4225.72
540,2016.85,4226.05
541,2019.33,4226.38
542,2021.71,4226.71
543,2024.19,4227.05
544,2024.76,4227.05
545,2025.23,4227.05
546,2025.81,4226.94
547,2026.38,4226.94
548,2026.85,4226.94
549,2027.43,4226.94
550,2028.0,4226.94
551,2028.57,4226.82
552,2029.05,4226.82
553,2029.62,4226.82
554,2030.76,4227.38
555,2031.81,4227.82
556,2032.95,4228.38
557,2034.0,4228.93
558,2035.14,4229.37
559,2036.29,4229.93
560,2037.33,4230.37
561,2038.48,4230.93
562,2039.53,4231.48
563,2040.67,4231.92
564,2041.81,4232.48
565,2042.86,4233.03
566,2044.0,4233.48
567,2045.05,4234.03
568,2046.2,4234.59
569,2047.24,4235.03
570,2048.39,4235.58
571,2049.53,4236.03
572,2050.58,4236.58
573,2051.72,4237.14
574,2052.77,4237.58
575,2053.91,4238.13
576,2053.91,4238.13
577,2053.91,4238.13
578,2053.91,4238.13
579,2053.91,4238.13
580,2053.91,4238.13
581,2053.91,4238.13
582,2053.91,4238.13
583,2053.91,4238.13
584,2053.91,4238.13
585,2053.91,4238.13
586,2053.91,4238.13
587,2053.91,4238.13
588,2053.91,4238.13
589,2053.91,4238.13
590,2053.91,4238.13
591,2053.91,4238.13
592,2053.91,4238.13
593,2053.91,4238.13
594,2053.91,4238.13
595,2053.91,4238.13
596,2053.91,4238.13
597,2053.91,4238.13
598,2053.91,4238.13
599,2053.91,4238.13
600,2053.91,4238.13
601,2053.91,4238.13
602,2053.91,4238.13
603,2053.91,4238.13
604,2053.91,4238.13
605,2053.91,4238.13
606,2053.91,4238.13
607,2053.91,4238.13
608,2053.91,4238.13
609,2053.91,4238.13
610,2053.91,4238.13
611,2053.91,4238.13
612,2053.91,4238.13
613,2053.91,4238.13
614,2053.91,4238.13
615,2053.91,4238.13
616,2053.82,4238.13
617,2053.82,4238.13
618,2053.82,4238.13
619,2053.82,4238.24
620,2053.82,4238.24
621,2053.72,4238.24
622,2053.72,4238.24
623,2053.72,4238.24
624,2053.72,4238.24
625,2053.72,4238.24
626,2053.63,4238.24
627,2053.63,4238.24
628,2053.63,4238.24
629,2053.63,4238.36
630,2053.63,4238.36
631,2053.53,4238.36
632,2053.53,4238.36
633,2053.53,4238.36
634,2053.53,4238.36
635,2053.53,4238.36
636,2053.53,4238.36
637,2053.53,4238.36
638,2053.53,4238.36
639,2053.53,4238.36
640,2053.53,4238.36
641,2053.53,4238.36
642,2053.53,4238.36
643,2053.53,4238.36
644,2057.25,4239.13
645,2060.96,4240.02
646,2064.68,4240.79
647,2068.4,4241.68
648,2072.11,4242.46
649,2075.83,4243.34
650,2079.54,4244.23
651,2083.26,4245.01
652,2085.93,4249.0
653,2088.5,4252.99
654,2091.17,4257.09
655,2093.74,4261.08
656,2096.41,4265.08
657,2096.41,4269.4
658,2095.93,4274.28
659,2095.45,4279.16
660,2094.98,4283.92
661,2094.5,4288.8
662,2094.03,4293.68
663,2093.55,4298.56
664,2093.07,4303.44
665,2092.6,4308.21
666,2092.12,4313.08
667,2091.64,4317.96
668,2091.74,4318.07
669,2091.83,4318.29
670,2091.93,4318.41
671,2091.93,4318.52
672,2092.02,4318.74
673,2092.12,4318.85
674,2092.22,4318.96
675,2092.31,4319.18
676,2092.41,4319.29
677,2092.41,4319.51
678,2092.5,4319.63
679,2092.6,4319.74
680,2092.69,4319.96
681,2092.79,4320.07
682,2092.88,4320.18
683,2092.98,4320.4
684,2092.98,4320.51
685,2093.07,4320.62
686,2093.17,4320.84
687,2093.26,4320.96
688,2093.26,4320.96
689,2093.26,4320.96
690,2093.26,4320.96
691,2093.26,4320.96
692,2093.26,4320.96
693,2093.26,4320.96
694,2093.26,4320.96
695,2093.26,4320.96
696,2093.26,4320.96
697,2093.26,4320.96
698,2092.79,4323.28
699,2092.22,4325.61
700,2091.74,4327.94
701,2091.17,4330.27
702,2090.69,4332.6
703,2090.12,4334.93
704,2089.64,4337.25
705,2089.07,4339.58
706,2088.59,4341.91
707,2088.02,4344.24
708,2085.93,4349.01
709,2083.74,4353.77
710,2087.17,4355.44
711,2090.69,4356.99
712,2090.31,4357.99
713,2090.02,4358.99
714,2089.64,4359.98
715,2089.36,4360.98
716,2089.07,4361.98
717,2088.69,4363.09
718,2088.4,4364.09
719,2088.02,4365.08
720,2087.74,4366.08
721,2087.36,4367.08
722,2087.36,4367.08
723,2087.36,4367.08
724,2087.36,4367.08
725,2087.36,4367.08
726,2087.36,4367.08
727,2087.36,4367.08
728,2087.36,4367.08
729,2087.36,4367.08
730,2087.36,4367.08
731,2087.36,4367.08
732,2087.36,4367.08
733,2087.36,4367.08
