305,2722.86,8.09
306,2730.48,12.53
307,2738.01,16.96
308,2745.63,21.29
309,2753.26,25.72
310,2760.88,30.16
311,2768.4,34.48
312,2776.03,38.92
313,2783.65,43.35
314,2791.18,47.79
315,2798.8,52.22
316,2806.42,56.55
317,2813.95,60.98
318,2821.57,65.42
319,2829.19,69.74
320,2836.72,74.17
321,2844.34,78.61
322,2851.96,83.04
323,2859.59,87.48
324,2867.11,91.8
325,2874.74,96.24
326,2884.17,101.45
327,2893.51,106.77
328,2902.94,111.98
329,2912.28,117.3
330,2921.71,122.52
331,2931.14,127.73
332,2940.48,133.05
333,2949.91,138.26
334,2959.25,143.58
335,2968.68,148.79
336,2972.87,150.9
337,2977.16,153.12
338,2981.35,155.22
339,2985.54,157.44
340,2989.83,159.55
341,2994.02,161.76
342,2998.22,163.87
343,3002.5,166.09
344,3006.7,168.19
345,3010.51,166.53
346,3014.32,164.87
347,3018.22,158.99
348,3022.13,153.12
349,3026.13,147.35
350,3030.04,141.47
351,3033.95,135.6
352,3035.57,131.38
353,3037.18,127.28
354,3038.8,123.07
355,3040.42,118.97
356,3042.04,114.75
357,3043.57,110.54
358,3045.19,106.44
359,3046.81,102.23
360,3048.43,98.12
361,3050.05,93.91
362,3050.05,93.91
363,3050.05,93.91
364,3050.05,93.91
365,3050.05,93.91
366,3050.05,93.91
367,3050.05,93.91
368,3050.05,93.91
369,3050.05,93.91
370,3050.05,93.91
371,3050.05,93.91
372,3050.05,93.91
373,3050.05,93.91
374,3050.05,93.91
375,3050.05,93.91
376,3050.05,93.91
377,3050.05,93.91
378,3050.05,93.91
379,3050.05,93.91
380,3050.05,93.91
381,3050.05,93.91
382,3050.05,93.91
383,3050.05,93.91
384,3050.05,93.91
385,3050.05,93.91
386,3050.05,93.91
387,3050.05,93.91
388,3050.05,93.91
389,3050.05,93.91
390,3050.05,93.91
391,3050.05,93.91
392,3050.05,93.91
393,3050.05,93.91
394,3050.05,93.91
395,3050.05,93.91
396,3050.05,93.91
397,3050.05,93.91
398,3050.05,93.91
399,3050.05,93.91
400,3050.05,93.91
401,3050.05,93.91
402,3050.05,93.91
403,3050.05,93.91
404,3050.05,93.91
405,3050.05,93.91
406,3050.05,93.91
407,3050.05,93.91
408,3050.05,93.91
409,3050.05,93.91
410,3050.05,93.91
411,3050.05,93.91
412,3050.05,93.91
413,3050.05,93.91
414,3050.05,93.91
415,3050.05,93.91
416,3050.05,93.91
417,3050.05,93.91
418,3050.05,93.91
419,3050.05,93.91
420,3050.05,93.91
421,3050.05,93.91
422,3050.05,93.91
423,3050.05,93.91
424,3050.05,93.91
425,3050.05,93.91
426,3050.05,93.91
427,3050.05,93.91
428,3050.05,93.91
429,3050.05,93.91
430,3050.05,93.91
431,3050.05,93.91
432,3050.05,93.91
433,3050.05,93.91
434,3050.05,93.91
435,3050.05,93.91
436,3050.05,93.91
437,3050.05,93.91
438,3050.05,93.91
439,3050.05,93.91
440,3050.05,93.91
441,3050.05,93.91
442,3050.05,93.91
443,3050.05,93.91
444,3050.05,93.91
445,3050.05,93.91
446,3050.05,93.91
447,3050.05,93.91
448,3050.05,93.91
449,3050.05,93.91
450,3050.05,93.91
451,3050.05,93.91
452,3050.05,93.91
453,3050.05,93.91
454,3050.05,93.91
455,3050.05,93.91
456,3050.05,93.91
457,3050.05,93.91
458,3050.05,93.91
459,3050.05,93.91
460,3050.05,93.91
461,3050.05,93.91
462,3050.05,93.91
463,3050.05,93.91
464,3050.05,93.91
465,3050.05,93.91
466,3050.05,93.91
467,3050.05,93.91
468,3050.05,93.91
469,3050.05,93.91
470,3050.05,93.91
471,3050.05,93.91
472,3050.05,93.91
473,3050.05,93.91
474,3049.95,93.91
475,3049.95,93.91
476,3049.95,94.02
477,3049.95,94.02
478,3049.95,94.02
479,3049.86,94.02
480,3049.86,94.02
481,3049.86,94.02
482,3049.86,94.02
483,3049.86,94.02
484,3049.86,94.02
485,3049.86,94.02
486,3049.86,94.02
487,3049.86,94.02
488,3049.86,94.02
489,3049.86,94.02
490,3049.86,94.02
491,3049.86,94.02
492,3049.86,94.02
493,3049.86,94.02
494,3049.86,94.02
495,3049.86,94.02
496,3049.86,94.02
497,3049.86,94.02
498,3049.86,94.02
499,3049.86,94.02
500,3049.86,94.02
501,3049.86,94.02
502,3049.86,94.02
503,3049.86,94.02
504,3049.86,94.02
505,3049.86,94.02
506,3049.86,94.02
507,3049.86,94.02
508,3049.86,94.02
509,3049.86,94.02
510,3049.86,94.02
511,3049.86,94.02
512,3049.86,94.02
513,3049.86,94.02
514,3049.86,94.02
515,3049.86,94.02
516,3049.86,94.02
517,3049.86,94.02
518,3049.86,94.02
519,3049.86,94.02
520,3049.86,94.02
521,3049.86,94.02
522,3049.86,94.02
523,3049.86,94.02
524,3049.86,94.02
525,3049.86,94.02
526,3049.86,94.02
527,3049.86,94.02
528,3049.86,94.02
529,3049.86,94.02
530,3049.86,94.02
531,3049.86,94.02
532,3049.86,94.02
533,3049.86,94.02
534,3049.86,94.02
535,3049.86,94.02
536,3049.86,94.02
537,3049.86,94.02
538,3049.86,94.02
539,3049.86,94.02
540,3049.86,94.02
541,3049.86,94.02
542,3049.86,94.02
543,3049.86,94.02
544,3049.86,94.02
545,3049.86,94.02
546,3049.86,94.02
547,3049.86,94.02
548,3049.86,94.02
549,3049.86,94.02
550,3049.86,94.02
551,3049.86,94.02
552,3049.86,94.02
553,3049.86,94.02
554,3049.86,94.02
555,3049.86,94.02
556,3049.86,94.02
557,3049.86,94.02
558,3049.86,94.02
559,3049.86,94.02
560,3049.86,94.02
561,3049.86,94.02
562,3049.86,94.02
563,3049.86,94.02
564,3049.86,94.02
565,3049.86,94.02
566,3049.86,94.02
567,3049.86,94.02
568,3049.86,94.02
569,3049.86,94.02
570,3049.86,94.02
571,3049.86,94.02
572,3049.86,94.02
573,3049.86,94.02
574,3049.86,94.02
575,3049.86,94.02
576,3049.86,94.02
577,3049.86,94.02
578,3049.86,94.02
579,3049.86,94.02
580,3049.86,94.02
581,3049.86,94.02
582,3049.86,94.02
583,3049.86,94.02
584,3049.86,94.02
585,3049.86,94.02
586,3049.86,94.02
587,3049.86,94.02
588,3049.86,94.02
589,3049.86,94.02
590,3049.86,94.02
591,3049.86,94.02
592,3049.86,94.02
593,3049.86,94.13
594,3049.76,94.13
595,3049.76,94.13
596,3049.76,94.13
597,3049.76,94.24
598,3049.76,94.24
599,3049.67,94.24
600,3049.67,94.24
601,3049.67,94.35
602,3049.67,94.35
603,3049.67,94.35
604,3049.57,94.35
605,3049.57,94.46
606,3049.57,94.46
607,3049.57,94.46
608,3049.57,94.46
609,3049.57,94.46
610,3049.57,94.46
611,3049.57,94.46
612,3049.57,94.46
613,3049.57,94.46
614,3049.57,94.46
615,3049.57,94.46
616,3049.57,94.46
617,3049.57,94.46
618,3049.57,94.46
619,3049.57,94.46
620,3049.57,94.46
621,3049.57,94.46
622,3049.57,94.46
623,3049.57,94.46
624,3049.57,94.46
625,3049.57,94.46
626,3049.57,94.46
627,3049.57,94.46
628,3049.57,94.46
629,3049.57,94.46
630,3049.57,94.46
631,3049.57,94.46
632,3049.57,94.46
633,3049.57,94.46
634,3049.57,94.46
635,3049.57,94.46
636,3049.57,94.46
637,3049.57,94.46
638,3049.57,94.46
639,3049.57,94.46
640,3049.57,94.46
641,3049.57,94.46
642,3049.57,94.46
643,3049.57,94.46
644,3049.57,94.46
645,3049.57,94.46
646,3049.57,94.46
647,3049.57,94.46
648,3049.57,94.46
649,3049.57,94.46
650,3049.57,94.46
651,3049.57,94.46
652,3049.57,94.46
653,3049.57,94.46
654,3049.57,94.46
655,3049.57,94.46
656,3049.57,94.46
657,3049.57,94.46
658,3049.57,94.46
659,3049.57,94.46
660,3049.57,94.46
661,3049.57,94.46
662,3049.57,94.46
663,3049.57,94.46
664,3049.57,94.46
665,3049.57,94.46
666,3049.57,94.46
667,3049.57,94.46
668,3049.57,94.46
669,3049.57,94.46
670,3049.57,94.46
671,3049.57,94.46
672,3049.57,94.46
673,3049.57,94.46
674,3049.57,94.46
675,3049.57,94.46
676,3049.57,94.46
677,3049.57,94.46
678,3049.57,94.46
679,3049.57,94.46
680,3049.57,94.46
681,3049.57,94.46
682,3049.57,94.46
683,3049.57,94.46
684,3049.57,94.46
685,3049.57,94.46
686,3049.57,94.46
687,3049.57,94.46
688,3049.57,94.46
689,3049.57,94.46
690,3049.57,94.46
691,3049.57,94.46
692,3049.57,94.46
693,3049.57,94.46
694,3049.57,94.46
695,3049.57,94.46
696,3049.57,94.46
697,3049.57,94.46
698,3049.57,94.46
699,3049.57,94.46
700,3049.57,94.46
701,3049.57,94.46
702,3049.57,94.46
703,3049.57,94.46
704,3049.57,94.46
705,3049.57,94.46
706,3049.57,94.46
707,3049.57,94.46
708,3049.57,94.46
709,3049.57,94.46
710,3049.57,94.46
711,3049.57,94.46
712,3049.57,94.46
713,3049.57,94.57
714,3049.48,94.57
715,3049.48,94.57
716,3049.48,94.69
717,3049.48,94.69
718,3049.48,94.69
719,3049.38,94.69
720,3049.38,94.8
721,3049.38,94.8
722,3049.38,94.8
723,3049.38,94.8
724,3049.38,94.8
725,3049.38,94.8
726,3049.38,94.8
727,3049.38,94.8
728,3049.38,94.8
729,3049.38,94.8
730,3049.38,94.8
731,3049.38,94.8
732,3049.38,94.8
733,3049.38,94.8
734,3049.38,94.8
735,3049.38,94.8
736,3049.38,94.8
737,3049.38,94.8
738,3049.38,94.8
739,3049.38,94.8
740,3049.38,94.8
741,3049.38,94.8
742,3049.38,94.8
743,3049.38,94.8
744,3049.38,94.8
745,3049.38,94.8
746,3049.38,94.8
747,3049.38,94.8
748,3049.38,94.8
749,3049.38,94.8
750,3049.38,94.8
751,3049.38,94.8
752,3049.38,94.8
753,3049.38,94.8
754,3049.38,94.8
755,3049.38,94.8
756,3049.38,94.8
757,3049.38,94.8
758,3049.38,94.8
759,3049.38,94.8
760,3049.38,94.8
761,3049.38,94.8
762,3049.38,94.8
763,3049.38,94.8
764,3049.38,94.8
765,3049.38,94.8
766,3049.38,94.8
767,3049.38,94.8
768,3049.38,94.8
769,3049.38,94.8
770,3049.38,94.8
771,3049.38,94.8
772,3049.38,94.8
773,3049.38,94.8
774,3049.38,94.8
775,3049.38,94.8
776,3049.38,94.8
777,3049.38,94.8
778,3049.38,94.8
779,3049.38,94.8
780,3049.38,94.8
781,3049.38,94.8
782,3049.38,94.8
783,3049.38,94.8
784,3049.38,94.8
785,3049.38,94.8
786,3049.38,94.8
787,3049.38,94.8
788,3049.38,94.8
789,3049.38,94.8
790,3049.38,94.8
791,3049.38,94.8
792,3049.38,94.8
793,3049.38,94.8
794,3049.38,94.8
795,3049.38,94.8
796,3049.38,94.8
797,3049.38,94.8
798,3049.38,94.8
799,3049.38,94.8
800,3049.38,94.8
801,3049.38,94.8
802,3049.38,94.8
803,3049.38,94.8
804,3049.38,94.8
805,3049.38,94.8
806,3049.38,94.8
807,3049.38,94.8
808,3049.38,94.8
809,3049.38,94.8
810,3049.38,94.8
811,3049.38,94.8
812,3049.38,94.8
813,3049.38,94.8
814,3049.38,94.8
815,3049.38,94.8
816,3049.38,94.8
817,3049.38,94.8
818,3049.38,94.8
819,3049.38,94.8
820,3049.38,94.8
821,3049.38,94.8
822,3049.38,94.8
823,3049.38,94.8
824,3049.38,94.8
825,3049.38,94.8
826,3049.38,94.8
827,3049.38,94.8
828,3049.38,94.8
829,3049.38,94.8
830,3049.38,94.8
831,3049.38,94.8
832,3049.38,94.8
833,3049.29,94.8
834,3049.29,94.91
835,3049.29,94.91
836,3049.19,94.91
837,3049.19,94.91
838,3049.19,94.91
839,3049.19,95.02
840,3049.09,95.02
841,3049.09,95.02
842,3049.09,95.02
843,3049.09,95.02
844,3049.09,95.02
845,3049.09,95.02
846,3049.09,95.02
847,3049.09,95.02
848,3049.09,95.02
849,3049.09,95.02
850,3049.09,95.02
851,3049.09,95.02
852,3049.09,95.02
853,3049.09,95.02
854,3049.09,95.02
855,3049.09,95.02
856,3049.09,95.02
857,3049.09,95.02
858,3049.09,95.02
859,3049.09,95.02
860,3049.09,95.02
861,3049.09,95.02
862,3049.09,95.02
863,3049.09,95.02
864,3049.09,95.02
865,3049.09,95.02
866,3049.09,95.02
867,3049.09,95.02
868,3049.09,95.02
869,3049.09,95.02
870,3049.09,95.02
871,3049.09,95.02
872,3049.09,95.02
873,3049.09,95.02
874,3049.09,95.02
875,3049.09,95.02
876,3049.09,95.02
877,3049.09,95.02
878,3049.09,95.02
879,3049.09,95.02
880,3049.09,95.02
881,3049.09,95.02
882,3049.09,95.02
883,3049.09,95.02
884,3049.09,95.02
885,3049.09,95.02
886,3049.09,95.02
887,3049.09,95.02
888,3049.09,95.02
889,3049.09,95.02
890,3049.09,95.02
891,3049.09,95.02
892,3049.09,95.02
893,3049.09,95.02
894,3049.09,95.02
895,3049.09,95.02
896,3049.09,95.02
897,3049.09,95.02
898,3049.09,95.02
899,3049.09,95.02
900,3049.09,95.02
901,3049.09,95.02
902,3049.09,95.02
903,3049.09,95.02
904,3049.09,95.02
905,3049.09,95.02
906,3049.09,95.02
907,3049.09,95.02
908,3049.09,95.02
909,3049.09,95.02
910,3049.09,95.02
911,3049.09,95.02
912,3049.09,95.02
913,3049.09,95.02
914,3049.09,95.02
915,3049.09,95.02
916,3049.09,95.02
917,3049.09,95.02
918,3049.09,95.02
919,3049.09,95.02
920,3049.09,95.02
921,3049.09,95.02
922,3049.09,95.02
923,3049.09,95.02
924,3049.09,95.02
925,3049.09,95.02
926,3049.09,95.02
927,3049.09,95.02
928,3049.09,95.02
929,3049.09,95.02
930,3049.09,95.02
931,3049.09,95.02
932,3049.09,95.02
933,3049.09,95.02
934,3049.09,95.02
935,3049.09,95.02
936,3049.09,95.02
937,3049.09,95.02
938,3049.09,95.02
939,3049.09,95.02
940,3049.09,95.02
941,3049.09,95.02
942,3049.09,95.02
943,3049.09,95.02
944,3049.09,95.02
945,3049.09,95.02
