324,77.94,2710.52
325,86.04,2714.84
326,94.13,2719.17
327,102.23,2723.38
328,110.33,2727.71
329,118.43,2732.03
330,126.43,2736.35
331,134.53,2740.68
332,142.63,2744.89
333,150.73,2749.22
334,158.83,2753.54
335,166.55,2756.87
336,174.26,2760.19
337,181.98,2763.41
338,189.7,2766.73
339,197.51,2770.06
340,205.23,2773.39
341,212.95,2776.71
342,220.66,2779.93
343,228.38,2783.25
344,236.1,2786.58
345,241.34,2788.24
346,246.58,2789.91
347,251.92,2791.57
348,257.16,2793.23
349,262.4,2794.9
350,267.64,2796.45
351,272.88,2798.11
352,278.21,2799.77
353,283.45,2801.44
354,288.69,2803.1
355,294.31,2805.1
356,300.03,2807.09
357,305.65,2809.09
358,311.27,2811.08
359,316.99,2813.08
360,322.61,2815.07
361,328.23,2817.07
362,333.85,2819.07
363,339.57,2821.06
364,345.19,2823.06
365,351.29,2825.16
366,357.29,2827.16
367,363.39,2829.27
368,369.49,2831.26
369,375.49,2833.37
370,381.59,2835.47
371,387.69,2837.47
372,393.79,2839.58
373,399.79,2841.57
374,405.89,2843.68
375,411.79,2845.9
376,417.7,2848.23
377,423.61,2850.44
378,429.51,2852.66
379,435.42,2854.99
380,441.33,2857.21
381,447.24,2859.53
382,453.14,2861.75
383,459.05,2863.97
384,464.96,2866.3
385,470.87,2868.51
386,474.2,2870.62
387,477.53,2872.73
388,480.77,2874.95
389,484.11,2877.05
390,487.44,2879.16
391,490.78,2881.27
392,494.02,2883.48
393,497.35,2885.59
394,500.69,2887.7
395,500.69,2887.7
396,500.69,2887.7
397,500.69,2887.7
398,500.69,2887.7
399,500.69,2887.7
400,500.69,2887.7
401,500.69,2887.7
402,500.69,2887.7
403,500.69,2887.7
404,500.69,2887.7
405,500.69,2887.7
406,500.69,2887.7
407,500.69,2887.7
408,500.69,2887.7
409,500.69,2887.7
410,500.69,2887.7
411,500.69,2887.7
412,500.69,2887.7
413,500.69,2887.7
414,500.69,2887.7
415,500.69,2887.7
416,500.69,2887.7
417,500.69,2887.7
418,500.69,2887.7
419,500.69,2887.7
420,500.69,2887.7
421,500.69,2887.7
422,500.69,2887.7
423,500.69,2887.7
424,500.69,2887.7
425,500.69,2887.7
426,500.69,2887.7
427,500.69,2887.7
428,500.69,2887.7
429,500.69,2887.7
430,500.69,2887.7
431,500.69,2887.7
432,500.69,2887.7
433,500.69,2887.7
434,500.69,2887.7
435,500.69,2887.7
436,500.69,2887.7
437,500.69,2887.7
438,500.69,2887.7
439,500.69,2887.7
440,500.69,2887.7
441,500.69,2887.7
442,500.69,2887.7
443,500.69,2887.7
444,500.69,2887.7
445,500.69,2887.7
446,500.69,2887.59
447,500.59,2887.47
448,500.59,2887.47
449,500.59,2887.36
450,500.59,2887.36
451,500.59,2887.36
452,500.5,2887.25
453,500.5,2887.25
454,500.5,2887.14
455,500.5,2887.14
456,500.5,2887.14
457,500.5,2887.14
458,500.5,2887.14
459,500.5,2887.14
460,500.5,2887.14
461,500.5,2887.14
462,500.5,2887.14
463,500.5,2887.14
464,500.5,2887.14
465,500.5,2887.14
466,500.5,2887.14
467,500.5,2887.14
468,500.5,2887.14
469,500.5,2887.14
470,500.5,2887.14
471,500.5,2887.14
472,500.5,2887.14
473,500.5,2887.14
474,500.5,2887.14
475,500.5,2887.14
476,500.5,2887.14
477,500.5,2887.14
478,500.5,2887.14
479,500.5,2887.14
480,500.5,2887.14
481,500.5,2887.14
482,500.5,2887.14
483,500.5,2887.14
484,500.5,2887.14
485,502.4,2887.7
486,504.31,2888.25
487,506.12,2888.8
488,508.02,2889.47
489,509.93,2890.02
490,511.83,2890.58
491,513.65,2891.13
492,515.55,2891.69
493,517.46,2892.24
494,519.36,2892.91
495,521.17,2893.46
496,523.08,2894.02
497,524.98,2894.57
498,526.89,2895.12
499,528.7,2895.68
500,530.6,2896.23
501,532.51,2896.9
502,534.42,2897.45
503,536.23,2898.01
504,538.13,2898.56
505,544.71,2901.22
506,551.38,2903.99
507,558.04,2906.66
508,564.62,2909.43
509,571.29,2912.09
510,577.86,2914.75
511,584.44,2917.52
512,591.11,2920.18
513,597.68,2922.95
514,604.35,2925.61
515,613.5,2930.6
516,622.64,2935.48
517,631.79,2940.47
518,640.94,2945.35
519,649.99,2950.34
520,659.13,2955.33
521,668.28,2960.21
522,677.43,2965.2
523,686.58,2970.07
524,695.72,2975.06
525,705.34,2979.83
526,715.06,2984.71
527,724.69,2989.59
528,734.31,2994.36
529,743.93,2999.23
530,753.65,3004.0
531,763.27,3008.77
532,772.9,3013.65
533,782.52,3018.42
534,792.24,3023.29
535,801.86,3028.06
536,811.48,3032.94
537,819.87,3037.04
538,828.25,3041.14
539,836.73,3045.25
540,845.12,3049.35
541,853.5,3053.34
542,861.98,3057.44
543,870.37,3061.55
544,878.75,3065.65
545,884.09,3068.2
546,889.42,3070.86
547,894.85,3073.41
548,900.19,3076.07
549,905.52,3078.62
550,910.86,3081.28
551,916.29,3083.83
552,921.63,3086.38
553,926.96,3089.04
554,932.3,3091.59
555,937.73,3094.25
556,943.06,3096.8
557,948.4,3099.46
558,953.74,3102.01
559,959.17,3104.56
560,964.5,3107.23
561,969.84,3109.78
562,975.17,3112.44
563,980.51,3114.99
564,985.94,3117.65
565,991.27,3120.2
566,996.61,3122.86
567,1001.95,3125.41
568,1007.38,3127.96
569,1012.71,3130.62
570,1018.05,3133.17
571,1023.38,3135.83
572,1028.81,3138.38
573,1034.15,3141.04
574,1039.49,3143.59
575,1039.49,3143.59
576,1039.49,3143.59
577,1039.49,3143.59
578,1039.49,3143.59
579,1039.49,3143.59
580,1039.49,3143.59
581,1039.49,3143.59
582,1039.49,3143.59
583,1039.49,3143.59
584,1039.49,3143.59
585,1039.49,3143.59
586,1039.49,3143.59
587,1039.49,3143.59
588,1039.49,3143.59
589,1039.49,3143.59
590,1039.49,3143.59
591,1039.49,3143.59
592,1039.49,3143.59
593,1039.49,3143.59
594,1039.49,3143.59
595,1039.49,3143.59
596,1039.49,3143.59
597,1039.49,3143.59
598,1039.49,3143.59
599,1039.49,3143.59
600,1039.49,3143.59
601,1039.49,3143.59
602,1039.49,3143.59
603,1039.49,3143.59
604,1039.49,3143.59
605,1039.49,3143.59
606,1039.49,3143.59
607,1039.49,3143.59
608,1039.49,3143.59
609,1039.49,3143.59
610,1039.49,3143.59
611,1039.49,3143.59
612,1039.49,3143.59
613,1039.49,3143.59
614,1039.49,3143.59
615,1039.49,3143.59
616,1039.49,3143.59
617,1039.49,3143.59
618,1039.49,3143.59
619,1039.49,3143.59
620,1039.49,3143.59
621,1039.49,3143.59
622,1039.49,3143.59
623,1039.49,3143.59
624,1039.49,3143.59
625,1040.15,3144.04
626,1040.91,3144.48
627,1041.68,3144.92
628,1042.34,3145.48
629,1043.11,3145.92
630,1043.77,3146.36
631,1049.87,3150.47
632,1055.97,3154.57
633,1061.97,3158.67
634,1068.07,3162.77
635,1074.17,3166.88
636,1080.26,3170.98
637,1086.36,3175.08
638,1092.37,3179.18
639,1098.46,3183.28
640,1104.56,3187.39
641,1112.75,3190.49
642,1120.95,3193.6
643,1129.24,3196.7
644,1137.43,3199.8
645,1145.63,3202.91
646,1153.82,3206.01
647,1162.01,3209.12
648,1170.3,3212.22
649,1178.5,3215.33
650,1186.69,3218.43
651,1191.93,3220.76
652,1197.08,3223.2
653,1202.22,3225.53
654,1207.46,3227.97
655,1212.7,3230.29
656,1217.85,3232.73
657,1222.99,3235.06
658,1228.23,3237.39
659,1233.38,3239.83
660,1238.62,3242.16
661,1243.86,3244.6
662,1249.0,3246.93
663,1254.15,3249.36
664,1259.39,3251.69
665,1268.15,3255.68
666,1277.01,3259.68
667,1285.78,3263.67
668,1294.64,3267.55
669,1303.41,3271.54
670,1312.27,3275.53
671,1312.27,3275.53
672,1312.27,3275.53
673,1312.36,3275.53
674,1312.36,3275.53
675,1312.36,3275.53
676,1312.36,3275.64
677,1312.36,3275.64
678,1312.46,3275.64
679,1312.46,3275.64
680,1312.46,3275.64
681,1312.46,3275.64
682,1312.46,3275.64
683,1312.55,3275.64
684,1312.55,3275.64
685,1312.55,3275.64
686,1312.55,3275.75
687,1312.55,3275.75
688,1312.65,3275.75
689,1312.65,3275.75
690,1312.65,3275.75
691,1315.03,3276.53
692,1317.51,3277.42
693,1319.89,3278.19
694,1322.27,3279.08
695,1324.75,3279.86
696,1327.13,3280.74
697,1329.51,3281.52
698,1331.99,3282.41
699,1334.37,3283.18
700,1341.61,3286.06
701,1348.76,3288.95
702,1356.0,3291.83
703,1363.24,3294.71
704,1370.48,3297.59
705,1377.63,3300.48
706,1384.87,3303.36
707,1392.11,3306.24
708,1399.35,3309.13
709,1406.5,3312.01
710,1413.74,3314.89
711,1423.55,3319.33
712,1433.27,3323.87
713,1443.08,3328.31
714,1452.9,3332.85
715,1462.71,3337.29
716,1472.43,3341.83
717,1482.24,3346.38
718,1492.06,3350.81
719,1501.78,3355.25
720,1511.59,3359.79
721,1519.59,3364.89
722,1527.6,3370.11
723,1535.6,3375.21
724,1543.6,3380.31
725,1551.61,3385.41
726,1559.7,3390.62
727,1567.71,3395.72
728,1575.71,3400.82
729,1583.72,3405.92
730,1591.72,3411.13
731,1599.72,3416.23
732,1595.53,3424.99
733,1591.34,3433.75
734,1587.15,3442.62
735,1582.95,3451.38
736,1578.76,3460.14
737,1574.57,3468.89
738,1570.38,3477.65
739,1566.18,3486.52
740,1561.99,3495.28
741,1557.89,3504.04
742,1553.7,3512.8
743,1549.51,3521.67
744,1545.32,3530.43
745,1541.13,3539.19
746,1536.93,3547.95
747,1532.74,3556.71
748,1528.55,3565.58
749,1524.36,3574.33
750,1520.16,3583.09
751,1516.54,3591.08
752,1513.02,3599.06
753,1509.4,3607.04
754,1505.78,3615.03
755,1502.25,3623.12
756,1498.63,3631.1
757,1495.01,3639.08
758,1491.39,3647.07
759,1487.87,3655.05
760,1484.24,3663.03
761,1479.86,3672.12
762,1475.57,3681.22
763,1471.19,3690.31
764,1466.81,3699.4
765,1462.52,3708.6
766,1458.14,3717.69
767,1453.76,3726.79
768,1449.47,3735.88
769,1445.09,3744.97
770,1442.32,3751.29
771,1439.65,3757.72
772,1436.89,3764.04
773,1434.13,3770.36
774,1431.46,3776.79
775,1428.7,3783.11
776,1426.03,3789.54
777,1423.27,3795.86
778,1420.5,3802.18
779,1417.84,3808.61
780,1415.07,3814.93
781,1412.4,3822.58
782,1409.64,3830.34
783,1406.97,3837.99
784,1404.21,3845.75
785,1401.54,3853.4
786,1398.88,3861.16
787,1396.11,3868.81
788,1393.44,3876.58
789,1390.68,3884.34
790,1388.01,3891.99
791,1384.96,3899.53
792,1381.92,3906.95
793,1378.87,3914.49
794,1375.82,3922.03
795,1372.77,3929.57
796,1369.72,3937.0
797,1366.67,3944.54
798,1363.62,3952.08
799,1360.57,3959.51
800,1357.52,3967.05
801,1354.38,3974.59
802,1351.33,3982.02
803,1348.28,3989.56
804,1345.23,3997.09
805,1342.18,4004.63
806,1339.14,4012.06
807,1336.09,4019.6
808,1333.04,4027.14
809,1329.99,4034.57
810,1326.94,4042.11
811,1325.51,4046.21
812,1323.99,4050.31
813,1322.56,4054.31
814,1321.03,4058.41
815,1319.6,4062.51
816,1318.17,4066.61
817,1316.65,4070.71
818,1315.22,4074.71
819,1313.7,4078.81
820,1312.27,4082.91
821,1312.17,4083.13
822,1312.17,4083.46
823,1312.08,4083.69
824,1311.98,4083.91
825,1311.89,4084.13
826,1311.89,4084.46
827,1311.79,4084.68
828,1311.7,4084.91
829,1311.6,4085.13
830,1311.6,4085.46
831,1311.51,4085.68
832,1308.65,4093.0
833,1305.88,4100.32
834,1303.03,4107.64
835,1300.17,4114.95
836,1297.4,4122.16
837,1294.55,4129.48
838,1291.69,4136.8
839,1288.92,4144.11
840,1286.07,4151.43
841,1283.59,4158.3
842,1281.11,4165.18
843,1278.63,4172.16
844,1276.16,4179.04
845,1273.68,4185.91
846,1271.2,4192.79
847,1268.73,4199.66
848,1266.25,4206.65
849,1263.77,4213.52
850,1261.29,4220.39
851,1259.67,4229.04
852,1258.15,4237.69
853,1256.53,4246.34
854,1254.91,4254.99
855,1253.39,4263.63
856,1251.77,4272.28
857,1250.15,4280.93
858,1248.62,4289.58
859,1247.0,4298.23
860,1245.38,4306.87
861,1243.86,4315.52
862,1242.24,4324.28
863,1240.71,4332.93
864,1239.09,4341.58
865,1237.47,4350.23
866,1235.95,4358.87
867,1234.33,4367.52
868,1232.71,4376.17
869,1231.19,4384.82
870,1229.57,4393.47
871,1227.95,4402.11
872,1226.42,4410.76
873,1224.8,4419.41
