333,3125.13,4396.13
334,3127.7,4385.71
335,3130.27,4375.17
336,3132.84,4364.64
337,3135.42,4354.22
338,3137.99,4343.8
339,3140.56,4333.26
340,3143.13,4322.84
341,3145.71,4312.31
342,3148.28,4301.77
343,3150.85,4291.35
344,3155.52,4279.71
345,3160.09,4268.07
346,3164.76,4256.43
347,3169.34,4244.79
348,3174.0,4233.14
349,3178.58,4221.5
350,3183.15,4209.86
351,3187.82,4198.22
352,3192.39,4186.58
353,3197.06,4174.94
354,3200.78,4167.17
355,3204.4,4159.3
356,3208.02,4151.54
357,3211.73,4143.67
358,3215.36,4135.8
359,3219.07,4128.04
360,3222.79,4120.16
361,3226.41,4112.4
362,3230.03,4104.64
363,3233.74,4096.77
364,3234.7,4094.77
365,3235.65,4092.78
366,3236.51,4090.67
367,3237.46,4088.68
368,3238.41,4086.68
369,3239.37,4084.68
370,3240.32,4082.69
371,3241.18,4080.58
372,3242.13,4078.59
373,3243.08,4076.59
374,3243.08,4076.59
375,3243.08,4076.7
376,3243.08,4076.7
377,3243.08,4076.81
378,3243.08,4076.81
379,3243.08,4076.92
380,3243.08,4076.92
381,3243.08,4077.03
382,3243.08,4077.03
383,3243.08,4077.15
384,3242.99,4077.15
385,3242.99,4077.15
386,3242.99,4077.26
387,3242.99,4077.26
388,3242.99,4077.37
389,3242.99,4077.37
390,3242.99,4077.48
391,3242.99,4077.48
392,3242.99,4077.59
393,3242.99,4077.59
394,3242.99,4077.7
395,3242.99,4077.7
396,3242.99,4077.81
397,3242.99,4077.92
398,3242.99,4078.03
399,3242.99,4078.03
400,3242.99,4078.14
401,3242.99,4078.25
402,3242.99,4078.36
403,3242.99,4078.36
404,3242.99,4078.48
405,3243.27,4078.03
406,3243.46,4077.59
407,3243.75,4077.15
408,3243.94,4076.7
409,3244.22,4076.15
410,3244.42,4075.7
411,3244.7,4075.26
412,3244.89,4074.82
413,3245.18,4074.37
414,3247.18,4069.16
415,3249.08,4064.06
416,3251.08,4058.85
417,3253.09,4053.64
418,3255.09,4048.54
419,3256.99,4043.33
420,3258.99,4038.23
421,3260.99,4033.02
422,3262.99,4027.81
423,3264.9,4022.71
424,3266.9,4017.5
425,3269.09,4009.4
426,3271.38,4001.31
427,3273.67,3993.1
428,3275.86,3985.01
429,3278.05,3976.92
430,3280.33,3968.82
431,3282.53,3960.73
432,3284.81,3952.63
433,3287.1,3944.43
434,3289.29,3936.34
435,3291.48,3928.24
436,3293.77,3920.15
437,3295.96,3912.05
438,3298.25,3903.85
439,3300.53,3895.76
440,3302.73,3887.66
441,3304.92,3879.57
442,3307.2,3871.48
443,3309.39,3863.38
444,3311.68,3855.18
445,3313.97,3847.08
446,3316.16,3838.99
447,3324.07,3816.26
448,3331.88,3793.42
449,3339.79,3770.69
450,3347.6,3747.85
451,3355.51,3725.12
452,3358.37,3715.7
453,3361.32,3706.27
454,3364.18,3696.85
455,3367.13,3687.43
456,3369.99,3678.0
457,3372.95,3668.58
458,3375.8,3659.15
459,3378.76,3649.73
460,3381.62,3640.3
461,3382.66,3635.65
462,3383.71,3630.88
463,3384.76,3626.22
464,3385.81,3621.57
465,3386.95,3616.91
466,3388.0,3612.14
467,3389.05,3607.49
468,3390.1,3602.83
469,3391.14,3598.06
470,3392.19,3593.4
471,3394.76,3585.87
472,3397.34,3578.33
473,3399.81,3570.79
474,3402.39,3563.25
475,3404.96,3555.71
476,3407.53,3548.17
477,3410.1,3540.63
478,3412.68,3533.09
479,3415.15,3525.55
480,3417.73,3518.01
481,3420.3,3510.47
482,3422.59,3502.6
483,3424.78,3494.62
484,3427.06,3486.74
485,3429.25,3478.87
486,3431.54,3470.89
487,3433.73,3463.02
488,3436.02,3455.15
489,3438.21,3447.16
490,3440.5,3439.29
491,3440.5,3439.29
492,3440.4,3439.18
493,3440.4,3439.18
494,3440.31,3439.07
495,3440.31,3439.07
496,3440.21,3438.96
497,3440.12,3438.96
498,3440.12,3438.85
499,3440.02,3438.85
500,3440.02,3438.74
501,3440.02,3438.74
502,3439.93,3438.63
503,3439.93,3438.51
504,3439.83,3438.51
505,3439.74,3438.51
506,3439.74,3438.4
507,3439.64,3438.4
508,3439.64,3438.29
509,3439.54,3438.29
510,3439.54,3438.18
511,3439.45,3438.29
512,3439.35,3438.29
513,3439.26,3438.4
514,3439.16,3438.4
515,3439.07,3438.4
516,3438.97,3438.51
517,3438.88,3438.51
518,3438.78,3438.63
519,3438.69,3438.74
520,3438.59,3438.74
521,3438.5,3438.74
522,3438.5,3438.85
523,3438.4,3438.85
524,3438.31,3438.96
525,3438.31,3439.07
526,3438.21,3439.07
527,3438.12,3439.18
528,3438.02,3439.18
529,3438.02,3439.29
530,3437.93,3439.29
531,3437.83,3439.29
532,3437.83,3439.29
533,3437.83,3439.4
534,3437.73,3439.4
535,3437.64,3439.4
536,3437.64,3439.4
537,3437.54,3439.4
538,3437.54,3439.51
539,3437.45,3439.51
540,3437.45,3439.51
541,3437.45,3439.51
542,3437.35,3439.51
543,3437.35,3439.51
544,3437.35,3439.51
545,3437.35,3439.51
546,3437.26,3439.62
547,3437.26,3439.62
548,3437.26,3439.62
549,3437.26,3439.62
550,3437.16,3439.62
551,3437.16,3439.62
552,3437.16,3439.62
553,3437.07,3439.73
554,3437.07,3439.73
555,3437.07,3439.73
556,3436.97,3439.73
557,3436.97,3439.85
558,3436.88,3439.85
559,3436.88,3439.85
560,3436.88,3439.85
561,3436.78,3439.96
562,3436.78,3439.96
563,3436.78,3439.96
564,3436.69,3439.96
565,3436.69,3440.07
566,3436.59,3440.07
567,3436.59,3440.07
568,3436.59,3440.07
569,3436.5,3440.18
570,3436.5,3440.18
571,3436.5,3440.18
572,3436.5,3440.18
573,3436.59,3440.18
574,3436.59,3440.18
575,3436.59,3440.18
576,3436.59,3440.18
577,3436.59,3440.18
578,3436.59,3440.18
579,3436.69,3440.18
580,3436.69,3440.18
581,3436.69,3440.18
582,3436.78,3439.96
583,3436.97,3439.85
584,3437.16,3439.62
585,3437.26,3439.51
586,3437.35,3439.29
587,3437.54,3439.07
588,3437.64,3438.96
589,3437.83,3438.74
590,3437.93,3438.63
591,3438.12,3438.4
592,3438.31,3438.18
593,3438.4,3438.07
594,3438.59,3437.85
595,3438.78,3437.63
596,3438.88,3437.52
597,3439.07,3437.3
598,3439.26,3437.07
599,3439.35,3436.96
600,3439.54,3436.74
601,3439.64,3436.63
602,3439.83,3436.41
603,3439.93,3436.3
604,3440.02,3436.08
605,3440.12,3435.96
606,3440.31,3435.85
607,3440.4,3435.63
608,3440.5,3435.52
609,3440.69,3435.3
610,3440.78,3435.19
611,3440.78,3433.08
612,3440.69,3430.98
613,3440.69,3428.98
614,3440.69,3426.87
615,3440.69,3424.77
616,3440.59,3422.66
617,3440.59,3420.55
618,3440.59,3418.56
619,3440.59,3416.45
620,3440.5,3414.34
621,3440.5,3412.24
622,3440.5,3410.13
623,3440.5,3408.14
624,3440.5,3406.03
625,3440.4,3403.92
626,3440.4,3401.82
627,3440.4,3399.71
628,3440.4,3397.71
629,3440.31,3395.61
630,3440.31,3393.5
631,3433.83,3391.73
632,3427.44,3389.95
633,3420.97,3388.18
634,3414.49,3386.4
635,3408.01,3384.63
636,3401.62,3382.86
637,3395.15,3381.08
638,3388.67,3379.31
639,3382.19,3377.53
640,3375.71,3375.76
641,3369.32,3373.99
642,3362.85,3372.21
643,3357.03,3370.22
644,3351.22,3368.22
645,3345.31,3366.23
646,3339.5,3364.23
647,3333.69,3362.23
648,3327.88,3360.24
649,3322.07,3358.24
650,3316.25,3356.25
651,3310.35,3354.25
652,3304.54,3352.26
653,3298.72,3350.26
654,3287.58,3346.93
655,3276.33,3343.61
656,3265.19,3340.28
657,3253.94,3336.95
658,3242.8,3333.63
659,3231.65,3330.3
660,3220.4,3326.98
661,3209.26,3323.65
662,3201.73,3320.88
663,3194.11,3318.0
664,3186.49,3315.22
665,3178.96,3312.34
666,3171.34,3309.57
667,3163.81,3306.8
668,3156.28,3303.91
669,3148.66,3301.14
670,3141.04,3298.26
671,3133.51,3295.49
672,3132.84,3295.04
673,3132.27,3294.6
674,3131.61,3294.27
675,3131.03,3293.83
676,3130.37,3293.38
677,3129.8,3292.94
678,3129.13,3292.49
679,3128.56,3292.16
680,3127.89,3291.72
681,3127.32,3291.27
682,3126.65,3290.83
683,3126.08,3290.39
684,3125.41,3290.06
685,3124.84,3289.61
686,3124.17,3289.17
687,3123.6,3288.72
688,3122.94,3288.28
689,3122.36,3287.95
690,3121.7,3287.51
691,3121.12,3287.06
692,3114.93,3284.73
693,3108.74,3282.29
694,3102.55,3279.86
695,3096.35,3277.53
696,3090.16,3275.2
697,3083.97,3272.76
698,3077.77,3270.32
699,3071.58,3267.99
700,3065.39,3265.55
701,3059.19,3263.22
702,3047.76,3258.35
703,3036.42,3253.47
704,3024.99,3248.59
705,3013.65,3243.71
706,3002.22,3238.72
707,2990.88,3233.84
708,2979.45,3228.96
709,2968.11,3224.09
710,2956.67,3219.21
711,2946.48,3214.88
712,2936.19,3210.45
713,2926.0,3206.12
714,2915.71,3201.69
715,2905.51,3197.25
716,2895.32,3192.93
717,2885.03,3188.5
718,2874.83,3184.17
719,2864.54,3179.74
720,2854.35,3175.41
721,2844.06,3171.86
722,2833.77,3168.32
723,2823.48,3164.88
724,2813.19,3161.33
725,2802.9,3157.78
726,2792.61,3154.24
727,2782.32,3150.69
728,2772.03,3147.25
729,2761.74,3143.7
730,2751.45,3140.15
731,2749.54,3142.26
732,2747.73,3144.26
733,2745.82,3146.36
734,2743.92,3148.36
735,2742.11,3150.47
736,2740.2,3152.57
737,2738.3,3154.57
738,2736.49,3156.67
739,2734.58,3158.78
740,2732.68,3160.78
741,2730.87,3162.88
742,2728.96,3164.88
743,2727.05,3166.99
744,2725.24,3169.09
745,2723.34,3171.09
746,2721.43,3173.19
747,2719.62,3175.3
748,2717.72,3177.3
749,2715.81,3179.4
750,2714.0,3181.4
751,2712.1,3183.51
752,2711.43,3185.5
753,2710.76,3187.5
754,2710.0,3189.6
755,2709.33,3191.6
756,2708.67,3193.6
757,2708.0,3195.59
758,2707.24,3197.7
759,2706.57,3199.69
760,2705.9,3201.69
761,2705.04,3203.35
762,2704.19,3205.02
763,2703.43,3206.68
764,2702.57,3208.34
765,2701.71,3210.0
766,2700.85,3211.78
767,2700.0,3213.44
768,2699.14,3215.1
769,2698.38,3216.77
770,2697.52,3218.43
771,2696.66,3220.09
772,2696.47,3219.98
773,2696.28,3219.87
774,2696.09,3219.76
775,2695.9,3219.65
776,2695.71,3219.65
777,2695.42,3219.54
778,2695.23,3219.43
779,2695.04,3219.32
780,2694.85,3219.32
781,2694.66,3219.21
782,2694.37,3219.1
783,2694.18,3219.1
784,2693.99,3218.99
785,2693.71,3218.99
786,2693.33,3219.1
787,2693.04,3219.1
788,2692.75,3219.21
789,2692.37,3219.21
790,2692.09,3219.32
791,2691.8,3219.32
792,2691.42,3219.43
793,2691.13,3219.43
794,2691.13,3219.54
795,2691.04,3219.65
796,2691.04,3219.76
797,2690.94,3219.87
798,2690.94,3219.98
799,2690.94,3220.09
800,2690.85,3220.21
801,2690.85,3220.32
802,2690.75,3220.43
803,2690.75,3220.65
804,2690.75,3220.76
805,2690.66,3220.87
806,2690.66,3220.98
807,2690.56,3221.09
808,2690.56,3221.2
809,2690.56,3221.31
810,2690.47,3221.42
811,2690.47,3221.54
812,2690.37,3221.65
813,2690.37,3221.76
814,2689.8,3223.42
815,2689.23,3225.08
816,2688.66,3226.75
817,2688.09,3228.41
818,2687.51,3230.07
819,2686.85,3231.74
820,2686.28,3233.4
821,2685.7,3235.06
822,2685.13,3236.73
823,2684.56,3238.39
824,2683.99,3240.05
825,2683.51,3240.72
826,2683.13,3241.38
827,2682.65,3242.05
828,2682.18,3242.71
829,2681.7,3243.38
830,2681.32,3243.93
831,2680.84,3244.6
832,2680.37,3245.26
833,2679.99,3245.93
834,2679.51,3246.59
835,2678.37,3249.14
836,2677.32,3251.69
837,2676.18,3254.24
838,2675.03,3256.79
839,2673.98,3259.34
840,2672.84,3261.78
841,2671.7,3264.33
842,2670.65,3266.88
843,2669.51,3269.43
844,2668.36,3271.98
845,2667.31,3274.53
846,2666.17,3277.08
847,2665.89,3280.96
848,2667.03,3286.06
849,2666.55,3286.95
850,2666.08,3287.73
851,2665.5,3288.61
852,2665.03,3289.39
853,2664.55,3290.17
854,2663.98,3291.05
855,2663.5,3291.94
856,2663.03,3292.72
857,2662.55,3293.6
858,2661.98,3294.38
859,2661.5,3295.16
860,2661.03,3296.04
861,2660.55,3296.93
862,2660.07,3297.71
863,2659.5,3298.59
864,2659.03,3299.37
865,2658.55,3300.14
866,2658.07,3301.03
867,2657.5,3301.92
868,2657.02,3302.69
869,2656.55,3303.03
870,2656.07,3303.47
871,2655.6,3303.8
872,2655.12,3304.14
873,2654.64,3304.58
874,2654.17,3304.91
875,2653.69,3305.36
876,2653.21,3305.69
877,2652.74,3306.02
878,2652.26,3306.46
879,2651.78,3306.8
880,2651.31,3307.35
881,2650.83,3307.8
882,2650.36,3308.35
883,2649.88,3308.9
884,2649.5,3309.35
885,2649.02,3309.9
886,2648.54,3310.46
887,2648.07,3311.01
888,2647.59,3311.45
889,2647.12,3312.01
890,2646.54,3312.01
891,2645.97,3312.12
892,2645.4,3312.23
893,2644.83,3312.23
894,2644.26,3312.34
895,2643.69,3312.34
896,2643.11,3312.34
897,2642.54,3312.45
898,2641.97,3312.45
899,2641.4,3312.56
900,2640.73,3312.9
901,2640.07,3313.23
902,2639.49,3313.56
903,2638.83,3313.89
904,2638.16,3314.23
905,2637.49,3314.67
906,2636.83,3315.0
907,2636.25,3315.33
908,2635.59,3315.67
909,2634.92,3316.0
910,2634.54,3316.44
911,2634.16,3316.89
912,2633.78,3317.33
913,2633.3,3317.77
914,2632.92,3318.22
915,2632.54,3318.66
916,2632.16,3319.1
917,2631.78,3319.55
918,2631.39,3319.99
919,2630.92,3320.43
920,2630.54,3320.77
921,2630.16,3321.21
922,2629.78,3321.65
923,2629.39,3322.1
924,2629.01,3322.54
925,2628.63,3322.98
926,2628.16,3323.43
927,2627.77,3323.87
928,2627.39,3324.32
929,2627.01,3324.76
930,2627.01,3325.2
931,2627.01,3325.65
932,2626.92,3326.09
933,2626.92,3326.53
934,2626.92,3326.98
935,2626.92,3327.42
936,2626.82,3327.86
937,2626.82,3328.42
938,2626.82,3328.86
939,2626.73,3329.3
940,2626.73,3329.75
941,2626.73,3330.19
942,2626.73,3330.64
943,2626.63,3331.08
944,2626.63,3331.52
945,2626.63,3331.97
