340,3746.82,2794.01
341,3745.67,2793.79
342,3744.63,2793.45
343,3743.48,2793.23
344,3742.43,2792.9
345,3741.29,2792.68
346,3737.38,2791.79
347,3733.38,2790.9
348,3729.48,2790.02
349,3725.47,2789.13
350,3721.57,2788.13
351,3717.57,2787.24
352,3713.57,2786.36
353,3709.66,2785.47
354,3705.66,2784.58
355,3701.75,2783.7
356,3695.75,2782.14
357,3689.75,2780.48
358,3683.74,2778.93
359,3677.74,2777.27
360,3671.74,2775.71
361,3665.83,2774.16
362,3659.83,2772.5
363,3653.83,2770.95
364,3647.82,2769.28
365,3641.82,2767.73
366,3641.34,2767.62
367,3640.77,2767.4
368,3640.3,2767.29
369,3639.82,2767.18
370,3639.25,2766.95
371,3638.77,2766.84
372,3638.3,2766.73
373,3637.82,2766.62
374,3637.25,2766.4
375,3636.77,2766.29
376,3636.29,2766.18
377,3635.72,2765.96
378,3635.25,2765.85
379,3634.77,2765.74
380,3634.2,2765.62
381,3633.72,2765.4
382,3633.25,2765.29
383,3632.77,2765.18
384,3632.2,2764.96
385,3631.72,2764.85
386,3631.72,2764.85
387,3631.72,2764.85
388,3631.72,2764.85
389,3631.72,2764.85
390,3631.72,2764.85
391,3631.72,2764.85
392,3631.72,2764.85
393,3631.72,2764.85
394,3631.72,2764.85
395,3631.72,2764.85
396,3631.72,2764.85
397,3631.72,2764.85
398,3631.72,2764.85
399,3631.72,2764.85
400,3631.72,2764.85
401,3631.72,2764.85
402,3631.72,2764.85
403,3631.72,2764.85
404,3631.72,2764.85
405,3631.72,2764.85
406,3631.72,2764.85
407,3631.72,2764.85
408,3631.72,2764.85
409,3631.72,2764.85
410,3631.72,2764.85
411,3631.72,2764.85
412,3631.72,2764.85
413,3631.72,2764.85
414,3631.72,2764.85
415,3631.72,2764.85
416,3631.72,2764.85
417,3631.72,2764.85
418,3631.72,2764.85
419,3631.72,2764.85
420,3631.72,2764.85
421,3631.72,2764.85
422,3631.72,2764.85
423,3631.72,2764.85
424,3631.72,2764.85
425,3631.72,2764.85
426,3631.72,2764.85
427,3631.72,2764.85
428,3631.72,2764.85
429,3631.72,2764.85
430,3631.72,2764.85
431,3631.72,2764.85
432,3631.72,2764.85
433,3631.72,2764.85
434,3631.72,2764.85
435,3631.72,2764.85
436,3631.72,2764.85
437,3631.72,2764.85
438,3631.72,2764.85
439,3631.72,2764.85
440,3631.72,2764.85
441,3631.72,2764.85
442,3631.72,2764.85
443,3631.72,2764.85
444,3631.72,2764.85
445,3631.72,2764.85
446,3631.72,2764.85
447,3631.72,2764.85
448,3631.72,2764.85
449,3631.72,2764.85
450,3631.72,2764.85
451,3631.72,2764.85
452,3631.72,2764.85
453,3631.72,2764.85
454,3631.72,2764.85
455,3631.72,2764.85
456,3631.72,2764.85
457,3631.72,2764.85
458,3631.72,2764.85
459,3631.72,2764.85
460,3631.72,2764.85
461,3631.72,2764.85
462,3631.72,2764.85
463,3631.72,2764.85
464,3631.72,2764.85
465,3631.72,2764.85
466,3631.72,2764.85
467,3631.72,2764.85
468,3631.72,2764.85
469,3631.72,2764.85
470,3631.72,2764.85
471,3631.72,2764.85
472,3631.72,2764.85
473,3631.72,2764.85
474,3631.72,2764.85
475,3631.72,2764.85
476,3631.72,2764.85
477,3631.72,2764.85
478,3631.72,2764.85
479,3631.72,2764.85
480,3631.72,2764.85
481,3631.72,2764.85
482,3631.72,2764.85
483,3631.72,2764.85
484,3631.72,2764.85
485,3631.72,2764.85
486,3631.34,2764.74
487,3630.86,2764.63
488,3630.48,2764.52
489,3630.01,2764.4
490,3629.62,2764.29
491,3629.15,2764.18
492,3628.77,2764.07
493,3628.29,2763.96
494,3627.91,2763.85
495,3627.43,2763.74
496,3627.05,2763.74
497,3626.67,2763.63
498,3626.19,2763.52
499,3625.81,2763.41
500,3625.34,2763.3
501,3624.96,2763.19
502,3624.48,2763.07
503,3624.1,2762.96
504,3623.62,2762.85
505,3623.24,2762.74
506,3620.67,2762.85
507,3618.0,2762.96
508,3615.33,2762.96
509,3612.76,2763.07
510,3610.09,2763.19
511,3607.52,2763.3
512,3604.76,2767.51
513,3601.99,2771.61
514,3599.33,2775.71
515,3596.56,2779.93
516,3595.32,2783.59
517,3594.09,2787.24
518,3592.85,2791.01
519,3591.61,2794.67
520,3590.37,2798.33
521,3589.13,2801.99
522,3587.89,2805.65
523,3586.65,2809.42
524,3585.42,2813.08
525,3584.18,2816.74
526,3583.13,2822.17
527,3581.99,2827.49
528,3580.94,2832.92
529,3579.79,2838.36
530,3578.75,2843.68
531,3577.6,2849.11
532,3576.46,2854.54
533,3575.41,2859.98
534,3574.27,2865.3
535,3573.22,2870.73
536,3573.22,2870.73
537,3573.22,2870.73
538,3573.22,2870.73
539,3573.22,2870.73
540,3573.22,2870.73
541,3573.22,2870.73
542,3573.22,2870.73
543,3573.22,2870.73
544,3573.22,2870.73
545,3573.22,2870.73
546,3573.12,2871.29
547,3572.93,2871.84
548,3572.84,2872.51
549,3572.65,2873.06
550,3572.55,2873.62
551,3572.46,2874.28
552,3572.27,2874.83
553,3572.17,2875.39
554,3571.98,2875.94
555,3571.89,2876.5
556,3571.79,2877.16
557,3571.6,2877.72
558,3571.51,2878.27
559,3571.31,2878.94
560,3571.22,2879.49
561,3571.12,2880.05
562,3570.93,2880.6
563,3570.84,2881.15
564,3570.65,2881.82
565,3570.55,2882.37
566,3569.79,2886.81
567,3569.12,2891.24
568,3568.36,2895.68
569,3567.6,2900.11
570,3566.93,2904.55
571,3566.17,2908.98
572,3565.41,2913.42
573,3564.65,2917.85
574,3563.98,2922.29
575,3563.22,2926.72
576,3563.12,2927.5
577,3562.93,2928.28
578,3562.83,2929.05
579,3562.64,2929.83
580,3562.55,2930.6
581,3562.36,2931.38
582,3562.26,2932.16
583,3562.07,2932.93
584,3561.88,2933.71
585,3561.79,2934.48
586,3561.6,2935.7
587,3561.41,2936.81
588,3561.22,2938.03
589,3561.02,2939.14
590,3560.74,2940.36
591,3560.55,2941.58
592,3560.36,2942.69
593,3560.17,2943.91
594,3559.98,2945.02
595,3559.79,2946.24
596,3559.4,2948.23
597,3558.93,2950.12
598,3558.55,2952.11
599,3558.07,2954.11
600,3557.69,2955.99
601,3557.31,2957.99
602,3556.83,2959.99
603,3556.45,2961.98
604,3555.97,2963.87
605,3555.59,2965.86
606,3555.59,2965.86
607,3555.59,2965.86
608,3555.59,2965.86
609,3555.59,2965.86
610,3555.59,2965.86
611,3555.59,2965.86
612,3555.59,2965.86
613,3555.59,2965.86
614,3555.59,2965.86
615,3555.59,2965.86
616,3555.59,2965.86
617,3555.59,2965.86
618,3555.59,2965.86
619,3555.59,2965.86
620,3555.59,2965.86
621,3555.59,2965.86
622,3555.59,2965.86
623,3555.59,2965.86
624,3555.59,2965.86
625,3555.59,2965.86
626,3555.59,2965.86
627,3555.59,2965.86
628,3555.59,2965.86
629,3555.59,2965.86
630,3555.59,2965.86
631,3555.59,2965.86
632,3555.59,2965.86
633,3555.59,2965.86
634,3555.59,2965.86
635,3555.59,2965.86
636,3553.78,2968.97
637,3552.07,2972.18
638,3550.26,2975.4
639,3548.54,2978.5
640,3546.73,2981.61
641,3544.92,2984.82
642,3543.21,2988.04
643,3541.4,2991.14
644,3539.68,2994.36
645,3537.87,2997.46
646,3533.58,3000.34
647,3529.3,3003.23
648,3525.1,3006.11
649,3520.82,3008.88
650,3516.53,3011.76
651,3512.24,3014.65
652,3502.71,3016.53
653,3493.19,3018.53
654,3483.66,3020.41
655,3474.13,3022.3
656,3464.6,3024.29
657,3454.98,3026.18
658,3445.45,3028.06
659,3435.92,3029.95
660,3426.4,3031.94
661,3416.87,3033.83
662,3405.63,3033.27
663,3394.29,3032.72
664,3383.04,3032.27
665,3371.71,3031.72
666,3360.46,3031.17
667,3349.22,3030.61
668,3337.88,3030.06
669,3326.64,3029.61
670,3315.3,3029.06
671,3304.06,3028.51
672,3294.34,3025.62
673,3284.62,3022.74
674,3274.81,3019.86
675,3265.09,3017.09
676,3255.37,3014.2
677,3245.65,3011.32
678,3235.84,3008.44
679,3226.12,3005.55
680,3216.4,3002.67
681,3206.68,2999.79
682,3196.87,2997.02
683,3187.15,2994.13
684,3177.43,2991.25
685,3167.62,2988.37
686,3157.9,2985.49
687,3148.18,2982.6
688,3138.47,2979.83
689,3128.65,2976.95
690,3118.93,2974.07
691,3109.22,2971.18
692,3101.78,2966.42
693,3094.26,2961.54
694,3086.82,2956.77
695,3079.39,2952.0
696,3071.87,2947.24
697,3064.43,2942.36
698,3057.0,2937.59
699,3049.57,2932.82
700,3042.04,2927.94
701,3034.61,2923.18
702,3031.56,2921.18
703,3028.61,2919.18
704,3025.56,2917.3
705,3022.51,2915.3
706,3019.56,2913.31
707,3016.51,2911.31
708,3013.46,2909.32
709,3010.41,2907.43
710,3007.46,2905.44
711,3004.41,2903.44
712,3002.41,2902.0
713,3000.31,2900.67
714,2998.31,2899.23
715,2996.22,2897.79
716,2994.21,2896.46
717,2992.12,2895.01
718,2990.12,2893.68
719,2988.02,2892.24
720,2986.02,2890.8
721,2983.92,2889.47
722,2981.92,2888.03
723,2978.78,2885.04
724,2975.54,2882.15
725,2972.4,2879.16
726,2969.25,2876.17
727,2966.01,2873.28
728,2962.87,2870.29
729,2959.72,2867.3
730,2956.48,2864.41
731,2953.34,2861.42
732,2942.38,2854.77
733,2931.52,2848.11
734,2920.56,2841.46
735,2909.61,2834.7
736,2898.75,2828.05
737,2887.79,2821.39
738,2876.83,2814.74
739,2865.87,2808.09
740,2855.01,2801.44
741,2844.06,2794.67
742,2833.1,2788.02
743,2822.24,2781.37
744,2811.28,2774.72
745,2800.32,2768.06
746,2789.46,2761.41
747,2778.5,2754.76
748,2767.55,2748.0
749,2756.59,2741.34
750,2745.73,2734.69
751,2734.77,2728.04
752,2720.0,2717.39
753,2705.33,2706.75
754,2690.56,2696.0
755,2675.89,2685.35
756,2661.12,2674.71
757,2646.35,2664.06
758,2631.68,2653.42
759,2616.91,2642.67
760,2602.24,2632.02
761,2587.47,2621.38
762,2575.94,2613.62
763,2564.51,2605.75
764,2552.98,2597.98
765,2541.45,2590.22
766,2530.02,2582.46
767,2518.49,2574.59
768,2507.06,2566.83
769,2495.53,2559.07
770,2484.0,2551.31
771,2472.57,2543.43
772,2461.04,2535.67
773,2448.37,2530.13
774,2435.69,2524.59
775,2423.12,2519.04
776,2410.44,2513.5
777,2397.77,2507.95
778,2385.1,2502.41
779,2372.52,2496.87
780,2359.85,2491.32
781,2347.18,2485.78
782,2335.46,2480.68
783,2323.74,2475.47
784,2311.93,2470.37
785,2300.21,2465.27
786,2288.49,2460.17
787,2276.77,2454.96
788,2265.05,2449.86
789,2253.24,2444.76
790,2241.52,2439.55
791,2229.8,2434.45
792,2224.37,2431.9
793,2219.03,2429.35
794,2213.6,2426.91
795,2208.26,2424.36
796,2202.83,2421.81
797,2197.5,2419.26
798,2192.07,2416.71
799,2186.73,2414.16
800,2181.3,2411.72
801,2175.96,2409.17
802,2170.53,2406.62
803,2165.2,2404.07
804,2159.77,2401.52
805,2154.43,2398.97
806,2149.0,2396.53
807,2143.67,2393.98
808,2138.23,2391.43
809,2132.9,2388.88
810,2127.47,2386.33
811,2122.13,2383.78
812,2116.7,2381.34
813,2111.37,2378.79
814,2105.94,2376.24
815,2093.26,2370.58
816,2080.5,2365.04
817,2067.82,2359.38
818,2055.15,2353.84
819,2042.48,2348.19
820,2029.71,2342.64
821,2017.04,2336.99
822,2006.66,2333.22
823,1996.27,2329.45
824,1985.98,2325.68
825,1975.59,2321.91
826,1965.21,2318.03
827,1954.82,2314.26
828,1944.44,2310.49
829,1934.15,2306.72
830,1923.76,2302.95
831,1913.38,2299.18
832,1902.8,2301.51
833,1892.23,2303.84
834,1881.65,2306.05
835,1871.17,2308.38
836,1860.59,2310.71
837,1850.02,2313.04
838,1843.92,2319.03
839,1837.92,2324.9
840,1831.82,2330.89
841,1825.72,2336.88
842,1819.72,2342.86
843,1813.62,2348.74
844,1807.62,2354.73
845,1801.52,2360.72
846,1795.42,2366.7
847,1789.42,2372.58
848,1783.32,2378.57
849,1778.37,2392.54
850,1773.41,2406.39
851,1768.46,2420.36
852,1763.51,2434.33
853,1758.55,2448.19
854,1753.6,2462.16
855,1748.64,2476.02
856,1743.69,2489.99
857,1738.73,2503.96
858,1733.68,2517.82
859,1728.73,2531.79
860,1723.77,2545.76
861,1718.82,2559.62
862,1713.87,2573.59
863,1708.91,2587.45
864,1703.96,2601.42
865,1699.0,2615.39
866,1694.05,2629.25
867,1689.09,2643.22
868,1688.33,2655.97
869,1687.47,2668.72
870,1686.71,2681.47
871,1685.85,2694.11
872,1685.09,2706.86
873,1684.23,2719.61
874,1683.47,2732.36
875,1682.71,2745.11
876,1681.85,2757.75
877,1681.09,2770.5
878,1680.23,2783.25
879,1679.47,2796.0
880,1677.75,2815.74
881,1676.14,2835.47
882,1674.52,2855.21
883,1672.8,2874.95
884,1671.09,2894.68
885,1669.47,2914.42
886,1667.75,2934.15
887,1666.13,2953.89
888,1663.84,2969.08
889,1661.65,2984.38
890,1659.37,2999.57
891,1657.08,3014.87
892,1654.79,3030.06
893,1652.6,3045.36
894,1650.31,3060.66
895,1648.03,3075.85
896,1645.84,3091.15
897,1643.55,3106.34
898,1640.88,3122.97
899,1638.31,3139.6
900,1635.64,3156.23
901,1633.07,3172.86
902,1630.4,3189.49
903,1627.83,3206.12
904,1625.26,3222.76
905,1622.59,3239.39
906,1619.92,3256.02
907,1617.35,3272.65
908,1612.49,3286.62
909,1607.73,3300.59
910,1602.87,3314.56
911,1598.01,3328.64
912,1593.24,3342.61
913,1588.38,3356.58
914,1583.52,3370.55
915,1578.76,3384.52
916,1573.9,3398.49
917,1569.04,3412.46
918,1564.28,3426.54
919,1559.42,3440.51
920,1554.66,3454.48
921,1549.8,3468.45
922,1544.94,3482.42
923,1540.17,3496.39
924,1535.31,3510.47
925,1530.45,3524.44
926,1525.69,3538.41
927,1520.83,3552.38
928,1515.5,3562.69
929,1510.16,3572.89
930,1504.82,3583.2
931,1499.49,3593.52
932,1494.15,3603.83
933,1488.91,3614.03
934,1483.58,3624.34
935,1478.24,3634.65
936,1472.91,3644.85
937,1467.57,3655.16
938,1464.05,3662.48
939,1460.52,3669.91
940,1457.0,3677.23
941,1453.47,3684.65
942,1449.85,3692.08
943,1446.32,3699.4
944,1442.8,3706.72
945,1439.27,3714.15
