366,50.78,2698.1
367,60.31,2702.65
368,69.93,2707.08
369,79.56,2711.63
370,89.09,2716.06
371,98.61,2720.61
372,108.24,2725.16
373,117.76,2729.59
374,127.39,2734.14
375,137.01,2738.57
376,146.54,2743.12
377,156.07,2747.66
378,165.69,2752.1
379,175.22,2756.64
380,184.84,2761.08
381,194.37,2765.62
382,203.99,2770.17
383,213.52,2774.61
384,223.14,2779.15
385,232.67,2783.59
386,242.29,2788.13
387,249.06,2790.35
388,255.82,2792.68
389,262.68,2794.9
390,269.45,2797.11
391,276.21,2799.33
392,282.98,2801.66
393,289.74,2803.88
394,296.6,2806.09
395,303.37,2808.42
396,310.13,2810.64
397,310.32,2810.64
398,310.51,2810.64
399,310.7,2810.75
400,310.89,2810.75
401,311.08,2810.75
402,311.27,2810.75
403,311.46,2810.75
404,311.66,2810.86
405,311.85,2810.86
406,312.04,2810.86
407,312.04,2810.86
408,312.04,2810.86
409,312.04,2810.86
410,312.04,2810.86
411,312.04,2810.86
412,312.04,2810.86
413,312.04,2810.86
414,312.04,2810.86
415,312.04,2810.86
416,312.04,2810.86
417,312.04,2810.86
418,312.04,2810.86
419,312.04,2810.86
420,312.04,2810.86
421,312.04,2810.86
422,312.04,2810.86
423,312.04,2810.86
424,312.04,2810.86
425,312.04,2810.86
426,312.04,2810.86
427,312.04,2810.86
428,312.04,2810.86
429,312.04,2810.86
430,312.04,2810.86
431,312.04,2810.86
432,312.04,2810.86
433,312.04,2810.86
434,312.04,2810.86
435,312.04,2810.86
436,312.04,2810.86
437,312.04,2810.86
438,312.04,2810.86
439,312.04,2810.86
440,312.04,2810.86
441,312.04,2810.86
442,312.04,2810.86
443,312.04,2810.86
444,312.04,2810.86
445,312.04,2810.86
446,312.04,2810.86
447,312.04,2810.86
448,312.04,2810.86
449,312.04,2810.86
450,312.04,2810.86
451,312.04,2810.86
452,312.04,2810.86
453,312.04,2810.86
454,312.04,2810.86
455,312.04,2810.86
456,312.04,2810.86
457,312.04,2810.86
458,312.04,2810.86
459,312.04,2810.86
460,312.04,2810.86
461,312.04,2810.86
462,312.04,2810.86
463,312.04,2810.86
464,312.04,2810.86
465,312.04,2810.86
466,312.04,2810.86
467,312.04,2810.86
468,312.04,2810.86
469,312.04,2810.86
470,312.04,2810.86
471,312.04,2810.86
472,312.04,2810.86
473,312.04,2810.86
474,312.04,2810.86
475,312.04,2810.86
476,312.04,2810.86
477,312.04,2810.86
478,312.04,2810.86
479,312.04,2810.86
480,312.04,2810.86
481,312.04,2810.86
482,312.04,2810.86
483,312.04,2810.86
484,312.04,2810.86
485,312.04,2810.86
486,312.04,2810.86
487,312.7,2810.97
488,313.27,2811.19
489,313.94,2811.3
490,314.61,2811.53
491,315.18,2811.64
492,315.85,2811.75
493,316.51,2811.97
494,317.09,2812.08
495,317.75,2812.3
496,318.32,2812.41
497,318.99,2812.52
498,319.66,2812.75
499,320.23,2812.86
500,320.9,2813.08
501,321.56,2813.19
502,322.14,2813.3
503,322.8,2813.52
504,323.47,2813.63
505,324.04,2813.85
506,324.71,2813.97
507,329.66,2815.52
508,334.62,2817.07
509,339.57,2818.51
510,344.53,2820.06
511,349.48,2821.62
512,354.44,2823.17
513,359.39,2824.72
514,364.34,2826.16
515,369.3,2827.71
516,374.25,2829.27
517,379.78,2831.15
518,385.21,2833.04
519,390.74,2834.92
520,396.26,2836.81
521,401.79,2838.69
522,407.22,2840.46
523,412.75,2842.35
524,418.27,2844.23
525,423.7,2846.12
526,429.23,2848.0
527,435.14,2850.66
528,441.14,2853.33
529,447.05,2855.88
530,452.95,2858.54
531,458.86,2861.2
532,464.86,2863.86
533,470.77,2866.52
534,476.68,2869.07
535,482.68,2871.73
536,488.59,2874.39
537,496.49,2877.38
538,504.31,2880.38
539,512.22,2883.26
540,520.12,2886.25
541,527.94,2889.25
542,535.84,2892.24
543,543.75,2895.24
544,551.66,2898.12
545,559.47,2901.11
546,567.38,2904.11
547,575.0,2907.43
548,582.53,2910.76
549,590.15,2914.08
550,597.68,2917.41
551,605.3,2920.74
552,612.92,2924.06
553,620.45,2927.39
554,628.07,2930.71
555,635.6,2934.04
556,643.22,2937.37
557,650.85,2940.69
558,658.37,2944.02
559,665.99,2947.35
560,673.52,2950.67
561,681.14,2954.0
562,688.77,2957.32
563,696.29,2960.65
564,703.92,2963.98
565,711.44,2967.3
566,719.06,2970.63
567,726.5,2975.18
568,734.02,2979.83
569,741.46,2984.38
570,748.98,2989.03
571,756.41,2993.58
572,763.94,2998.13
573,771.47,3002.78
574,778.9,3007.33
575,786.43,3011.99
576,793.86,3016.53
577,802.34,3021.08
578,810.82,3025.51
579,819.3,3029.95
580,827.78,3034.49
581,836.35,3039.04
582,844.83,3043.47
583,853.31,3048.02
584,861.79,3052.45
585,870.27,3057.0
586,878.75,3061.43
587,886.28,3064.76
588,893.81,3068.09
589,901.33,3071.3
590,908.86,3074.63
591,916.39,3077.95
592,923.91,3081.28
593,931.44,3084.61
594,938.97,3087.82
595,946.49,3091.15
596,954.02,3094.47
597,957.64,3096.36
598,961.26,3098.13
599,964.88,3100.02
600,968.5,3101.79
601,972.12,3103.68
602,975.84,3105.45
603,979.46,3107.34
604,983.08,3109.11
605,986.7,3110.99
606,990.32,3112.77
607,993.94,3114.65
608,994.04,3114.65
609,994.04,3114.76
610,994.13,3114.76
611,994.13,3114.76
612,994.23,3114.88
613,994.23,3114.88
614,994.32,3114.88
615,994.42,3114.99
616,994.42,3114.99
617,994.51,3114.99
618,994.51,3114.99
619,994.61,3115.1
620,994.7,3115.1
621,994.7,3115.1
622,994.8,3115.21
623,994.8,3115.21
624,994.9,3115.21
625,994.9,3115.32
626,994.99,3115.32
627,994.99,3115.32
628,994.99,3115.32
629,994.99,3115.32
630,994.99,3115.32
631,994.99,3115.32
632,994.99,3115.32
633,994.99,3115.32
634,994.99,3115.32
635,994.99,3115.32
636,994.99,3115.32
637,997.47,3116.65
638,999.85,3117.98
639,1002.33,3119.31
640,1004.8,3120.64
641,1007.19,3121.97
642,1009.66,3123.19
643,1012.14,3124.52
644,1014.62,3125.85
645,1017.0,3127.18
646,1019.48,3128.51
647,1025.19,3132.28
648,1031.01,3136.16
649,1036.72,3139.93
650,1042.44,3143.7
651,1048.16,3147.58
652,1053.97,3151.35
653,1059.68,3155.12
654,1065.4,3158.89
655,1071.21,3162.77
656,1076.93,3166.54
657,1083.98,3170.2
658,1090.94,3173.86
659,1097.99,3177.52
660,1104.94,3181.18
661,1111.99,3184.84
662,1118.95,3188.5
663,1125.9,3192.15
664,1132.95,3195.81
665,1139.91,3199.47
666,1146.96,3203.13
667,1153.25,3205.9
668,1159.63,3208.67
669,1165.92,3211.45
670,1172.21,3214.22
671,1178.5,3216.99
672,1184.88,3219.76
673,1191.17,3222.53
674,1197.46,3225.31
675,1203.75,3228.08
676,1210.13,3230.85
677,1216.42,3233.62
678,1222.71,3236.39
679,1228.99,3239.16
680,1235.38,3241.94
681,1241.67,3244.71
682,1247.95,3247.48
683,1254.24,3250.25
684,1260.53,3253.02
685,1266.91,3255.8
686,1273.2,3258.57
687,1273.2,3258.57
688,1273.2,3258.57
689,1273.2,3258.57
690,1273.2,3258.57
691,1273.2,3258.57
692,1273.2,3258.57
693,1273.2,3258.57
694,1273.2,3258.57
695,1273.2,3258.57
696,1273.2,3258.57
697,1274.44,3259.34
698,1275.68,3260.01
699,1276.92,3260.67
700,1278.16,3261.45
701,1279.4,3262.12
702,1280.63,3262.89
703,1281.87,3263.67
704,1283.11,3264.33
705,1284.35,3265.11
706,1285.59,3265.77
707,1291.21,3267.88
708,1296.83,3269.99
709,1302.45,3272.09
710,1308.08,3274.2
711,1313.6,3276.31
712,1319.22,3278.41
713,1324.84,3280.52
714,1330.47,3282.63
715,1336.09,3284.73
716,1341.71,3286.84
717,1350.76,3290.5
718,1359.81,3294.27
719,1368.77,3297.93
720,1377.82,3301.59
721,1386.87,3305.36
722,1395.92,3309.01
723,1404.97,3312.67
724,1413.93,3316.33
725,1422.98,3320.1
726,1432.03,3323.76
727,1437.56,3325.98
728,1442.99,3328.31
729,1448.52,3330.52
730,1453.95,3332.85
731,1459.47,3335.07
732,1464.9,3337.4
733,1470.33,3339.62
734,1475.86,3341.94
735,1481.39,3344.16
736,1486.82,3346.38
737,1492.25,3348.71
738,1497.77,3350.92
739,1503.3,3353.25
740,1508.73,3355.47
741,1514.16,3357.8
742,1519.69,3360.02
743,1525.12,3362.34
744,1530.65,3364.56
745,1536.17,3366.89
746,1541.6,3369.11
747,1541.6,3369.11
748,1541.6,3369.11
749,1541.6,3369.11
750,1541.6,3369.11
751,1541.6,3369.11
752,1541.6,3369.11
753,1541.6,3369.11
754,1541.6,3369.11
755,1541.6,3369.11
756,1541.6,3369.11
757,1541.6,3369.11
758,1541.6,3369.11
759,1541.6,3369.11
760,1541.6,3369.11
761,1541.6,3369.11
762,1541.6,3369.11
763,1541.6,3369.11
764,1541.6,3369.11
765,1541.6,3369.11
766,1541.6,3369.11
767,1541.6,3369.11
768,1541.6,3369.11
769,1541.6,3369.11
770,1541.6,3369.11
771,1541.6,3369.11
772,1541.6,3369.11
773,1541.6,3369.11
774,1541.6,3369.11
775,1541.6,3369.11
776,1541.6,3369.11
777,1541.6,3369.11
778,1541.6,3369.11
779,1541.6,3369.11
780,1541.6,3369.11
781,1541.6,3369.11
782,1541.6,3369.11
783,1541.6,3369.11
784,1541.6,3369.11
785,1541.6,3369.11
786,1541.6,3369.11
787,1541.6,3369.11
788,1541.6,3369.11
789,1541.6,3369.11
790,1541.6,3369.11
791,1541.6,3369.11
792,1541.6,3369.11
793,1541.6,3369.11
794,1541.6,3369.11
795,1541.6,3369.11
796,1541.6,3369.11
797,1541.6,3369.11
798,1541.6,3369.11
799,1541.6,3369.11
800,1541.6,3369.11
801,1541.6,3369.11
802,1541.6,3369.11
803,1541.6,3369.11
804,1541.6,3369.11
805,1541.6,3369.11
806,1541.6,3369.11
807,1541.6,3369.11
808,1541.6,3369.11
809,1541.6,3369.11
810,1541.6,3369.11
811,1541.6,3369.11
812,1541.6,3369.11
813,1541.6,3369.11
814,1541.6,3369.11
815,1541.6,3369.11
816,1541.6,3369.11
817,1541.6,3369.11
818,1541.6,3369.11
819,1541.6,3369.11
820,1541.6,3369.11
821,1541.6,3369.11
822,1541.6,3369.11
823,1541.6,3369.11
824,1541.6,3369.11
825,1541.6,3369.11
826,1541.6,3369.11
827,1541.6,3369.11
828,1541.6,3369.11
829,1541.6,3369.11
830,1541.6,3369.11
831,1541.6,3369.11
832,1541.6,3369.11
833,1541.6,3369.11
834,1541.6,3369.11
835,1541.6,3369.11
836,1541.6,3369.11
837,1541.6,3369.11
838,1541.6,3369.11
839,1541.6,3369.11
840,1541.6,3369.11
841,1541.6,3369.11
842,1541.6,3369.11
843,1541.6,3369.11
844,1541.6,3369.11
845,1541.6,3369.11
846,1541.6,3369.11
847,1541.6,3369.11
848,1541.7,3369.22
849,1541.7,3369.22
850,1541.7,3369.22
851,1541.79,3369.33
852,1541.79,3369.33
853,1541.79,3369.33
854,1541.89,3369.33
855,1541.89,3369.44
856,1541.98,3369.44
857,1541.98,3369.44
858,1541.98,3369.55
859,1542.08,3369.55
860,1542.08,3369.55
861,1542.08,3369.55
862,1542.17,3369.66
863,1542.17,3369.66
864,1542.17,3369.66
865,1542.27,3369.77
866,1542.27,3369.77
867,1542.65,3370.0
868,1542.94,3370.11
869,1543.22,3370.33
870,1543.6,3370.55
871,1543.98,3370.66
872,1544.27,3370.88
873,1544.65,3371.1
874,1544.94,3371.33
875,1545.32,3371.44
876,1545.6,3371.66
877,1550.84,3375.1
878,1556.08,3378.53
879,1561.32,3381.97
880,1566.57,3385.41
881,1571.81,3388.73
882,1577.05,3392.17
883,1582.29,3395.61
884,1587.53,3399.04
885,1592.77,3402.48
886,1594.1,3408.69
887,1595.34,3414.9
888,1596.67,3421.11
889,1598.01,3427.32
890,1599.34,3433.53
891,1600.58,3439.73
892,1601.91,3445.94
893,1592.86,3460.14
894,1586.1,3472.33
895,1579.24,3484.53
896,1572.47,3496.72
897,1565.61,3508.92
898,1558.85,3521.12
899,1551.99,3533.2
900,1545.22,3545.4
901,1538.36,3557.59
902,1531.6,3569.79
903,1524.74,3581.98
904,1523.88,3583.09
905,1523.12,3584.2
906,1522.36,3585.31
907,1521.5,3586.42
908,1520.64,3587.53
909,1519.88,3588.75
910,1519.12,3589.86
911,1518.26,3590.97
912,1517.4,3592.07
913,1516.64,3593.18
914,1516.54,3593.4
915,1516.35,3593.52
916,1516.26,3593.74
917,1516.07,3593.96
918,1515.97,3594.18
919,1515.78,3594.4
920,1515.69,3594.51
921,1515.5,3594.74
922,1515.31,3594.96
923,1515.21,3595.07
924,1515.11,3595.29
925,1514.92,3595.51
926,1514.73,3595.73
927,1514.64,3595.95
928,1514.45,3596.07
929,1514.35,3596.29
930,1514.16,3596.51
931,1514.07,3596.62
932,1513.88,3596.84
933,1513.78,3597.06
934,1511.68,3602.94
935,1509.59,3608.71
936,1507.49,3614.58
937,1505.4,3620.46
938,1503.3,3626.22
939,1501.2,3632.1
940,1499.11,3637.98
941,1497.01,3643.85
942,1494.92,3649.62
943,1492.82,3655.49
944,1491.3,3659.26
945,1489.87,3663.03
