402,1073.31,6.43
403,1073.02,8.87
404,1072.64,11.31
405,1069.97,16.96
406,1067.31,22.62
407,1064.64,28.38
408,1061.97,34.04
409,1059.21,39.69
410,1056.54,45.35
411,1053.87,51.11
412,1051.2,56.77
413,1048.54,62.42
414,1047.49,67.41
415,1046.35,72.4
416,1045.3,77.39
417,1044.25,82.38
418,1043.2,87.37
419,1042.06,92.36
420,1041.01,97.35
421,1039.96,102.34
422,1038.82,107.33
423,1037.77,112.31
424,1037.48,114.53
425,1037.1,116.64
426,1038.25,120.74
427,1039.49,124.73
428,1039.96,124.84
429,1040.44,124.84
430,1040.91,124.95
431,1041.39,125.07
432,1041.96,125.07
433,1042.44,125.18
434,1042.92,125.29
435,1043.39,125.29
436,1043.87,125.4
437,1044.34,125.51
438,1044.82,125.62
439,1045.3,125.62
440,1045.77,125.73
441,1046.25,125.84
442,1046.82,125.84
443,1047.3,125.95
444,1047.77,126.06
445,1048.25,126.06
446,1048.73,126.17
447,1048.73,126.17
448,1048.73,126.17
449,1048.73,126.17
450,1048.73,126.17
451,1048.73,126.17
452,1048.73,126.17
453,1048.73,126.17
454,1048.73,126.17
455,1048.73,126.17
456,1048.73,126.17
457,1048.63,126.4
458,1048.54,126.62
459,1048.44,126.95
460,1048.35,127.17
461,1048.25,127.39
462,1048.16,127.62
463,1048.06,127.84
464,1047.97,128.17
465,1047.87,128.39
466,1047.77,128.61
467,1046.35,130.61
468,1044.92,132.72
469,1043.58,134.71
470,1042.15,136.82
471,1040.72,138.81
472,1037.87,146.02
473,1035.01,153.23
474,1032.15,160.32
475,1029.29,167.53
476,1026.34,174.74
477,1023.48,181.94
478,1020.62,189.15
479,1017.76,196.25
480,1014.9,203.45
481,1012.05,210.66
482,1011.66,214.87
483,1011.28,219.09
484,1010.9,223.19
485,1010.62,227.4
486,1010.24,231.61
487,1009.85,235.83
488,1009.47,240.04
489,1009.09,244.14
490,1008.71,248.36
491,1008.33,252.57
492,1007.95,256.78
493,1007.66,261.0
494,1007.28,265.1
495,1006.9,269.31
496,1006.52,273.52
497,1006.14,277.74
498,1005.76,281.95
499,1005.38,286.16
500,1004.99,290.27
501,1004.71,294.48
502,1004.33,298.69
503,1003.95,302.91
504,1003.57,307.12
505,1003.18,311.22
506,1002.8,315.43
507,1002.42,319.65
508,1002.04,323.86
509,1001.76,328.07
510,1001.37,332.18
511,1000.99,336.39
512,1000.61,340.6
513,999.18,346.48
514,997.75,352.47
515,996.42,358.34
516,994.99,364.22
517,995.66,367.77
518,996.42,371.43
519,997.09,374.97
520,997.47,384.73
521,997.85,394.49
522,997.56,400.25
523,997.47,403.69
524,997.37,407.13
525,995.85,415.78
526,994.32,424.42
527,992.8,432.96
528,991.27,441.61
529,989.85,450.26
530,988.32,458.9
531,986.8,467.44
532,985.27,476.09
533,983.75,484.74
534,981.75,490.39
535,979.65,496.16
536,977.65,501.81
537,975.65,507.47
538,973.65,513.12
539,971.55,518.89
540,969.55,524.54
541,967.55,530.2
542,965.45,535.96
543,963.45,541.62
544,962.5,543.5
545,961.55,545.39
546,960.6,547.38
547,959.64,549.27
548,958.69,551.15
549,957.83,553.04
550,956.88,554.92
551,955.93,556.92
552,954.97,558.8
553,954.02,560.69
554,954.02,560.69
555,954.02,560.69
556,954.02,560.69
557,954.02,560.69
558,954.02,560.69
559,954.02,560.69
560,954.02,560.69
561,954.02,560.69
562,954.02,560.69
563,954.02,560.69
564,954.02,560.69
565,954.02,560.69
566,954.02,560.69
567,954.02,560.69
568,954.02,560.69
569,954.02,560.69
570,954.02,560.69
571,954.02,560.69
572,954.02,560.69
573,954.02,560.69
574,954.02,560.69
575,954.02,560.69
576,954.02,560.69
577,954.02,560.69
578,954.02,560.69
579,954.02,560.69
580,954.02,560.69
581,954.02,560.69
582,954.02,560.69
583,954.02,560.69
584,954.02,560.69
585,954.02,560.69
586,954.02,560.69
587,954.02,560.69
588,954.02,560.69
589,954.02,560.69
590,954.02,560.69
591,954.02,560.69
592,954.02,560.69
593,954.02,560.69
594,954.02,560.69
595,954.02,560.69
596,954.02,560.69
597,952.5,564.68
598,950.97,568.78
599,949.45,572.77
600,947.83,576.87
601,946.3,580.87
602,944.78,584.97
603,943.25,588.96
604,942.02,593.73
605,940.68,598.38
606,939.44,603.15
607,938.2,607.81
608,936.97,612.58
609,935.63,617.34
610,934.39,622.0
611,933.16,626.77
612,931.82,631.42
613,930.58,636.19
614,929.92,639.96
615,929.15,643.62
616,928.49,647.39
617,927.82,651.05
618,927.06,654.82
619,926.39,658.48
620,925.72,662.25
621,924.96,665.91
622,924.29,669.67
623,923.53,673.33
624,922.87,677.1
625,922.2,680.76
626,921.44,684.53
627,920.77,688.19
628,920.1,691.96
629,919.34,695.62
630,918.67,699.39
631,918.01,703.16
632,917.24,706.82
633,916.58,710.59
634,915.91,714.25
635,915.15,718.02
636,914.48,721.67
637,913.81,725.44
638,913.05,729.1
639,912.38,732.87
640,911.62,736.53
641,910.96,740.3
642,910.29,743.96
643,909.53,747.73
644,908.86,751.39
645,908.19,755.16
646,907.43,758.82
647,906.76,762.59
648,907.81,765.36
649,908.76,768.13
650,909.81,771.01
651,910.76,773.79
652,911.81,776.56
653,912.77,779.33
654,913.81,782.21
655,914.77,784.98
656,915.81,787.76
657,916.39,789.31
658,917.05,790.97
659,917.62,792.52
660,918.29,794.19
661,918.96,795.74
662,919.53,797.29
663,920.1,798.95
664,920.77,800.51
665,921.34,802.17
666,922.01,803.72
667,922.67,805.38
668,923.25,806.94
669,923.82,808.49
670,924.48,810.15
671,925.06,811.7
672,925.72,813.37
673,926.39,814.92
674,926.96,816.47
675,927.53,818.13
676,928.2,819.69
677,928.77,821.35
678,929.44,822.9
679,930.01,824.45
680,930.68,826.12
681,931.25,827.67
682,931.92,829.33
683,932.49,830.88
684,933.16,832.55
685,933.73,834.1
686,934.39,835.65
687,935.06,837.32
688,935.63,838.87
689,936.2,840.53
690,936.87,842.08
691,937.35,850.73
692,937.25,854.06
693,937.16,857.38
694,936.97,860.71
695,936.87,864.04
696,936.78,867.36
697,936.68,870.69
698,936.49,874.01
699,936.39,877.34
700,936.3,880.67
701,936.2,881.44
702,936.11,882.11
703,936.11,882.88
704,936.01,883.66
705,935.92,884.33
706,935.82,885.1
707,935.73,885.88
708,935.63,886.54
709,935.54,887.32
710,935.54,888.1
711,935.44,888.76
712,935.35,889.54
713,930.68,905.84
714,926.01,922.24
715,921.34,938.54
716,920.58,940.43
717,919.91,942.31
718,919.15,944.2
719,918.48,946.19
720,917.82,948.08
721,917.05,949.96
722,916.29,951.85
723,915.62,953.73
724,915.62,953.73
725,915.62,953.73
726,915.62,953.73
727,915.62,953.73
728,915.62,953.73
729,915.62,953.73
730,915.62,953.73
731,915.62,953.73
732,915.62,953.73
733,915.62,953.73
734,915.62,953.73
735,915.62,953.73
736,915.62,953.73
737,915.62,953.73
738,915.62,953.73
739,915.62,953.73
740,915.62,953.73
741,915.62,953.73
742,915.62,953.73
743,915.62,953.73
744,915.62,953.73
745,915.62,953.73
746,915.62,953.73
747,915.62,953.73
748,915.62,953.73
749,915.62,953.73
750,915.62,953.73
751,915.62,953.73
752,915.62,953.73
753,915.62,953.73
754,915.62,953.73
755,915.62,953.73
756,915.62,953.73
757,915.62,953.73
758,915.62,953.73
759,915.62,953.73
760,915.62,953.73
761,915.62,953.73
762,915.62,953.73
763,915.62,953.73
764,915.62,953.73
765,915.62,953.73
766,915.62,953.73
767,915.62,953.73
768,915.62,953.73
769,915.62,953.73
770,915.62,953.73
771,915.62,953.73
772,915.62,953.73
773,915.62,953.73
774,915.62,953.73
775,915.62,953.73
776,915.62,953.73
777,915.62,953.73
778,915.62,953.73
779,915.62,953.73
780,915.62,953.73
781,915.62,953.73
782,915.62,953.73
783,915.62,953.73
784,915.62,953.73
785,915.62,953.73
786,915.62,953.73
787,915.62,953.73
788,915.62,953.73
789,915.62,953.73
790,915.62,953.73
791,915.62,953.73
792,915.62,953.73
793,915.62,953.73
794,915.62,953.73
795,915.62,953.73
796,915.62,953.73
797,915.62,953.73
798,915.62,953.73
799,915.62,953.73
800,915.62,953.73
801,915.62,953.73
802,915.62,953.73
803,915.62,953.73
804,915.62,953.73
805,915.62,953.73
806,915.62,953.73
807,915.62,953.73
808,915.62,953.73
809,915.62,953.73
810,915.62,953.73
811,915.62,953.73
812,915.62,953.73
813,915.62,953.73
814,915.62,953.73
815,915.62,953.73
816,915.62,953.73
817,915.62,953.73
818,915.62,953.73
819,915.62,953.73
820,915.62,953.73
821,915.62,953.73
822,915.62,953.73
823,915.62,953.73
824,915.62,953.73
825,915.62,953.73
826,915.62,953.73
827,915.62,953.73
828,915.62,953.73
829,915.62,953.73
830,915.62,953.73
831,915.62,953.73
832,915.62,953.73
833,915.62,953.73
834,915.62,953.73
835,782.23,961.6
836,781.38,964.27
837,780.61,966.93
838,779.76,969.59
839,778.9,972.14
840,778.14,974.8
841,777.28,977.46
842,776.42,980.12
843,775.66,982.78
844,774.8,985.44
845,773.95,987.99
846,773.18,990.65
847,772.33,993.31
848,771.47,995.98
849,770.71,998.64
850,769.85,1001.3
851,768.99,1003.85
852,768.23,1006.51
853,767.37,1009.17
854,766.61,1011.83
855,765.75,1014.49
856,764.89,1017.15
857,764.13,1019.7
858,763.27,1022.36
859,762.42,1025.02
860,761.65,1027.68
861,760.8,1030.35
862,759.94,1033.01
863,759.18,1035.56
864,758.32,1038.22
865,757.46,1040.88
866,756.7,1043.54
867,755.84,1046.2
868,754.98,1048.86
869,754.22,1051.41
870,753.37,1054.07
871,752.51,1056.73
872,751.75,1059.39
873,750.89,1062.06
874,750.03,1064.72
875,749.27,1067.27
876,748.41,1069.93
877,747.55,1072.59
878,746.79,1075.25
879,745.93,1077.91
880,745.08,1080.57
881,744.31,1083.12
882,743.46,1085.78
883,742.6,1088.44
884,741.84,1091.1
885,740.98,1093.77
886,740.22,1096.43
887,739.36,1098.98
888,738.5,1101.64
889,737.74,1104.3
890,736.88,1106.96
891,736.02,1109.62
892,735.26,1112.28
893,734.4,1114.83
894,733.55,1117.49
895,732.79,1120.15
896,731.93,1122.81
897,731.07,1125.48
898,730.31,1128.14
899,729.45,1130.69
900,728.59,1133.35
901,727.83,1136.01
902,726.97,1138.67
903,727.07,1138.78
904,727.26,1139.0
905,727.35,1139.11
906,727.54,1139.22
907,727.64,1139.33
908,727.74,1139.56
909,727.93,1139.67
910,728.02,1139.78
911,728.21,1139.89
912,728.31,1140.11
913,728.4,1140.22
914,728.59,1140.33
915,728.69,1140.44
916,728.88,1140.55
917,728.97,1140.78
918,729.07,1140.89
919,729.26,1141.0
920,729.36,1141.22
921,729.55,1141.33
922,729.64,1141.44
923,729.83,1141.55
924,729.93,1141.66
925,730.02,1141.88
926,730.21,1142.0
927,730.31,1142.11
928,730.5,1142.33
929,730.59,1142.44
930,730.69,1142.55
931,730.88,1142.66
932,730.97,1142.77
933,731.17,1142.99
934,731.26,1143.1
