428,3776.07,3473.11
429,3775.88,3473.11
430,3775.69,3473.0
431,3775.4,3473.0
432,3775.21,3472.89
433,3775.02,3472.89
434,3774.83,3472.89
435,3774.54,3472.77
436,3774.35,3472.77
437,3774.16,3472.66
438,3773.97,3472.66
439,3773.69,3472.66
440,3773.5,3472.55
441,3773.3,3472.55
442,3773.02,3472.44
443,3772.83,3472.44
444,3772.64,3472.44
445,3772.45,3472.33
446,3772.26,3472.33
447,3771.97,3472.22
448,3771.78,3472.22
449,3771.78,3472.22
450,3771.78,3472.22
451,3771.78,3472.22
452,3771.78,3472.22
453,3771.78,3472.22
454,3771.78,3472.22
455,3771.78,3472.22
456,3771.78,3472.22
457,3771.78,3472.22
458,3771.78,3472.22
459,3771.78,3472.22
460,3771.78,3472.22
461,3771.78,3472.22
462,3771.78,3472.22
463,3771.78,3472.22
464,3771.78,3472.22
465,3771.78,3472.22
466,3771.78,3472.22
467,3771.78,3472.22
468,3771.78,3472.22
469,3771.78,3472.22
470,3771.78,3472.22
471,3771.78,3472.22
472,3771.78,3472.22
473,3771.78,3472.22
474,3771.78,3472.22
475,3771.78,3472.22
476,3771.78,3472.22
477,3771.78,3472.22
478,3771.78,3472.22
479,3768.16,3471.33
480,3764.63,3470.34
481,3761.01,3469.45
482,3757.39,3468.56
483,3753.87,3467.56
484,3750.25,3466.68
485,3746.72,3465.68
486,3743.1,3464.79
487,3739.48,3463.9
488,3735.96,3462.91
489,3732.33,3462.02
490,3730.14,3461.69
491,3728.05,3461.24
492,3725.86,3460.91
493,3723.76,3460.47
494,3721.57,3460.14
495,3719.47,3459.8
496,3717.28,3459.36
497,3715.18,3459.03
498,3712.99,3458.58
499,3710.9,3458.25
500,3708.71,3457.81
501,3706.61,3457.47
502,3704.42,3457.14
503,3702.32,3456.7
504,3700.13,3456.37
505,3698.03,3455.92
506,3695.84,3455.59
507,3693.75,3455.26
508,3691.56,3454.81
509,3689.46,3454.48
510,3687.27,3454.04
511,3685.17,3453.7
512,3681.65,3452.93
513,3678.12,3452.04
514,3674.6,3451.27
515,3671.07,3450.49
516,3667.55,3449.71
517,3663.93,3448.83
518,3660.4,3448.05
519,3656.87,3447.27
520,3653.35,3446.5
521,3649.82,3445.61
522,3646.3,3444.83
523,3648.39,3445.39
524,3650.4,3445.94
525,3652.49,3446.5
526,3654.59,3447.05
527,3656.59,3447.61
528,3658.68,3448.16
529,3660.69,3448.72
530,3662.78,3449.27
531,3664.88,3449.82
532,3666.88,3450.38
533,3668.97,3450.93
534,3648.87,3445.72
535,3628.77,3440.51
536,3608.57,3435.3
537,3588.46,3430.09
538,3568.36,3424.88
539,3548.26,3419.67
540,3528.06,3414.34
541,3507.95,3409.13
542,3487.85,3403.92
543,3467.75,3398.71
544,3447.55,3393.5
545,3427.44,3388.29
546,3419.92,3386.07
547,3412.49,3383.74
548,3404.96,3381.53
549,3397.43,3379.31
550,3390.0,3376.98
551,3382.47,3374.76
552,3374.95,3372.43
553,3367.51,3370.22
554,3359.99,3368.0
555,3352.46,3365.67
556,3345.03,3363.45
557,3337.5,3361.24
558,3329.97,3358.91
559,3322.45,3356.69
560,3315.02,3354.47
561,3307.49,3352.14
562,3299.96,3349.93
563,3292.53,3347.6
564,3285.0,3345.38
565,3277.48,3343.16
566,3270.04,3340.84
567,3262.52,3338.62
568,3249.18,3334.4
569,3235.84,3330.08
570,3222.5,3325.87
571,3209.16,3321.65
572,3195.82,3317.33
573,3182.48,3313.12
574,3171.34,3309.24
575,3160.19,3305.36
576,3149.04,3301.48
577,3137.89,3297.59
578,3126.84,3293.71
579,3115.69,3289.83
580,3104.55,3285.95
581,3093.4,3282.07
582,3082.25,3278.19
583,3071.1,3274.31
584,3061.29,3270.1
585,3051.48,3265.88
586,3041.66,3261.67
587,3031.85,3257.46
588,3022.04,3253.25
589,3012.13,3249.03
590,3002.31,3244.82
591,2992.5,3240.61
592,2982.69,3236.39
593,2972.87,3232.18
594,2965.92,3228.96
595,2959.06,3225.64
596,2952.1,3222.42
597,2945.24,3219.1
598,2938.38,3215.88
599,2931.43,3212.67
600,2924.57,3209.34
601,2917.61,3206.12
602,2910.66,3202.8
603,2903.8,3199.58
604,2897.98,3196.92
605,2892.17,3194.26
606,2886.36,3191.6
607,2880.55,3188.94
608,2874.74,3186.28
609,2868.92,3183.51
610,2863.11,3180.85
611,2857.3,3178.18
612,2851.49,3175.52
613,2845.68,3172.86
614,2842.15,3171.53
615,2838.72,3170.09
616,2835.19,3168.76
617,2831.67,3167.43
618,2828.14,3165.99
619,2824.71,3164.66
620,2821.19,3163.33
621,2817.66,3161.89
622,2814.14,3160.56
623,2810.71,3159.11
624,2807.18,3157.78
625,2803.66,3156.45
626,2800.13,3155.01
627,2796.61,3153.68
628,2793.18,3152.35
629,2789.65,3150.91
630,2786.13,3149.58
631,2782.6,3148.25
632,2779.17,3146.81
633,2775.65,3145.48
634,2775.26,3145.37
635,2774.98,3145.25
636,2774.6,3145.03
637,2774.31,3144.92
638,2773.93,3144.81
639,2773.65,3144.7
640,2773.36,3144.59
641,2772.98,3144.37
642,2772.69,3144.26
643,2772.31,3144.15
644,2771.26,3143.59
645,2770.31,3143.15
646,2769.26,3142.59
647,2768.21,3142.15
648,2767.17,3141.6
649,2766.21,3141.04
650,2765.17,3140.6
651,2764.12,3140.04
652,2763.16,3139.6
653,2762.12,3139.05
654,2762.12,3139.05
655,2762.12,3139.05
656,2762.12,3139.05
657,2762.12,3139.05
658,2762.12,3139.05
659,2762.12,3139.05
660,2762.12,3139.05
661,2762.12,3139.05
662,2762.12,3139.05
663,2762.12,3139.05
664,2762.12,3139.05
665,2762.12,3139.05
666,2762.12,3139.05
667,2762.12,3139.05
668,2762.12,3139.05
669,2762.12,3139.05
670,2762.12,3139.05
671,2762.12,3139.05
672,2762.12,3139.05
673,2762.12,3139.05
674,2762.12,3139.05
675,2762.12,3139.05
676,2762.12,3139.05
677,2762.12,3139.05
678,2762.12,3139.05
679,2762.12,3139.05
680,2762.12,3139.05
681,2762.12,3139.05
682,2762.12,3139.05
683,2762.12,3139.05
684,2762.12,3139.05
685,2762.12,3139.05
686,2762.12,3139.05
687,2762.12,3139.05
688,2762.12,3139.05
689,2762.12,3139.05
690,2762.12,3139.05
691,2762.12,3139.05
692,2762.12,3139.05
693,2762.12,3139.05
694,2762.12,3139.05
695,2762.12,3139.05
696,2762.12,3139.05
697,2762.12,3139.05
698,2762.12,3139.05
699,2762.12,3139.05
700,2762.12,3139.05
701,2762.12,3139.05
702,2762.12,3139.05
703,2762.12,3139.05
704,2758.59,3137.83
705,2755.07,3136.61
706,2751.45,3135.28
707,2747.92,3134.06
708,2744.39,3132.84
709,2740.87,3131.62
710,2737.34,3130.4
711,2733.72,3129.07
712,2730.2,3127.85
713,2726.67,3126.63
714,2724.01,3125.41
715,2721.34,3124.3
716,2718.67,3123.08
717,2716.0,3121.86
718,2713.33,3120.75
719,2710.57,3119.53
720,2707.9,3118.31
721,2705.24,3117.09
722,2702.57,3115.98
723,2699.9,3114.76
724,2697.9,3113.88
725,2695.99,3112.99
726,2693.99,3112.21
727,2692.09,3111.33
728,2690.18,3110.44
729,2688.18,3109.55
730,2686.28,3108.67
731,2684.27,3107.89
732,2682.37,3107.0
733,2680.37,3106.12
734,2679.61,3105.78
735,2678.75,3105.45
736,2677.99,3105.12
737,2677.13,3104.79
738,2676.37,3104.34
739,2675.51,3104.01
740,2674.75,3103.68
741,2673.89,3103.34
742,2673.13,3103.01
743,2672.36,3102.68
744,2671.51,3102.35
745,2670.74,3102.01
746,2669.89,3101.68
747,2669.12,3101.35
748,2668.27,3100.91
749,2667.51,3100.57
750,2666.65,3100.24
751,2665.89,3099.91
752,2665.03,3099.57
753,2664.27,3099.24
754,2664.27,3099.24
755,2664.27,3099.24
756,2664.27,3099.24
757,2664.27,3099.24
758,2664.27,3099.24
759,2664.27,3099.24
760,2664.27,3099.24
761,2664.27,3099.24
762,2664.27,3099.24
763,2664.27,3099.24
764,2664.27,3099.24
765,2664.27,3099.24
766,2664.27,3099.24
767,2664.27,3099.24
768,2664.27,3099.24
769,2664.27,3099.24
770,2664.27,3099.24
771,2664.27,3099.24
772,2664.27,3099.24
773,2664.27,3099.24
774,2663.88,3098.91
775,2663.6,3098.58
776,2663.22,3098.24
777,2662.93,3097.91
778,2662.55,3097.58
779,2662.17,3097.25
780,2661.88,3096.91
781,2661.5,3096.58
782,2661.22,3096.25
783,2660.84,3095.92
784,2660.84,3095.92
785,2660.84,3095.92
786,2660.84,3095.92
787,2660.84,3095.92
788,2660.84,3095.92
789,2660.84,3095.92
790,2660.84,3095.92
791,2660.84,3095.92
792,2660.84,3095.92
793,2660.84,3095.92
794,2660.84,3095.92
795,2660.84,3095.92
796,2660.84,3095.92
797,2660.84,3095.92
798,2660.84,3095.92
799,2660.84,3095.92
800,2660.84,3095.92
801,2660.84,3095.92
802,2660.84,3095.92
803,2660.84,3095.92
804,2660.84,3095.92
805,2660.84,3095.92
806,2660.84,3095.92
807,2660.84,3095.92
808,2660.84,3095.92
809,2660.84,3095.92
810,2660.84,3095.92
811,2660.84,3095.92
812,2660.84,3095.92
813,2660.84,3095.92
814,2660.84,3095.92
815,2660.84,3095.92
816,2660.84,3095.92
817,2660.84,3095.92
818,2660.84,3095.92
819,2660.84,3095.92
820,2660.84,3095.92
821,2660.84,3095.92
822,2660.84,3095.92
823,2660.84,3095.92
824,2660.84,3095.92
825,2660.84,3095.92
826,2660.84,3095.92
827,2660.84,3095.92
828,2660.84,3095.92
829,2660.84,3095.92
830,2660.84,3095.92
831,2660.84,3095.92
832,2660.84,3095.92
833,2660.84,3095.92
834,2660.84,3095.92
835,2660.84,3095.92
836,2660.84,3095.92
837,2660.84,3095.92
838,2660.84,3095.92
839,2660.84,3095.92
840,2660.84,3095.92
841,2660.84,3095.92
842,2660.84,3095.92
843,2660.84,3095.92
844,2660.84,3095.92
845,2660.84,3095.92
846,2660.84,3095.92
847,2660.84,3095.92
848,2660.84,3095.92
849,2660.84,3095.92
850,2660.84,3095.92
851,2660.84,3095.92
852,2660.84,3095.92
853,2660.84,3095.92
854,2660.84,3095.92
855,2660.84,3095.92
856,2660.84,3095.92
857,2660.84,3095.92
858,2660.84,3095.92
859,2660.84,3095.92
860,2660.84,3095.92
861,2660.84,3095.92
862,2660.84,3095.92
863,2660.84,3095.92
864,2660.84,3095.92
865,2660.84,3095.92
866,2660.84,3095.92
867,2660.84,3095.92
868,2660.84,3095.92
869,2660.84,3095.92
870,2660.84,3095.92
871,2660.84,3095.92
872,2660.84,3095.92
873,2660.84,3095.92
874,2660.84,3095.92
875,2660.84,3095.92
876,2660.84,3095.92
877,2660.84,3095.92
878,2660.84,3095.92
879,2660.84,3095.92
880,2660.84,3095.92
881,2660.84,3095.92
882,2660.84,3095.92
883,2660.84,3095.92
884,2660.84,3095.92
885,2660.84,3095.92
886,2660.84,3095.92
887,2660.84,3095.92
888,2660.84,3095.92
889,2660.84,3095.92
890,2660.84,3095.92
891,2660.84,3095.92
892,2660.84,3095.92
893,2660.84,3095.92
894,2660.65,3095.92
895,2660.55,3096.03
896,2660.36,3096.03
897,2660.17,3096.14
898,2659.98,3096.14
899,2659.88,3096.14
900,2659.69,3096.25
901,2659.5,3096.25
902,2659.41,3096.36
903,2659.22,3096.36
904,2658.55,3096.25
905,2657.88,3096.03
906,2657.31,3095.92
907,2656.64,3095.69
908,2655.98,3095.47
909,2655.31,3095.36
910,2654.64,3095.14
911,2654.07,3095.03
912,2653.4,3094.81
913,2652.74,3094.7
914,2651.21,3094.03
915,2649.78,3093.37
916,2648.26,3092.59
917,2646.83,3091.92
918,2645.31,3091.26
919,2643.78,3090.59
920,2642.35,3089.93
921,2640.83,3089.15
922,2639.4,3088.49
923,2637.87,3087.82
924,2636.35,3087.16
925,2634.92,3086.49
926,2633.4,3085.72
927,2631.97,3085.05
928,2630.44,3084.39
929,2628.92,3083.72
930,2627.49,3083.05
931,2625.96,3082.28
932,2624.53,3081.61
933,2623.01,3080.95
934,2620.44,3079.84
935,2617.87,3078.84
936,2615.39,3077.73
937,2612.82,3076.74
938,2610.24,3075.63
939,2607.67,3074.52
940,2605.1,3073.52
941,2602.62,3072.41
942,2600.05,3071.41
943,2597.48,3070.3
944,2595.57,3069.53
945,2593.66,3068.86
