449,3596.47,878.89
450,3592.28,878.23
451,3588.08,877.67
452,3583.89,877.01
453,3579.7,876.45
454,3575.41,875.79
455,3571.22,875.23
456,3567.03,874.57
457,3562.83,874.01
458,3558.64,873.35
459,3556.55,873.02
460,3554.45,872.68
461,3552.45,872.24
462,3550.35,871.91
463,3548.26,871.58
464,3546.16,871.24
465,3544.07,870.91
466,3542.06,870.47
467,3539.97,870.13
468,3537.87,869.8
469,3537.78,869.8
470,3537.68,869.8
471,3537.49,869.69
472,3537.4,869.69
473,3537.3,869.69
474,3537.21,869.69
475,3537.11,869.69
476,3536.92,869.58
477,3536.82,869.58
478,3536.73,869.58
479,3534.82,869.14
480,3532.92,868.8
481,3531.11,868.47
482,3529.2,868.03
483,3527.3,867.58
484,3525.39,867.25
485,3523.49,866.92
486,3521.67,866.48
487,3519.77,866.03
488,3517.86,865.7
489,3518.63,859.82
490,3519.29,853.95
491,3520.06,847.96
492,3520.72,842.08
493,3521.48,836.21
494,3522.15,830.33
495,3522.91,824.45
496,3523.58,818.47
497,3524.34,812.59
498,3525.01,806.71
499,3525.77,800.84
500,3526.44,794.96
501,3527.2,788.97
502,3527.87,783.1
503,3528.63,777.22
504,3529.3,771.35
505,3530.06,765.47
506,3530.73,759.48
507,3531.49,753.61
508,3532.16,747.73
509,3532.92,741.85
510,3533.58,735.98
511,3534.35,729.99
512,3535.01,724.11
513,3535.78,718.24
514,3538.44,708.04
515,3541.02,697.84
516,3543.59,687.64
517,3546.26,677.44
518,3548.83,667.24
519,3551.5,656.92
520,3554.16,646.72
521,3556.74,636.52
522,3559.31,626.32
523,3561.98,616.12
524,3566.07,600.82
525,3570.27,585.63
526,3574.36,570.33
527,3578.56,555.03
528,3582.65,539.84
529,3586.85,524.54
530,3591.04,509.24
531,3595.13,493.94
532,3599.23,478.75
533,3603.42,463.45
534,3606.76,446.71
535,3610.0,430.08
536,3613.33,413.34
537,3616.67,396.59
538,3619.91,379.85
539,3623.24,363.22
540,3626.58,346.48
541,3629.91,329.74
542,3633.15,313.11
543,3636.49,296.36
544,3638.58,282.28
545,3640.68,268.09
546,3642.77,254.01
547,3644.87,239.93
548,3646.97,225.74
549,3649.16,211.66
550,3651.25,197.58
551,3653.35,183.5
552,3655.45,169.3
553,3657.54,155.22
554,3655.83,155.44
555,3654.11,155.56
556,3652.3,155.78
557,3650.59,155.89
558,3648.87,156.11
559,3647.16,156.22
560,3645.44,156.44
561,3643.63,156.66
562,3641.92,156.77
563,3640.2,157.0
564,3638.49,157.11
565,3636.77,157.33
566,3634.96,157.44
567,3633.25,157.66
568,3631.53,157.88
569,3629.82,157.99
570,3628.1,158.22
571,3626.29,158.33
572,3624.58,158.55
573,3622.86,158.66
574,3621.15,158.88
575,3619.43,159.1
576,3617.62,159.21
577,3615.9,159.44
578,3614.19,159.55
579,3612.47,159.77
580,3610.76,159.88
581,3609.04,160.1
582,3607.23,160.32
583,3605.52,160.43
584,3603.8,160.66
585,3602.09,160.77
586,3600.37,160.99
587,3598.56,161.1
588,3596.85,161.32
589,3595.13,161.54
590,3593.42,161.65
591,3591.7,161.88
592,3589.89,161.99
593,3588.18,162.21
594,3586.46,162.32
595,3584.75,162.54
596,3583.03,162.76
597,3581.22,162.87
598,3579.51,163.09
599,3577.79,163.21
600,3576.08,163.43
601,3574.36,163.54
602,3572.55,163.76
603,3570.84,163.98
604,3569.12,164.09
605,3567.41,164.31
606,3565.69,164.43
607,3563.88,164.65
608,3562.17,164.87
609,3560.45,164.98
610,3558.74,165.2
611,3557.02,165.31
612,3555.21,165.53
613,3553.5,165.64
614,3551.78,165.87
615,3550.07,166.09
616,3548.35,166.2
617,3546.54,166.42
618,3544.83,166.53
619,3543.11,166.75
620,3541.4,166.86
621,3539.68,167.09
622,3537.87,167.31
623,3536.16,167.42
624,3534.44,167.64
625,3532.73,167.75
626,3531.01,167.97
627,3529.2,168.08
628,3527.49,168.31
629,3525.77,168.53
630,3524.06,168.64
631,3522.34,168.86
632,3520.63,168.97
633,3518.82,169.19
634,3517.1,169.3
635,3515.39,169.53
636,3513.67,169.75
637,3511.96,169.86
638,3510.15,170.08
639,3508.43,170.19
640,3506.72,170.41
641,3505.0,170.52
642,3503.29,170.74
643,3501.48,170.97
644,3499.76,171.08
645,3498.05,171.3
646,3496.33,171.41
647,3494.62,171.63
648,3492.81,171.74
649,3491.09,171.96
650,3489.38,172.19
651,3487.66,172.3
652,3485.95,172.52
653,3484.14,172.63
654,3482.42,172.85
655,3480.71,172.96
656,3478.99,173.18
657,3477.28,173.41
658,3475.46,173.52
659,3473.75,173.74
660,3472.03,173.85
661,3470.32,174.07
662,3468.6,174.18
663,3466.79,174.4
664,3465.08,174.63
665,3463.36,174.74
666,3461.65,174.96
667,3459.93,175.07
668,3458.12,175.29
669,3456.41,175.4
670,3454.69,175.62
671,3452.98,175.85
672,3451.26,175.96
673,3449.45,176.18
674,3447.74,176.29
675,3446.02,176.51
676,3444.31,176.62
677,3442.59,176.84
678,3440.88,177.06
679,3439.07,177.18
680,3437.35,177.4
681,3435.64,177.51
682,3433.92,177.73
683,3432.21,177.84
684,3430.4,178.06
685,3428.68,178.28
686,3426.97,178.4
687,3425.25,178.62
688,3423.54,178.73
689,3421.73,178.95
690,3420.01,179.06
691,3418.3,179.28
692,3416.58,179.5
693,3414.87,179.61
694,3413.06,179.84
695,3411.34,179.95
696,3409.63,180.17
697,3407.91,180.28
698,3406.2,180.5
699,3404.39,180.72
700,3402.67,180.83
701,3400.96,181.06
702,3399.24,181.17
703,3397.53,181.39
704,3395.72,181.61
705,3394.0,181.72
706,3392.29,181.94
707,3390.57,182.05
708,3388.86,182.28
709,3387.05,182.39
710,3385.33,182.61
711,3383.62,182.83
712,3381.9,182.94
713,3380.19,183.16
714,3378.38,183.27
715,3376.66,183.5
716,3374.95,183.61
717,3373.23,183.83
718,3371.52,184.05
719,3369.71,184.16
720,3367.99,184.38
721,3366.28,184.49
722,3364.56,184.71
723,3362.85,184.83
724,3361.04,185.05
725,3359.32,185.27
726,3357.61,185.38
727,3355.89,185.6
728,3354.18,185.71
729,3352.46,185.93
730,3350.65,186.05
731,3348.94,186.27
732,3347.22,186.49
733,3345.51,186.6
734,3343.79,186.82
735,3341.98,186.93
736,3340.26,187.15
737,3338.55,187.27
738,3336.83,187.49
739,3335.12,187.71
740,3333.31,187.82
741,3331.59,188.04
742,3329.88,188.15
743,3328.16,188.37
744,3326.45,188.48
745,3324.64,188.71
746,3322.92,188.93
747,3321.21,189.04
748,3319.49,189.26
749,3317.78,189.37
750,3315.97,189.59
751,3314.25,189.7
752,3312.54,189.93
753,3313.87,192.14
754,3315.11,194.25
755,3316.45,196.47
756,3317.78,198.69
757,3319.11,200.79
758,3320.35,203.01
759,3321.69,205.23
760,3323.02,207.33
761,3324.35,209.55
762,3325.59,211.77
763,3326.93,213.87
764,3328.26,216.09
765,3329.59,218.31
766,3330.83,220.42
767,3332.17,222.63
768,3366.37,265.76
769,3366.18,276.3
770,3365.13,278.85
771,3364.08,281.29
772,3363.04,283.84
773,3361.99,286.27
774,3361.04,288.83
775,3359.99,291.26
776,3358.94,293.81
777,3357.89,296.25
778,3356.84,298.8
779,3352.08,301.8
780,3347.41,304.68
781,3342.65,307.67
782,3336.74,306.9
783,3330.83,306.23
784,3324.93,305.46
785,3321.97,304.57
786,3319.02,303.57
787,3316.06,302.68
788,3313.11,301.69
789,3310.16,300.8
790,3307.2,299.91
791,3304.25,298.91
792,3301.3,298.03
793,3298.34,297.03
794,3295.39,296.14
795,3292.53,295.26
796,3289.58,294.26
797,3286.62,293.37
798,3283.67,292.37
799,3280.72,291.49
800,3277.76,290.6
801,3274.81,289.6
802,3271.86,288.71
803,3268.9,287.72
804,3265.95,286.83
805,3265.95,286.83
806,3265.95,286.83
807,3265.95,286.83
808,3265.95,286.83
809,3265.95,286.83
810,3265.95,286.83
811,3265.95,286.83
812,3265.95,286.83
813,3265.95,286.83
814,3265.95,286.83
815,3263.76,286.16
816,3261.47,285.39
817,3259.28,284.72
818,3257.09,283.95
819,3254.9,283.28
820,3252.61,282.51
821,3250.42,281.84
822,3248.23,281.06
823,3239.65,277.85
824,3231.08,274.63
825,3222.5,271.31
826,3213.93,268.09
827,3205.45,264.88
828,3196.87,261.66
829,3188.3,258.45
830,3179.72,255.12
831,3171.15,251.9
832,3162.57,248.69
833,3153.9,245.58
834,3145.23,242.48
835,3136.66,239.38
836,3127.98,236.27
837,3119.31,233.17
838,3110.64,230.06
839,3101.97,226.96
840,3093.4,223.85
841,3084.73,220.75
842,3076.06,217.64
843,3064.43,211.32
844,3052.81,205.0
845,3041.28,198.69
846,3029.66,192.37
847,3018.03,186.05
848,3006.41,179.73
849,2994.79,173.41
850,2983.26,167.09
851,2971.63,160.77
852,2960.01,154.45
853,2950.29,149.46
854,2940.48,144.47
855,2930.76,139.48
856,2920.95,134.49
857,2911.23,129.61
858,2901.41,124.62
859,2891.69,119.63
860,2881.88,114.64
861,2872.16,109.65
862,2862.44,104.66
863,2852.63,99.68
864,2842.91,94.69
865,2833.1,89.7
866,2823.38,84.71
867,2813.57,79.72
868,2803.85,74.84
869,2794.03,69.85
870,2784.32,64.86
871,2774.5,59.87
872,2764.78,54.88
873,2761.64,56.32
874,2758.59,57.65
875,2755.45,59.1
876,2749.35,66.86
877,2743.25,74.62
878,2739.82,82.16
879,2736.3,89.81
880,2732.77,97.35
881,2729.34,105.0
882,2725.91,112.54
883,2722.39,120.19
884,2718.86,127.73
885,2715.43,135.38
886,2712.0,142.92
887,2708.47,150.57
888,2704.09,160.77
889,2699.71,170.97
890,2695.23,181.28
891,2690.85,191.48
892,2686.47,201.68
893,2682.08,211.88
894,2677.7,222.08
895,2673.22,232.39
896,2668.84,242.59
897,2664.46,252.79
898,2662.36,259.22
899,2660.36,265.76
900,2658.26,272.19
901,2656.26,278.74
902,2654.17,285.17
903,2652.17,291.71
904,2650.07,298.14
905,2647.97,304.57
906,2645.97,311.11
907,2643.88,317.54
908,2641.88,324.08
909,2639.78,330.51
910,2637.78,337.05
911,2635.68,343.49
912,2633.3,352.8
913,2630.82,362.0
914,2628.44,371.31
915,2626.06,380.63
916,2623.58,389.83
917,2621.2,399.14
918,2618.82,408.46
919,2616.34,417.66
920,2613.96,426.97
921,2611.58,436.29
922,2609.19,445.6
923,2606.72,454.8
924,2604.34,464.12
925,2601.95,473.43
926,2599.48,482.63
927,2597.09,491.94
928,2597.0,492.5
929,2596.81,493.05
930,2596.71,493.61
931,2596.52,494.16
932,2596.43,494.72
933,2596.24,495.27
934,2596.14,495.83
935,2595.95,496.38
936,2595.86,496.93
937,2595.67,497.49
938,2595.57,498.04
939,2595.57,498.04
940,2595.57,498.04
941,2595.57,498.04
942,2595.57,498.04
943,2595.57,498.04
944,2595.57,498.04
945,2595.57,498.04
