472,84.04,2000.71
473,92.13,2002.26
474,100.23,2003.81
475,108.24,2005.37
476,116.33,2006.92
477,124.43,2008.47
478,132.53,2010.02
479,140.63,2011.57
480,148.63,2013.13
481,156.73,2014.68
482,164.83,2016.23
483,169.98,2017.23
484,175.12,2018.12
485,180.27,2019.11
486,185.32,2020.0
487,190.46,2021.0
488,195.61,2021.89
489,200.75,2022.88
490,207.52,2026.21
491,214.38,2029.43
492,221.14,2032.75
493,227.91,2036.08
494,234.67,2039.29
495,241.53,2042.62
496,248.3,2045.95
497,255.06,2049.16
498,261.92,2052.49
499,268.68,2055.81
500,275.45,2059.03
501,282.31,2062.35
502,289.07,2065.57
503,295.84,2068.9
504,302.7,2072.22
505,309.46,2075.44
506,316.23,2078.76
507,322.99,2082.09
508,329.85,2085.31
509,336.62,2088.63
510,348.05,2093.07
511,359.58,2097.5
512,371.01,2101.94
513,382.54,2106.37
514,393.98,2110.7
515,405.41,2115.13
516,416.94,2119.57
517,428.37,2124.0
518,439.9,2128.44
519,451.33,2132.87
520,463.05,2135.2
521,474.77,2137.42
522,486.4,2139.74
523,498.11,2141.96
524,509.83,2144.29
525,521.55,2146.62
526,533.27,2148.84
527,544.9,2151.16
528,556.62,2153.38
529,568.33,2155.71
530,573.77,2155.71
531,579.1,2155.6
532,584.53,2155.6
533,589.96,2155.6
534,595.3,2155.49
535,600.73,2155.49
536,606.16,2155.49
537,611.59,2155.49
538,616.93,2155.38
539,622.36,2155.38
540,624.36,2155.49
541,626.36,2155.6
542,628.36,2155.71
543,630.36,2155.82
544,632.46,2155.93
545,634.46,2156.04
546,636.46,2156.15
547,638.46,2156.26
548,640.46,2156.38
549,642.46,2156.49
550,651.51,2156.04
551,660.66,2155.6
552,669.71,2155.27
553,678.86,2154.82
554,687.91,2154.38
555,697.06,2153.94
556,706.11,2153.6
557,715.25,2153.16
558,724.31,2152.72
559,733.36,2152.27
560,742.5,2151.94
561,751.55,2151.5
562,760.7,2151.05
563,769.75,2150.61
564,778.9,2150.28
565,787.95,2149.83
566,797.1,2149.39
567,806.15,2148.95
568,815.3,2148.61
569,824.35,2148.17
570,834.64,2149.39
571,844.93,2150.72
572,855.22,2151.94
573,865.51,2153.16
574,875.8,2154.38
575,886.09,2155.71
576,896.38,2156.93
577,906.67,2158.15
578,916.96,2159.48
579,927.25,2160.7
580,937.44,2160.15
581,947.64,2159.7
582,957.83,2159.15
583,968.03,2158.7
584,978.32,2158.15
585,988.51,2157.71
586,998.71,2157.15
587,1008.9,2156.6
588,1019.1,2156.15
589,1029.29,2155.6
590,1039.49,2155.16
591,1049.68,2154.6
592,1059.88,2154.05
593,1070.17,2153.6
594,1080.36,2153.05
595,1090.55,2152.61
596,1100.75,2152.05
597,1110.94,2151.61
598,1121.14,2151.05
599,1131.33,2150.5
600,1141.53,2150.06
601,1151.72,2149.5
602,1162.01,2149.06
603,1172.21,2148.5
604,1182.4,2148.06
605,1192.6,2147.51
606,1202.79,2146.95
607,1212.99,2146.51
608,1223.18,2145.95
609,1233.38,2145.51
610,1243.57,2144.96
611,1253.86,2144.51
612,1264.06,2143.96
613,1274.25,2143.4
614,1284.45,2142.96
615,1294.64,2142.41
616,1304.84,2141.96
617,1315.03,2141.41
618,1325.23,2140.85
619,1335.42,2140.41
620,1345.71,2139.86
621,1355.9,2139.41
622,1366.1,2138.86
623,1376.29,2138.41
624,1386.49,2137.86
625,1399.45,2137.64
626,1412.5,2137.42
627,1425.55,2137.08
628,1438.51,2136.86
629,1451.47,2136.64
630,1464.52,2136.42
631,1477.48,2136.2
632,1490.53,2135.86
633,1503.49,2135.64
634,1516.54,2135.42
635,1528.26,2136.53
636,1540.08,2137.64
637,1551.8,2138.64
638,1563.61,2139.74
639,1575.33,2140.85
640,1587.15,2141.96
641,1598.96,2143.07
642,1610.68,2144.07
643,1622.49,2145.18
644,1634.21,2146.29
645,1644.22,2149.06
646,1654.22,2151.94
647,1664.23,2154.71
648,1674.23,2157.6
649,1684.23,2160.37
650,1694.33,2163.14
651,1704.34,2166.02
652,1714.34,2168.79
653,1724.35,2171.68
654,1734.35,2174.45
655,1745.21,2178.44
656,1756.17,2182.43
657,1767.03,2186.42
658,1777.99,2190.41
659,1788.85,2194.41
660,1799.71,2198.4
661,1810.67,2202.39
662,1821.53,2206.38
663,1832.49,2210.37
664,1843.35,2214.36
665,1850.68,2217.91
666,1858.02,2221.35
667,1865.36,2224.9
668,1872.79,2228.44
669,1880.13,2231.88
670,1887.46,2235.43
671,1894.8,2238.98
672,1902.14,2242.41
673,1909.47,2245.96
674,1916.9,2249.4
675,1924.24,2252.95
676,1931.58,2256.49
677,1938.91,2259.93
678,1946.25,2263.48
679,1953.59,2267.03
680,1960.92,2270.46
681,1968.35,2274.01
682,1975.69,2277.56
683,1983.03,2281.0
684,1990.36,2284.55
685,1998.84,2288.98
686,2007.23,2293.41
687,2015.71,2297.96
688,2024.19,2302.4
689,2032.57,2306.83
690,2041.05,2311.27
691,2049.53,2315.7
692,2058.01,2320.25
693,2066.39,2324.68
694,2074.87,2329.12
695,2083.26,2333.44
696,2091.64,2337.76
697,2100.03,2342.09
698,2108.41,2346.41
699,2116.89,2350.74
700,2125.28,2355.06
701,2133.66,2359.38
702,2142.05,2363.71
703,2150.43,2368.03
704,2158.81,2372.36
705,2170.06,2377.79
706,2181.4,2383.33
707,2192.64,2388.77
708,2203.98,2394.2
709,2215.31,2399.63
710,2226.56,2405.18
711,2237.9,2410.61
712,2249.14,2416.04
713,2260.48,2421.58
714,2271.72,2427.02
715,2282.58,2432.23
716,2293.44,2437.55
717,2304.4,2442.76
718,2315.26,2447.97
719,2326.12,2453.29
720,2336.98,2458.51
721,2347.85,2463.72
722,2358.8,2468.93
723,2369.67,2474.25
724,2380.53,2479.46
725,2391.58,2486.33
726,2402.63,2493.21
727,2413.68,2500.08
728,2424.74,2506.96
729,2435.79,2513.83
730,2446.84,2520.59
731,2457.89,2527.47
732,2468.95,2534.34
733,2480.0,2541.22
734,2491.05,2548.09
735,2502.01,2554.97
736,2513.06,2561.84
737,2524.11,2568.71
738,2535.16,2575.59
739,2546.22,2582.46
740,2557.27,2589.23
741,2568.32,2596.1
742,2579.37,2602.97
743,2590.43,2609.85
744,2601.48,2616.72
745,2612.53,2623.6
746,2620.53,2629.14
747,2628.54,2634.79
748,2636.54,2640.34
749,2644.54,2645.99
750,2652.55,2651.54
751,2660.55,2657.08
752,2668.65,2662.73
753,2676.65,2668.28
754,2684.66,2673.82
755,2692.66,2679.48
756,2700.66,2685.02
757,2708.67,2690.67
758,2716.67,2696.22
759,2722.67,2699.88
760,2728.67,2703.65
761,2734.68,2707.31
762,2740.68,2711.07
763,2746.68,2714.73
764,2752.68,2718.39
765,2758.78,2722.16
766,2764.78,2725.82
767,2770.79,2729.48
768,2776.79,2733.25
769,2782.79,2736.91
770,2788.79,2740.68
771,2794.8,2744.34
772,2822.24,2761.41
773,2849.77,2778.37
774,2877.21,2795.45
775,2885.6,2800.44
776,2893.89,2805.43
777,2902.27,2810.42
778,2910.66,2815.41
779,2919.04,2820.4
780,2927.33,2825.39
781,2935.71,2830.37
782,2944.1,2835.36
783,2952.39,2840.35
784,2960.77,2845.34
785,2969.35,2850.22
786,2977.92,2855.1
787,2986.5,2859.98
788,2995.07,2864.86
789,3003.65,2869.85
790,3012.22,2874.72
791,3020.8,2879.6
792,3029.37,2884.48
793,3037.95,2889.36
794,3046.52,2894.24
795,3055.1,2899.12
796,3063.67,2903.99
797,3072.25,2908.87
798,3080.82,2913.75
799,3089.4,2918.63
800,3097.97,2923.62
801,3106.55,2928.5
802,3115.12,2933.38
803,3123.7,2938.25
804,3132.27,2943.13
805,3139.04,2946.13
806,3145.8,2949.12
807,3152.57,2952.22
808,3159.33,2955.22
809,3166.1,2958.21
810,3172.86,2961.21
811,3179.63,2964.2
812,3186.39,2967.3
813,3193.16,2970.3
814,3199.92,2973.29
815,3204.87,2974.4
816,3209.92,2975.4
817,3214.88,2976.39
818,3219.93,2977.5
819,3224.98,2978.5
820,3229.93,2979.61
821,3234.98,2980.61
822,3239.94,2981.72
823,3244.99,2982.71
824,3249.94,2983.82
825,3259.85,2985.38
826,3269.85,2986.82
827,3279.76,2988.37
828,3289.67,2989.81
829,3299.68,2991.36
830,3309.59,2992.91
831,3319.49,2994.36
832,3329.4,2995.91
833,3339.41,2997.35
834,3349.32,2998.9
835,3361.04,2997.35
836,3372.75,2995.91
837,3384.47,2994.36
838,3396.19,2992.91
839,3407.91,2991.47
840,3419.63,2989.92
841,3431.35,2988.48
842,3443.07,2986.93
843,3454.79,2985.49
844,3466.51,2983.93
845,3471.75,2983.05
846,3476.89,2982.05
847,3482.13,2981.16
848,3487.28,2980.28
849,3492.52,2979.39
850,3497.76,2978.5
851,3502.9,2977.5
852,3508.15,2976.62
853,3513.29,2975.73
854,3518.53,2974.73
855,3523.77,2973.84
856,3528.92,2972.96
857,3534.16,2972.07
858,3539.3,2971.18
859,3544.54,2970.19
860,3549.78,2969.3
861,3554.93,2968.41
862,3560.17,2967.52
863,3565.31,2966.53
864,3570.55,2965.64
