475,519.55,4408.66
476,526.32,4401.78
477,532.99,4394.8
478,539.75,4387.92
479,546.52,4380.94
480,553.19,4374.06
481,559.95,4367.08
482,566.72,4360.09
483,573.48,4353.22
484,580.15,4346.23
485,586.91,4339.36
486,593.87,4330.6
487,600.73,4321.73
488,607.68,4312.97
489,614.64,4304.21
490,621.5,4295.34
491,628.46,4286.58
492,635.32,4277.83
493,642.27,4268.96
494,649.23,4260.2
495,656.09,4251.44
496,663.04,4242.68
497,670.0,4233.81
498,676.86,4225.05
499,683.81,4216.29
500,690.77,4207.42
501,697.63,4198.66
502,704.58,4189.9
503,711.44,4181.03
504,718.4,4172.27
505,725.35,4163.52
506,732.21,4154.65
507,739.17,4145.89
508,744.98,4132.25
509,750.89,4118.61
510,756.7,4104.97
511,762.51,4091.34
512,768.32,4077.59
513,774.14,4063.95
514,780.04,4050.31
515,785.86,4036.68
516,791.1,4023.93
517,796.43,4011.06
518,801.67,3998.31
519,807.01,3985.45
520,812.25,3972.7
521,817.58,3959.84
522,822.82,3947.09
523,828.16,3934.23
524,833.4,3921.48
525,838.73,3908.62
526,843.97,3895.87
527,850.55,3877.68
528,857.03,3859.39
529,863.6,3841.21
530,870.08,3822.91
531,876.66,3804.73
532,883.13,3786.44
533,889.71,3768.25
534,896.19,3749.96
535,902.76,3731.77
536,906.95,3721.24
537,911.24,3710.6
538,915.43,3700.06
539,919.72,3689.42
540,923.91,3678.89
541,928.2,3668.24
542,932.39,3657.71
543,936.68,3647.07
544,940.87,3636.53
545,945.16,3625.89
546,949.35,3615.36
547,953.64,3604.71
548,957.83,3594.18
549,962.5,3582.43
550,967.17,3570.56
551,971.84,3558.81
552,976.51,3546.95
553,981.18,3535.2
554,985.84,3523.44
555,990.51,3511.58
556,995.18,3499.83
557,999.75,3487.96
558,1004.42,3476.21
559,1009.09,3464.35
560,1013.76,3452.6
561,1018.43,3440.84
562,1023.1,3428.98
563,1027.77,3417.23
564,1032.44,3405.36
565,1037.1,3393.61
566,1038.82,3388.4
567,1040.44,3383.19
568,1042.15,3378.09
569,1043.87,3372.88
570,1045.49,3367.67
571,1047.2,3362.46
572,1048.92,3357.24
573,1050.63,3352.14
574,1052.25,3346.93
575,1053.97,3341.72
576,1055.97,3335.51
577,1057.97,3329.3
578,1059.97,3322.98
579,1061.97,3316.78
580,1063.97,3310.57
581,1066.07,3304.36
582,1068.07,3298.15
583,1070.07,3291.83
584,1072.07,3285.62
585,1074.07,3279.41
586,1075.79,3273.76
587,1077.6,3268.1
588,1079.31,3262.56
589,1081.12,3256.9
590,1082.93,3251.25
591,1084.65,3245.6
592,1086.36,3239.94
593,1088.17,3234.4
594,1089.98,3228.74
595,1091.7,3223.09
596,1091.7,3217.43
597,1091.7,3211.89
598,1091.7,3206.24
599,1091.7,3200.58
600,1084.36,3194.48
601,1077.12,3188.38
602,1069.78,3182.18
603,1062.54,3176.08
604,1055.21,3169.98
605,1047.87,3163.88
606,1040.63,3157.78
607,1033.29,3151.57
608,1026.05,3145.48
609,1018.72,3139.38
610,1011.19,3134.94
611,1003.57,3130.51
612,996.04,3126.07
613,988.51,3121.53
614,980.89,3117.09
615,973.36,3112.66
616,965.84,3108.22
617,958.21,3103.79
618,950.69,3099.35
619,943.06,3094.81
620,935.54,3090.37
621,928.01,3085.94
622,920.39,3081.5
623,912.86,3077.07
624,905.33,3072.63
625,897.71,3068.2
626,890.18,3063.65
627,882.66,3059.22
628,875.04,3054.78
629,867.51,3050.35
630,867.41,3050.35
631,867.22,3050.46
632,867.13,3050.46
633,867.03,3050.46
634,866.94,3050.57
635,866.75,3050.57
636,866.65,3050.57
637,866.56,3050.57
638,866.37,3050.68
639,866.27,3050.68
640,866.08,3050.9
641,865.89,3051.23
642,865.7,3051.46
643,865.51,3051.68
644,865.32,3051.9
645,865.13,3052.23
646,864.94,3052.45
647,864.75,3052.68
648,864.55,3053.01
649,864.36,3053.23
650,864.36,3053.23
651,864.36,3053.23
652,864.36,3053.23
653,864.36,3053.23
654,864.36,3053.23
655,864.36,3053.23
656,864.36,3053.23
657,864.36,3053.23
658,864.36,3053.23
659,864.36,3053.23
660,864.36,3053.23
661,864.36,3053.23
662,864.36,3053.23
663,864.36,3053.23
664,864.36,3053.23
665,864.36,3053.23
666,864.36,3053.23
667,864.36,3053.23
668,864.36,3053.23
669,864.36,3053.23
670,860.27,3050.68
671,856.27,3048.13
672,852.17,3045.58
673,848.17,3043.03
674,844.07,3040.48
675,840.07,3037.93
676,835.97,3035.38
677,831.97,3032.83
678,827.87,3030.28
679,823.87,3027.84
680,819.77,3025.29
681,815.77,3022.74
682,811.68,3020.19
683,807.67,3017.64
684,803.67,3015.09
685,799.58,3012.54
686,795.57,3009.99
687,791.48,3007.44
688,782.71,3003.34
689,773.95,2999.12
690,765.18,2995.02
691,756.41,2990.81
692,747.74,2986.71
693,738.98,2982.49
694,730.21,2978.39
695,721.45,2974.18
696,712.68,2970.07
697,709.63,2968.74
698,706.58,2967.41
699,703.53,2965.97
700,700.49,2964.64
701,697.53,2963.31
702,694.48,2961.98
703,691.43,2960.54
704,688.39,2959.21
705,685.34,2957.88
706,684.57,2957.55
707,683.81,2957.21
708,683.05,2956.99
709,682.29,2956.66
710,681.43,2956.33
711,680.67,2955.99
712,679.91,2955.66
713,679.14,2955.44
714,678.38,2955.11
715,677.62,2954.77
716,673.43,2952.89
717,669.33,2950.89
718,665.23,2949.01
719,661.04,2947.01
720,656.94,2945.13
721,652.75,2943.13
722,648.65,2941.14
723,644.46,2939.25
724,640.37,2937.26
725,636.17,2935.37
726,629.88,2932.27
727,623.6,2929.27
728,617.31,2926.17
729,611.02,2923.06
730,604.73,2919.96
731,598.44,2916.97
732,592.15,2913.86
733,585.87,2910.76
734,579.58,2907.76
735,573.29,2904.66
736,566.91,2901.56
737,560.62,2898.45
738,554.33,2895.46
739,548.04,2892.35
740,541.75,2889.25
741,535.46,2886.25
742,529.18,2883.15
743,522.89,2880.05
744,516.6,2876.94
745,510.31,2873.95
746,504.02,2870.84
747,496.3,2868.85
748,488.59,2866.85
749,480.96,2864.86
750,473.25,2862.86
751,465.53,2860.98
752,457.81,2858.98
753,450.19,2856.98
754,442.47,2854.99
755,434.75,2852.99
756,428.75,2850.66
757,422.75,2848.34
758,416.75,2845.9
759,410.74,2843.57
760,404.74,2841.24
761,398.74,2838.91
762,392.74,2836.58
763,386.73,2834.14
764,380.73,2831.82
765,374.73,2829.49
766,374.06,2829.49
767,373.4,2829.49
768,372.73,2829.6
769,372.06,2829.6
770,371.39,2829.6
771,370.73,2829.6
772,370.06,2829.6
773,369.39,2829.6
774,368.63,2829.71
775,367.96,2829.71
776,367.3,2829.71
777,366.63,2829.71
778,365.96,2829.71
779,365.3,2829.71
780,364.63,2829.82
781,363.96,2829.82
782,363.3,2829.82
783,362.15,2829.82
784,361.1,2829.82
785,359.96,2829.82
786,359.87,2829.93
787,359.77,2829.93
788,359.58,2830.04
789,359.48,2830.15
790,359.39,2830.26
791,359.2,2830.26
792,359.1,2830.37
793,359.01,2830.49
794,358.91,2830.49
795,358.82,2830.6
796,358.63,2830.71
797,358.53,2830.71
798,358.44,2830.82
799,358.25,2830.93
800,358.15,2830.93
801,358.06,2831.04
802,357.96,2831.15
803,357.87,2831.26
804,357.67,2831.26
805,357.58,2831.37
806,357.58,2831.37
807,357.58,2831.37
808,357.58,2831.37
809,357.58,2831.37
810,357.58,2831.37
811,357.58,2831.37
812,357.58,2831.37
813,357.58,2831.37
814,357.58,2831.37
815,357.58,2831.37
816,357.58,2831.37
817,357.58,2831.37
818,357.58,2831.37
819,357.58,2831.37
820,357.58,2831.37
821,357.58,2831.37
822,357.58,2831.37
823,357.58,2831.37
824,357.58,2831.37
825,357.58,2831.37
826,355.86,2830.82
827,354.24,2830.26
828,352.62,2829.71
829,350.91,2829.15
830,349.29,2828.6
831,347.58,2828.05
832,345.86,2827.49
833,344.24,2826.94
834,342.53,2826.38
835,340.91,2825.83
836,332.62,2822.72
837,324.33,2819.51
838,316.04,2816.4
839,307.75,2813.19
840,299.46,2809.97
841,291.17,2806.87
842,282.88,2803.76
843,274.59,2800.55
844,266.3,2797.33
845,258.01,2794.23
846,253.34,2792.46
847,248.68,2790.57
848,244.01,2788.8
849,239.24,2786.91
850,234.58,2785.14
851,229.91,2783.25
852,225.24,2781.48
853,220.57,2779.59
854,215.9,2777.82
855,211.14,2775.94
856,206.47,2774.16
857,201.8,2772.39
858,197.13,2770.5
859,192.46,2768.73
860,187.79,2766.84
861,183.12,2765.07
862,178.36,2763.19
863,173.69,2761.41
864,169.02,2759.53
865,164.35,2757.75
866,155.68,2753.21
867,146.92,2748.55
868,138.25,2743.89
869,129.58,2739.35
870,120.91,2734.8
871,112.14,2730.15
872,103.47,2725.49
873,94.8,2720.94
874,86.04,2716.4
875,77.37,2711.74
