0,1584.95,3871.48
1,1579.52,3868.15
2,1574.19,3864.82
3,1568.76,3861.5
4,1567.71,3861.39
5,1566.76,3861.27
6,1565.71,3861.16
7,1564.75,3861.05
8,1563.71,3860.94
9,1561.32,3859.61
10,1558.94,3858.17
11,1556.66,3856.84
12,1554.27,3855.51
13,1551.89,3854.07
14,1549.61,3852.74
15,1547.22,3851.41
16,1544.84,3850.08
17,1542.46,3848.64
18,1540.08,3847.3
19,1537.79,3845.97
20,1535.41,3844.53
21,1533.03,3843.2
22,1530.65,3841.87
23,1528.36,3840.43
24,1525.98,3839.1
25,1523.59,3837.77
26,1521.21,3836.44
27,1518.93,3835.0
28,1516.54,3833.67
29,1514.92,3832.89
30,1513.21,3832.12
31,1511.59,3831.23
32,1509.87,3830.45
33,1508.25,3829.68
34,1506.63,3828.9
35,1504.92,3828.12
36,1503.3,3827.24
37,1501.59,3826.46
38,1499.97,3825.68
39,1499.77,3825.57
40,1499.58,3825.46
41,1499.49,3825.24
42,1499.3,3825.13
43,1499.11,3825.02
44,1498.92,3824.91
45,1498.73,3824.8
46,1498.63,3824.58
47,1498.44,3824.46
48,1498.25,3824.35
49,1498.25,3824.35
50,1498.25,3824.35
51,1498.25,3824.35
52,1498.25,3824.35
53,1498.25,3824.35
54,1498.25,3824.35
55,1498.25,3824.35
56,1498.25,3824.35
57,1498.25,3824.35
58,1498.25,3824.35
59,1498.25,3824.35
60,1498.25,3824.35
61,1498.25,3824.35
62,1498.25,3824.35
63,1498.25,3824.35
64,1498.25,3824.35
65,1498.25,3824.35
66,1498.25,3824.35
67,1498.25,3824.35
68,1498.25,3824.35
69,1498.25,3824.35
70,1498.25,3824.35
71,1498.25,3824.35
72,1498.25,3824.35
73,1498.25,3824.35
74,1498.25,3824.35
75,1498.25,3824.35
76,1498.25,3824.35
77,1498.25,3824.35
78,1498.25,3824.35
79,1498.25,3824.35
80,1498.25,3824.35
81,1498.25,3824.35
82,1498.25,3824.35
83,1498.25,3824.35
84,1498.25,3824.35
85,1498.25,3824.35
86,1498.25,3824.35
87,1498.25,3824.35
88,1498.25,3824.35
89,1498.25,3824.35
90,1498.25,3824.35
91,1498.25,3824.35
92,1498.25,3824.35
93,1498.25,3824.35
94,1498.25,3824.35
95,1498.25,3824.35
96,1498.25,3824.35
97,1498.25,3824.35
98,1498.25,3824.35
99,1495.39,3823.58
100,1492.63,3822.8
101,1489.77,3822.03
102,1487.01,3821.25
103,1484.15,3820.47
104,1481.39,3819.7
105,1478.62,3818.92
106,1475.76,3818.15
107,1472.91,3817.37
108,1470.14,3816.59
109,1466.05,3816.15
110,1461.85,3815.71
111,1457.76,3815.15
112,1453.66,3814.71
113,1449.47,3814.26
114,1445.37,3813.82
115,1441.18,3813.38
116,1437.08,3812.93
117,1432.98,3812.38
118,1428.79,3811.94
119,1424.7,3811.49
120,1420.88,3820.7
121,1417.17,3829.79
122,1413.36,3838.88
123,1409.64,3848.08
124,1405.54,3859.72
125,1401.45,3871.25
126,1397.45,3882.9
127,1393.35,3894.43
128,1389.25,3906.07
129,1385.16,3917.71
130,1381.06,3929.24
131,1377.06,3940.88
132,1372.96,3952.41
133,1368.86,3964.05
134,1365.15,3966.72
135,1361.43,3969.38
136,1357.72,3972.04
137,1353.9,3974.59
138,1350.19,3977.25
139,1346.47,3979.91
140,1342.76,3982.57
141,1339.04,3985.23
142,1335.32,3987.89
143,1331.51,3990.44
144,1327.8,3993.1
145,1324.08,3995.76
146,1320.37,3998.43
147,1316.65,4001.09
148,1312.93,4003.75
149,1309.12,4006.3
150,1305.41,4008.96
151,1301.69,4011.62
152,1297.98,4014.28
153,1294.26,4016.94
154,1290.54,4019.6
155,1286.73,4022.15
156,1283.02,4024.81
157,1279.3,4027.47
158,1275.59,4030.13
159,1271.87,4032.8
160,1268.15,4035.46
161,1264.34,4038.01
162,1260.63,4040.67
163,1256.91,4043.33
164,1253.19,4045.99
165,1249.48,4048.65
166,1245.76,4051.31
167,1241.95,4053.86
168,1238.24,4056.52
169,1234.52,4059.18
170,1230.8,4061.84
171,1227.09,4064.51
172,1223.37,4067.17
173,1219.56,4069.72
174,1215.85,4072.38
175,1212.13,4075.04
176,1208.41,4077.7
177,1105.04,4020.05
178,1097.99,4010.84
179,1091.03,4001.64
180,1083.98,3992.44
181,1077.03,3983.24
182,1069.97,3974.03
183,1062.92,3964.72
184,1055.97,3955.52
185,1048.92,3946.31
186,1041.96,3937.11
187,1034.91,3927.91
188,1027.19,3919.59
189,1019.48,3911.17
190,1011.76,3902.85
191,1004.04,3894.54
192,996.32,3886.11
193,988.61,3877.79
194,980.89,3869.48
195,973.17,3861.05
196,965.45,3852.74
197,957.74,3844.31
198,950.02,3836.0
199,942.3,3827.68
200,934.58,3819.25
201,926.87,3810.94
202,919.15,3802.62
203,911.43,3794.2
204,903.71,3785.88
205,896.0,3777.57
206,888.28,3769.14
207,880.56,3760.82
208,873.8,3755.06
209,867.03,3749.29
210,860.27,3743.42
211,853.5,3737.65
212,846.74,3731.89
213,839.97,3726.12
214,833.21,3720.35
215,826.44,3714.48
216,819.68,3708.71
217,812.91,3702.95
218,803.77,3698.51
219,794.62,3694.08
220,785.47,3689.75
221,776.33,3685.32
222,767.18,3680.88
223,758.13,3676.45
224,748.98,3672.01
225,739.84,3667.69
226,730.69,3663.26
227,721.54,3658.82
228,716.02,3658.04
229,710.59,3657.27
230,705.06,3656.49
231,699.53,3655.72
232,696.01,3658.15
233,692.39,3660.48
234,688.86,3662.92
235,684.1,3666.69
236,679.43,3670.35
237,674.76,3674.12
238,670.0,3677.78
239,665.23,3681.55
240,660.56,3685.32
241,655.8,3688.98
242,651.13,3692.75
243,646.46,3696.41
244,641.7,3700.18
245,636.46,3698.29
246,631.12,3696.41
247,625.88,3694.52
248,620.64,3692.53
249,615.31,3690.64
250,610.07,3688.76
251,607.4,3693.3
252,604.73,3697.74
253,602.16,3702.28
254,599.49,3706.72
255,596.82,3711.26
256,594.16,3715.7
257,591.58,3720.24
258,588.91,3724.68
259,586.25,3729.22
260,583.58,3733.66
261,581.01,3738.21
262,578.34,3742.75
263,575.67,3747.19
264,573.0,3751.73
265,570.34,3756.17
266,567.76,3760.71
267,565.1,3765.15
268,562.43,3769.69
269,559.76,3774.13
270,557.19,3778.67
271,554.52,3783.11
272,551.85,3787.65
273,548.14,3796.41
274,544.42,3805.17
275,540.7,3814.04
276,536.99,3822.8
277,533.27,3831.56
278,527.37,3837.88
279,521.36,3844.09
280,515.46,3850.41
281,509.45,3856.73
282,503.55,3863.05
283,497.64,3869.26
284,491.64,3875.58
285,485.73,3881.9
286,479.73,3888.11
287,473.82,3894.43
288,467.82,3895.65
289,461.72,3896.75
290,455.72,3897.97
291,445.71,3892.43
292,435.8,3886.89
293,425.8,3881.34
294,415.89,3875.8
295,405.89,3870.26
296,395.88,3864.82
297,385.97,3859.28
298,375.97,3853.74
299,366.06,3848.19
300,356.05,3842.65
301,346.34,3837.55
302,336.62,3832.45
303,326.9,3827.35
304,317.18,3822.25
305,307.56,3817.04
306,297.84,3811.94
307,288.12,3806.84
308,278.4,3801.74
309,268.68,3796.64
310,258.97,3791.54
311,255.63,3789.76
312,252.2,3788.1
313,248.87,3786.32
314,245.44,3784.55
315,242.1,3782.78
316,238.77,3781.11
317,235.34,3779.34
318,232.0,3777.57
319,228.57,3775.9
320,225.24,3774.13
321,221.9,3772.35
322,218.47,3770.69
323,215.14,3768.92
324,211.71,3767.14
325,208.37,3765.37
326,205.04,3763.71
327,201.61,3761.93
328,198.27,3760.16
329,194.84,3758.5
330,191.51,3756.72
331,191.51,3756.72
332,191.51,3756.72
333,191.51,3756.72
334,191.51,3756.72
335,191.51,3756.72
336,191.51,3756.72
337,191.51,3756.72
338,191.51,3756.72
339,191.51,3756.72
340,191.51,3756.72
341,191.51,3756.72
342,191.51,3756.72
343,191.51,3756.72
344,191.51,3756.72
345,191.51,3756.72
346,191.51,3756.72
347,191.51,3756.72
348,191.51,3756.72
349,191.51,3756.72
350,191.51,3756.72
351,191.22,3756.61
352,190.94,3756.5
353,190.75,3756.5
354,190.46,3756.39
355,190.18,3756.28
356,189.89,3756.17
357,189.6,3756.06
358,189.41,3756.06
359,189.13,3755.95
360,188.84,3755.83
361,185.98,3753.73
362,183.12,3751.62
363,180.27,3749.51
364,177.41,3747.41
365,174.55,3745.3
366,171.79,3743.19
367,168.93,3741.09
368,166.07,3738.98
369,163.21,3736.87
370,160.35,3734.77
371,155.21,3731.66
372,150.06,3728.67
373,145.01,3725.57
374,139.87,3722.57
375,134.72,3719.47
376,129.58,3716.36
377,124.43,3713.37
378,119.38,3710.27
379,114.24,3707.27
380,109.09,3704.17
381,103.95,3701.06
382,98.8,3698.07
383,93.75,3694.96
384,88.61,3691.97
385,83.46,3688.87
386,78.32,3685.76
387,73.17,3682.77
388,68.12,3679.66
389,62.98,3676.67
390,57.83,3673.57
391,57.36,3673.34
392,56.88,3673.12
393,56.5,3672.79
394,56.02,3672.57
395,55.55,3672.35
396,55.07,3672.12
397,54.69,3671.9
398,54.21,3671.68
399,53.74,3671.46
400,53.36,3671.13
401,52.88,3670.91
402,52.4,3670.68
403,52.4,3670.68
404,52.4,3670.68
405,52.4,3670.68
406,52.4,3670.68
407,52.4,3670.68
408,52.4,3670.68
409,52.4,3670.68
410,52.4,3670.68
411,52.4,3670.68
412,52.4,3670.68
413,52.4,3670.68
414,52.4,3670.68
415,52.4,3670.68
416,52.4,3670.68
417,52.4,3670.68
418,52.4,3670.68
419,52.4,3670.68
420,52.4,3670.68
421,52.4,3670.68
422,52.4,3670.68
423,52.4,3670.68
424,52.4,3670.68
425,52.4,3670.68
426,52.4,3670.68
427,52.4,3670.68
428,52.4,3670.68
429,52.4,3670.68
430,52.4,3670.68
431,52.4,3670.68
432,52.4,3670.68
433,52.4,3670.68
434,52.4,3670.68
435,52.4,3670.68
436,52.4,3670.68
437,52.4,3670.68
438,52.4,3670.68
439,52.4,3670.68
440,52.4,3670.68
441,52.4,3670.68
442,52.4,3670.68
443,52.4,3670.68
444,52.4,3670.68
445,52.4,3670.68
446,52.4,3670.68
447,52.4,3670.68
448,52.4,3670.68
449,52.4,3670.68
450,52.4,3670.68
451,52.4,3670.68
452,52.4,3670.68
453,52.4,3670.68
454,52.4,3670.68
455,52.4,3670.68
456,52.4,3670.68
457,52.4,3670.68
458,52.4,3670.68
459,52.4,3670.68
460,52.4,3670.68
461,52.4,3670.68
462,52.4,3670.68
463,52.4,3670.68
464,52.4,3670.68
465,52.4,3670.68
466,52.4,3670.68
467,52.4,3670.68
468,52.4,3670.68
469,52.4,3670.68
470,52.4,3670.68
471,52.4,3670.68
472,52.4,3670.68
473,52.4,3670.68
474,52.4,3670.68
475,52.4,3670.68
476,52.4,3670.68
477,52.4,3670.68
478,52.4,3670.68
479,52.4,3670.68
480,52.4,3670.68
481,50.12,3669.69
482,47.92,3668.8
483,45.64,3667.8
484,43.35,3666.8
485,41.06,3665.92
486,38.87,3664.92
487,36.59,3663.92
488,34.3,3662.92
489,32.11,3662.04
490,29.82,3661.04
