638,520.41,6.65
639,529.08,9.54
640,537.85,12.42
641,546.61,15.3
642,555.28,18.18
643,563.95,21.07
644,572.72,23.95
645,581.39,26.83
646,590.15,29.71
647,598.82,32.6
648,607.59,35.48
649,617.31,39.36
650,627.03,43.13
651,636.74,46.9
652,646.46,50.78
653,656.18,54.66
654,665.9,58.43
655,675.62,62.2
656,685.34,66.08
657,695.05,69.96
658,704.77,73.73
659,709.44,75.62
660,714.21,77.61
661,718.87,79.5
662,723.54,81.38
663,728.21,83.38
664,732.98,85.26
665,737.64,87.15
666,742.31,89.03
667,747.08,91.03
668,751.75,92.91
669,753.65,93.58
670,755.56,94.13
671,757.46,94.8
672,759.37,95.35
673,761.27,95.91
674,763.08,96.57
675,764.99,97.13
676,766.89,97.79
677,768.8,98.46
678,770.71,99.01
679,772.61,99.68
680,774.52,100.23
681,776.42,100.89
682,778.33,101.45
683,780.14,102.11
684,782.04,102.67
685,783.95,103.22
686,785.86,103.89
687,787.76,104.55
688,789.67,105.11
689,789.67,105.11
690,789.67,105.11
691,789.67,105.11
692,789.67,105.11
693,789.67,105.11
694,789.67,105.11
695,789.67,105.11
696,789.67,105.11
697,789.67,105.11
698,789.76,104.22
699,789.95,103.33
700,790.05,102.45
701,790.24,101.56
702,790.33,100.67
703,790.43,99.79
704,790.62,98.9
705,790.71,98.01
706,790.9,97.13
707,791.0,96.24
708,791.0,96.24
709,791.0,96.24
710,791.0,96.24
711,791.0,96.24
712,791.0,96.24
713,791.0,96.24
714,791.0,96.24
715,791.0,96.24
716,791.0,96.24
717,791.0,96.24
718,791.0,96.24
719,791.0,96.24
720,791.0,96.24
721,791.0,96.24
722,791.0,96.24
723,791.0,96.24
724,791.0,96.24
725,791.0,96.24
726,791.0,96.24
727,791.0,96.24
728,795.19,98.01
729,799.29,99.9
730,803.48,101.67
731,807.58,103.56
732,811.77,105.33
733,815.96,107.21
734,820.06,108.99
735,824.25,110.87
736,828.35,112.65
737,832.54,114.53
738,836.64,116.31
739,840.83,118.19
740,845.02,119.96
741,849.12,121.85
742,853.31,123.62
743,857.41,125.51
744,861.6,127.28
745,871.41,130.94
746,881.13,134.49
747,890.95,138.15
748,900.76,141.81
749,910.57,145.35
750,920.29,149.01
751,930.11,152.56
752,939.92,156.22
753,949.73,159.88
754,959.45,163.43
755,969.27,167.09
756,976.89,170.63
757,984.51,174.18
758,992.13,177.73
759,999.75,181.28
760,1007.38,184.83
761,1014.9,188.37
762,1022.53,191.92
763,1030.15,195.47
764,1037.77,199.02
765,1045.39,202.57
766,1051.87,205.56
767,1058.45,208.44
768,1064.93,211.32
769,1071.4,214.32
770,1077.88,217.31
771,1084.46,220.19
772,1090.94,223.19
773,1097.41,226.07
774,1103.99,229.06
775,1110.47,231.95
776,1112.09,231.5
777,1113.71,230.95
778,1115.33,230.51
779,1116.95,230.06
780,1118.57,229.51
781,1120.19,229.06
782,1121.81,228.62
783,1123.43,228.07
784,1125.05,227.62
785,1124.95,228.07
786,1124.86,228.51
787,1124.76,228.95
788,1124.66,229.4
789,1124.57,229.84
790,1124.47,230.28
791,1124.38,230.73
792,1124.28,231.17
793,1124.19,231.61
794,1124.09,231.95
795,1124.0,232.39
796,1123.9,232.83
797,1123.81,233.28
798,1123.71,233.72
799,1123.62,234.16
800,1123.52,234.61
801,1123.43,235.05
802,1123.33,235.49
803,1123.24,235.94
804,1123.14,236.38
805,1122.85,236.71
806,1122.66,237.05
807,1122.38,237.38
808,1122.19,237.71
809,1121.9,238.05
810,1121.71,238.38
811,1121.43,238.71
812,1121.23,239.04
813,1120.95,239.38
814,1120.76,239.71
815,1120.47,240.04
816,1120.38,240.04
817,1120.19,239.93
818,1120.09,239.93
819,1119.9,239.93
820,1119.81,239.82
821,1119.61,239.82
822,1119.52,239.82
823,1119.33,239.71
824,1119.23,239.71
825,1119.23,239.71
826,1119.23,239.71
827,1119.23,239.71
828,1119.23,239.71
829,1119.23,239.71
830,1119.23,239.71
831,1119.23,239.71
832,1119.23,239.71
833,1119.23,239.71
834,1119.23,239.71
835,1119.23,239.71
836,1122.28,239.26
837,1125.24,238.82
838,1128.29,238.38
839,1130.67,240.15
840,1132.95,241.81
841,1135.34,243.59
842,1137.62,245.36
843,1140.0,247.14
844,1142.29,248.8
845,1144.67,250.57
846,1146.96,252.35
847,1149.34,254.12
848,1151.63,255.78
849,1154.01,257.56
850,1159.63,259.89
851,1165.25,262.1
852,1170.87,264.43
853,1176.5,266.76
854,1182.12,269.09
855,1187.74,271.31
856,1193.36,273.64
857,1198.98,275.96
858,1204.6,278.18
859,1210.22,280.51
860,1215.94,282.84
861,1221.56,285.06
862,1227.18,287.38
863,1232.81,289.71
864,1238.43,291.93
865,1244.05,294.26
866,1249.67,296.59
867,1255.29,298.91
868,1260.91,301.13
869,1266.53,303.46
870,1274.25,306.79
871,1282.06,310.22
872,1289.88,313.55
873,1297.59,316.88
874,1305.31,320.31
875,1313.12,323.64
876,1320.94,326.97
877,1328.66,330.29
878,1336.37,333.73
879,1344.19,337.05
880,1347.33,338.94
881,1350.47,340.82
882,1353.62,342.71
883,1356.76,344.59
884,1360.0,346.48
885,1363.15,348.36
886,1366.29,350.36
887,1369.43,352.24
888,1372.58,354.13
889,1375.72,356.01
890,1378.87,357.9
891,1382.01,359.78
892,1385.16,361.67
893,1388.39,363.55
894,1391.54,365.44
895,1394.68,367.32
896,1397.83,369.21
897,1400.97,371.09
898,1404.12,372.98
899,1407.26,374.97
900,1410.4,376.86
901,1413.55,378.74
902,1416.69,380.63
903,1419.93,382.51
904,1423.08,384.4
905,1426.22,386.28
906,1429.36,388.17
907,1432.51,390.05
908,1435.65,391.94
909,1438.8,393.82
910,1441.94,395.71
911,1445.09,397.59
912,1448.32,399.59
913,1451.47,401.47
914,1454.61,403.36
915,1457.76,405.24
916,1460.9,407.13
917,1464.05,409.01
918,1467.19,410.9
919,1470.33,412.78
920,1473.48,414.67
921,1476.72,416.55
922,1479.86,418.44
923,1483.01,420.32
924,1486.15,422.21
925,1489.29,424.2
926,1492.44,426.09
927,1495.58,427.97
928,1498.73,429.86
929,1501.87,431.74
930,1505.02,433.63
931,1508.25,435.51
932,1511.4,437.4
933,1514.54,439.28
934,1517.69,441.17
935,1520.83,443.05
936,1523.98,444.93
937,1527.12,446.82
938,1530.26,448.82
939,1533.41,450.7
940,1536.65,452.58
941,1539.79,454.47
942,1542.94,456.35
943,1546.08,458.24
944,1549.22,460.12
945,1549.13,460.01
