645,1208.13,4390.58
646,1209.65,4379.61
647,1211.08,4368.63
648,1212.61,4357.65
649,1214.04,4346.68
650,1215.56,4335.59
651,1216.99,4324.61
652,1218.51,4313.64
653,1219.94,4302.66
654,1221.47,4291.69
655,1224.23,4282.82
656,1227.09,4273.95
657,1229.95,4265.19
658,1232.71,4256.32
659,1235.47,4247.45
660,1238.33,4238.58
661,1241.19,4229.71
662,1243.95,4220.95
663,1246.81,4212.08
664,1249.57,4203.21
665,1254.43,4189.9
666,1259.29,4176.6
667,1264.15,4163.29
668,1269.01,4149.99
669,1273.87,4136.57
670,1278.73,4123.27
671,1283.59,4109.96
672,1288.45,4096.66
673,1293.31,4083.35
674,1298.17,4070.05
675,1303.03,4056.74
676,1307.88,4043.44
677,1312.74,4030.13
678,1317.6,4016.83
679,1322.46,4003.53
680,1327.32,3990.11
681,1332.18,3976.8
682,1337.04,3963.5
683,1341.9,3950.2
684,1346.76,3936.89
685,1352.19,3922.03
686,1357.62,3907.29
687,1362.96,3892.43
688,1368.39,3877.68
689,1373.82,3862.83
690,1379.25,3848.08
691,1384.68,3833.22
692,1390.01,3818.48
693,1395.45,3803.62
694,1400.88,3788.87
695,1406.69,3775.57
696,1412.4,3762.26
697,1418.22,3749.07
698,1424.03,3735.77
699,1429.84,3722.46
700,1435.56,3709.16
701,1441.37,3695.85
702,1447.18,3682.66
703,1452.9,3669.35
704,1458.71,3656.05
705,1465.47,3642.97
706,1472.33,3629.88
707,1479.1,3616.8
708,1485.86,3603.72
709,1492.72,3590.63
710,1499.49,3577.55
711,1506.25,3564.47
712,1513.02,3551.38
713,1519.88,3538.3
714,1526.64,3525.22
715,1530.45,3517.57
716,1534.17,3509.92
717,1537.98,3502.16
718,1541.79,3494.51
719,1545.51,3486.86
720,1549.32,3479.21
721,1553.13,3471.56
722,1556.94,3463.79
723,1560.66,3456.14
724,1564.47,3448.49
725,1567.42,3439.96
726,1570.38,3431.42
727,1573.33,3422.77
728,1576.28,3414.23
729,1579.33,3405.7
730,1582.29,3397.16
731,1585.24,3388.51
732,1588.19,3379.97
733,1591.15,3371.44
734,1592.29,3365.45
735,1593.53,3359.35
736,1594.67,3353.36
737,1595.91,3347.38
738,1597.05,3341.39
739,1598.2,3335.29
740,1599.44,3329.3
741,1600.58,3323.32
742,1601.82,3317.22
743,1602.96,3311.23
744,1604.1,3305.25
745,1605.34,3299.15
746,1606.49,3293.16
747,1607.73,3287.17
748,1608.87,3281.19
749,1610.01,3275.09
750,1611.25,3269.1
751,1612.39,3263.11
752,1613.63,3257.02
753,1614.78,3251.03
754,1616.11,3243.82
755,1617.44,3236.61
756,1618.78,3229.41
757,1620.11,3222.2
758,1621.45,3214.99
759,1622.87,3207.79
760,1624.21,3200.58
761,1625.54,3193.37
762,1626.88,3186.17
763,1628.21,3178.96
764,1629.54,3171.75
765,1630.59,3165.77
766,1631.54,3159.78
767,1632.59,3153.79
768,1633.64,3147.8
769,1634.59,3141.93
770,1635.64,3135.94
771,1636.69,3129.95
772,1637.74,3123.97
773,1638.69,3117.98
774,1639.74,3111.99
775,1640.22,3107.23
776,1640.69,3102.46
777,1641.07,3097.69
778,1641.55,3092.92
779,1642.03,3088.16
780,1642.5,3083.28
781,1642.98,3078.51
782,1643.36,3073.74
783,1643.84,3068.97
784,1644.31,3064.21
785,1645.74,3056.11
786,1647.27,3048.02
787,1648.69,3039.93
788,1650.22,3031.83
789,1651.65,3023.74
790,1653.08,3015.75
791,1654.6,3007.66
792,1656.03,2999.57
793,1657.56,2991.47
794,1658.98,2983.38
795,1660.03,2975.18
796,1661.08,2966.97
797,1662.13,2958.77
798,1663.18,2950.56
799,1664.23,2942.25
800,1665.27,2934.04
801,1666.32,2925.84
802,1667.37,2917.63
803,1668.42,2909.43
804,1669.47,2901.22
805,1669.85,2894.02
806,1670.32,2886.92
807,1670.7,2879.71
808,1671.09,2872.62
809,1671.56,2865.52
810,1671.94,2858.31
811,1672.32,2851.11
812,1672.7,2844.01
813,1673.18,2836.81
814,1673.56,2829.71
815,1673.75,2825.83
816,1673.94,2821.95
817,1674.04,2818.07
818,1674.23,2814.19
819,1674.42,2810.31
820,1674.61,2806.43
821,1674.8,2802.55
822,1674.9,2798.66
823,1675.09,2794.78
824,1675.28,2790.9
825,1675.47,2785.03
826,1675.75,2779.15
827,1676.04,2773.27
828,1676.23,2767.4
829,1676.42,2761.52
830,1676.71,2755.65
831,1676.99,2749.77
832,1677.18,2743.89
833,1677.37,2738.02
834,1677.66,2732.14
835,1678.04,2723.94
836,1678.33,2715.73
837,1678.71,2707.53
838,1679.09,2699.32
839,1679.37,2691.12
840,1679.76,2683.02
841,1680.14,2674.82
842,1680.52,2666.61
843,1680.8,2658.41
844,1681.18,2650.21
845,1683.19,2640.0
846,1685.28,2629.92
847,1687.28,2619.72
848,1689.38,2609.63
849,1691.38,2599.43
850,1693.38,2589.34
851,1695.48,2579.14
852,1697.48,2569.05
853,1699.57,2558.85
854,1701.57,2548.76
855,1703.58,2538.56
856,1705.67,2528.36
857,1707.67,2518.27
858,1709.77,2508.07
859,1711.77,2497.98
860,1713.77,2487.78
861,1715.87,2477.69
862,1717.87,2467.49
863,1719.96,2457.4
864,1721.96,2447.2
865,1728.44,2436.55
866,1734.92,2425.91
867,1741.4,2415.26
868,1747.88,2404.62
869,1754.36,2393.98
870,1760.74,2383.22
871,1767.22,2372.58
872,1773.7,2361.93
873,1780.18,2351.29
874,1786.66,2340.65
875,1793.14,2330.0
876,1803.52,2318.47
877,1813.91,2306.83
878,1824.29,2295.3
879,1834.68,2283.66
880,1845.16,2272.13
881,1855.54,2260.49
882,1865.93,2248.95
883,1876.31,2237.31
884,1886.7,2225.78
885,1896.42,2215.36
886,1906.14,2204.94
887,1915.86,2194.41
888,1925.57,2183.98
889,1935.29,2173.56
890,1945.01,2163.14
891,1954.73,2152.72
892,1964.45,2142.18
893,1974.17,2131.76
894,1983.88,2121.34
895,1993.7,2107.48
896,2003.42,2093.62
897,2013.23,2079.76
898,2022.95,2065.9
899,2032.76,2052.04
900,2042.48,2038.18
901,2052.29,2024.33
902,2062.01,2010.47
903,2071.83,1996.61
904,2074.11,1982.08
905,2076.3,1967.56
906,2078.59,1952.92
907,2080.88,1938.4
908,2083.07,1923.87
909,2085.36,1909.35
910,2087.64,1894.71
911,2089.83,1880.19
912,2092.12,1865.67
913,2094.41,1851.14
914,2096.6,1836.51
915,2098.88,1821.98
916,2101.17,1807.46
917,2103.36,1792.93
918,2105.65,1778.3
919,2107.94,1763.77
920,2110.13,1749.25
921,2112.41,1734.72
922,2114.7,1720.09
923,2116.89,1705.56
924,2119.18,1691.04
925,2115.84,1676.63
926,2112.6,1662.1
927,2109.27,1647.69
928,2105.94,1633.16
929,2102.6,1618.75
930,2099.36,1604.34
931,2096.03,1589.81
932,2092.69,1575.4
933,2089.45,1560.87
934,2086.12,1546.46
935,2083.26,1534.38
936,2080.4,1522.4
937,2077.54,1510.32
938,2074.68,1498.34
939,2071.83,1486.37
940,2068.97,1474.28
941,2066.11,1462.2
942,2063.25,1450.22
943,2060.39,1438.14
944,2057.53,1426.16
945,2054.87,1416.07
