0,1201.08,4316.3
1,1201.65,4314.08
2,1202.51,4310.09
3,1203.36,4306.21
4,1204.32,4302.22
5,1205.17,4298.34
6,1206.03,4294.35
7,1206.89,4290.47
8,1207.84,4286.47
9,1208.7,4282.59
10,1209.56,4278.6
11,1210.03,4276.94
12,1210.51,4275.16
13,1210.99,4273.5
14,1211.46,4271.84
15,1211.94,4270.06
16,1212.51,4268.4
17,1212.99,4266.74
18,1213.46,4264.96
19,1213.94,4263.3
20,1214.42,4261.64
21,1214.89,4259.86
22,1215.37,4258.2
23,1215.85,4256.54
24,1216.32,4254.76
25,1216.8,4253.1
26,1217.37,4251.44
27,1217.85,4249.66
28,1218.32,4248.0
29,1218.8,4246.34
30,1219.28,4244.56
31,1219.75,4242.9
32,1220.32,4241.35
33,1220.8,4239.8
34,1221.37,4238.13
35,1221.94,4236.58
36,1222.42,4235.03
37,1222.99,4233.48
38,1223.56,4231.81
39,1224.04,4230.26
40,1224.61,4228.71
41,1224.8,4228.27
42,1224.99,4227.93
43,1225.18,4227.49
44,1225.28,4227.05
45,1225.47,4226.6
46,1225.66,4226.27
47,1225.85,4225.83
48,1226.04,4225.38
49,1226.23,4224.94
50,1226.42,4224.61
51,1226.52,4224.16
52,1226.71,4223.72
53,1226.9,4223.28
54,1227.09,4222.83
55,1227.28,4222.5
56,1227.47,4222.06
57,1227.56,4221.61
58,1227.76,4221.17
59,1227.95,4220.84
60,1228.14,4220.39
61,1228.61,4219.06
62,1229.09,4217.62
63,1229.57,4216.29
64,1230.04,4214.96
65,1230.52,4213.63
66,1231.0,4212.19
67,1231.47,4210.86
68,1231.95,4209.53
69,1232.42,4208.2
70,1232.9,4206.76
71,1233.38,4205.43
72,1233.57,4204.76
73,1233.76,4203.98
74,1234.04,4203.32
75,1234.23,4202.65
76,1234.43,4201.88
77,1234.62,4201.21
78,1234.81,4200.55
79,1235.09,4199.77
80,1235.28,4199.11
81,1235.47,4198.44
82,1235.66,4197.78
83,1235.95,4197.0
84,1236.14,4196.33
85,1236.33,4195.67
86,1236.52,4194.89
87,1236.71,4194.23
88,1237.0,4193.56
89,1237.19,4192.79
90,1237.38,4192.12
91,1237.38,4192.12
92,1237.38,4192.12
93,1237.38,4192.12
94,1237.38,4192.12
95,1237.38,4192.12
96,1237.38,4192.12
97,1237.38,4192.12
98,1237.38,4192.12
99,1237.38,4192.12
100,1237.38,4192.12
101,1237.38,4192.12
102,1238.52,4189.79
103,1239.67,4187.46
104,1240.71,4185.02
105,1241.86,4182.7
106,1243.0,4180.37
107,1244.14,4178.04
108,1245.29,4175.71
109,1246.33,4173.27
110,1247.48,4170.94
111,1248.62,4168.62
112,1248.91,4167.84
113,1249.19,4167.06
114,1249.48,4166.29
115,1249.76,4165.51
116,1250.05,4164.74
117,1250.34,4163.96
118,1250.62,4163.18
119,1250.91,4162.41
120,1251.19,4161.63
121,1252.15,4159.75
122,1253.1,4157.86
123,1253.96,4155.98
124,1254.91,4154.09
125,1255.86,4152.21
126,1256.82,4150.21
127,1257.77,4148.33
128,1258.72,4146.44
129,1259.58,4144.56
130,1260.53,4142.67
131,1261.48,4140.79
132,1265.49,4130.7
133,1269.39,4120.61
134,1273.39,4110.52
135,1277.3,4100.43
136,1281.3,4090.34
137,1285.3,4080.25
138,1289.21,4070.16
139,1293.21,4060.07
140,1297.12,4049.98
141,1301.12,4039.89
142,1305.12,4029.8
143,1309.03,4019.71
144,1313.03,4009.62
145,1316.94,3999.53
146,1320.94,3989.44
147,1324.94,3979.35
148,1328.85,3969.27
149,1332.85,3959.18
150,1336.75,3949.09
151,1340.76,3939.0
152,1346.0,3924.92
153,1351.14,3910.84
154,1356.38,3896.64
155,1361.53,3882.56
156,1366.77,3868.48
157,1372.01,3854.4
158,1377.15,3840.32
159,1382.39,3826.13
160,1387.54,3812.05
161,1392.78,3797.97
162,1398.59,3784.88
163,1404.5,3771.8
164,1410.31,3758.72
165,1416.12,3745.63
166,1422.03,3732.55
167,1427.84,3719.58
168,1433.75,3706.5
169,1439.56,3693.41
170,1445.37,3680.33
171,1451.28,3667.25
172,1457.09,3654.16
173,1465.95,3637.31
174,1474.72,3620.57
175,1483.58,3603.72
176,1492.44,3586.97
177,1501.3,3570.12
178,1510.07,3553.27
179,1518.93,3536.53
180,1527.79,3519.67
181,1533.12,3507.03
182,1538.36,3494.51
183,1543.7,3481.87
184,1549.03,3469.23
185,1554.37,3456.7
186,1559.61,3444.06
187,1564.95,3431.53
188,1570.28,3418.89
189,1575.62,3406.25
190,1580.86,3393.72
191,1586.19,3381.08
192,1588.76,3367.0
193,1591.34,3352.81
194,1593.81,3338.73
195,1596.39,3324.54
196,1598.96,3310.46
197,1601.53,3296.26
198,1604.1,3282.18
199,1606.58,3267.99
200,1609.15,3253.91
201,1611.73,3239.72
202,1614.3,3225.64
203,1616.78,3211.45
204,1619.35,3197.37
205,1621.92,3183.17
206,1624.49,3169.09
207,1627.07,3154.9
208,1629.54,3140.82
209,1632.12,3126.63
210,1634.69,3112.55
211,1636.59,3099.91
212,1638.4,3087.27
213,1640.31,3074.63
214,1642.12,3061.99
215,1644.03,3049.35
216,1645.84,3036.6
217,1647.74,3023.96
218,1649.55,3011.32
219,1651.46,2998.68
220,1653.27,2986.04
221,1655.17,2973.4
222,1656.03,2962.2
223,1656.89,2951.12
224,1657.75,2940.03
225,1658.6,2928.83
226,1659.46,2917.63
227,1660.32,2906.54
228,1661.18,2895.46
229,1662.03,2884.26
230,1662.89,2873.06
231,1663.75,2861.97
232,1664.23,2851.66
233,1664.8,2841.35
234,1665.27,2831.04
235,1665.75,2820.73
236,1666.32,2810.31
237,1666.8,2800.0
238,1667.27,2789.68
239,1667.75,2779.37
240,1668.32,2769.06
241,1668.8,2758.75
242,1669.66,2744.56
243,1670.51,2730.37
244,1671.37,2716.29
245,1672.23,2702.09
246,1673.18,2687.9
247,1674.04,2673.71
248,1674.9,2659.63
249,1675.75,2645.44
250,1676.61,2631.25
251,1679.76,2620.05
252,1683.0,2608.96
253,1686.14,2597.76
254,1689.38,2586.56
255,1692.52,2575.48
256,1695.67,2564.28
257,1698.91,2553.08
258,1702.05,2541.99
259,1705.19,2530.79
260,1708.43,2519.6
261,1711.58,2508.51
262,1714.82,2497.31
263,1717.96,2486.11
264,1721.11,2475.03
265,1724.35,2463.83
266,1727.49,2452.63
267,1730.63,2441.54
268,1733.87,2430.34
269,1737.02,2419.15
270,1740.26,2408.06
271,1743.4,2396.86
272,1752.64,2384.66
273,1761.89,2372.47
274,1771.13,2360.27
275,1780.37,2348.08
276,1789.71,2335.77
277,1798.95,2323.57
278,1808.19,2311.38
279,1817.43,2299.18
280,1826.67,2286.98
281,1835.82,2277.12
282,1845.06,2267.25
283,1854.21,2257.49
284,1863.45,2247.62
285,1872.6,2237.76
286,1881.84,2227.89
287,1890.99,2218.02
288,1900.23,2208.15
289,1909.38,2198.4
290,1918.62,2188.53
291,1927.76,2178.66
292,1937.58,2167.46
293,1947.49,2156.26
294,1957.3,2144.96
295,1967.21,2133.76
296,1977.02,2122.56
297,1986.84,2111.36
298,1996.75,2100.16
299,2006.56,2088.85
300,2016.47,2077.66
301,2026.28,2066.46
302,2032.95,2053.71
303,2039.62,2040.96
304,2046.29,2028.21
305,2052.96,2015.46
306,2059.63,2002.71
307,2066.3,1989.95
308,2072.97,1977.2
309,2079.64,1964.45
310,2086.31,1951.7
311,2092.98,1938.95
312,2093.83,1924.65
313,2094.69,1910.24
314,2095.55,1895.93
315,2096.41,1881.63
316,2097.36,1867.22
317,2098.22,1852.92
318,2099.08,1838.5
319,2099.93,1824.2
320,2100.79,1809.9
321,2101.65,1795.48
322,2102.51,1781.18
323,2103.36,1766.88
324,2104.22,1752.46
325,2105.08,1738.16
326,2106.03,1723.75
327,2106.89,1709.45
328,2107.75,1695.14
329,2108.6,1680.73
330,2109.46,1666.43
331,2105.46,1650.79
332,2101.46,1635.16
333,2097.55,1619.64
334,2093.55,1604.0
335,2089.55,1588.37
336,2085.55,1572.74
337,2081.54,1557.11
338,2077.64,1541.58
339,2073.64,1525.95
340,2069.63,1510.32
341,2066.87,1497.68
342,2064.01,1485.15
343,2061.25,1472.51
344,2058.49,1459.98
345,2055.72,1447.34
346,2052.87,1434.81
347,2050.1,1422.17
348,2047.34,1409.64
349,2044.58,1397.0
350,2041.72,1384.48
351,2038.95,1371.84
352,2035.81,1359.86
353,2032.76,1348.0
354,2029.62,1336.02
355,2026.57,1324.16
356,2023.42,1312.19
357,2020.38,1300.32
358,2017.23,1288.35
359,2014.18,1276.48
360,2011.04,1264.51
361,2008.47,1250.54
362,2005.8,1236.68
363,2003.23,1222.71
364,2000.56,1208.74
365,1997.98,1194.88
366,1995.41,1180.91
367,1992.74,1166.94
368,1990.17,1152.97
369,1987.5,1139.11
370,1984.93,1125.14
371,1988.84,1111.73
372,1992.65,1098.42
373,1996.56,1085.01
374,2000.37,1071.59
375,2004.27,1058.18
376,2008.08,1044.87
377,2011.99,1031.45
378,2015.9,1018.04
379,2019.71,1004.73
380,2023.61,991.32
381,2027.43,977.9
382,2031.33,964.49
383,2035.14,951.18
384,2039.05,937.77
385,2042.96,924.35
386,2046.77,911.05
387,2050.67,897.63
388,2054.48,884.21
389,2058.39,870.8
390,2062.2,857.49
391,2066.11,844.08
392,2067.82,840.86
393,2069.63,837.65
394,2071.35,834.43
395,2073.06,831.33
396,2074.87,828.11
397,2076.59,824.9
398,2078.3,821.68
399,2080.11,818.47
400,2081.83,815.25
401,2083.54,812.15
402,2085.36,808.93
403,2087.07,805.72
404,2088.79,802.5
405,2090.6,799.29
406,2092.31,796.07
407,2094.03,792.86
408,2095.84,789.75
409,2097.55,786.54
410,2099.36,783.32
411,2101.08,780.1
412,2102.79,776.89
413,2104.6,773.67
414,2106.32,770.57
415,2108.03,767.35
416,2109.84,764.14
417,2111.56,760.92
418,2113.27,757.71
419,2115.08,754.49
420,2116.8,751.39
421,2118.51,748.17
422,2120.32,744.96
423,2122.04,741.74
424,2211.41,551.37
425,2215.98,534.08
426,2220.46,516.78
427,2225.03,499.48
428,2219.22,496.05
429,2213.5,492.61
430,2205.98,486.73
431,2198.45,480.97
432,2190.83,475.09
433,2183.3,469.33
434,2175.77,463.45
435,2168.25,457.69
436,2160.72,451.81
437,2153.19,446.04
438,2145.57,440.17
439,2138.04,434.29
440,2130.52,428.53
441,2122.99,422.65
442,2115.46,416.88
443,2107.84,411.01
444,2100.31,405.24
445,2092.79,399.37
446,2090.98,390.5
447,2089.17,381.74
448,2087.45,372.87
449,2085.64,364.11
450,2083.83,355.24
451,2082.02,346.48
452,2080.21,337.61
453,2078.4,328.85
454,2076.68,319.98
455,2074.87,311.22
456,2073.06,302.35
457,2071.16,297.03
458,2069.25,291.71
459,2067.35,286.27
460,2065.44,280.95
461,2063.54,275.63
462,2061.63,270.31
463,2059.73,264.99
464,2057.82,259.55
465,2055.91,254.23
466,2054.01,248.91
467,2052.87,244.48
468,2051.72,240.04
469,2050.58,235.61
470,2049.44,231.17
471,2048.29,226.74
472,2047.15,222.3
473,2046.01,217.87
474,2044.86,213.43
475,2043.72,209.0
476,2040.48,206.22
477,2037.24,203.34
478,2034.1,200.46
479,2030.86,197.69
480,2026.66,196.36
481,2022.47,195.03
482,2018.28,193.7
483,2013.99,192.37
484,2009.8,191.03
485,2005.61,189.59
486,2001.41,188.26
487,1997.22,186.93
488,1992.94,185.6
489,1988.74,184.27
490,1984.55,182.94
491,1980.36,181.61
492,1976.55,180.39
493,1972.83,179.28
494,1969.02,178.06
495,1965.21,176.84
496,1961.49,175.73
497,1957.68,174.51
498,1953.87,173.3
499,1950.16,172.19
500,1946.34,170.97
501,1942.53,169.75
502,1938.72,168.53
503,1935.01,167.42
504,1931.19,166.2
505,1927.38,164.98
506,1923.67,163.87
507,1919.86,162.65
508,1916.05,161.43
509,1912.33,160.32
510,1908.52,159.1
511,1904.71,157.88
512,1900.99,156.77
513,1897.18,155.56
514,1893.37,154.34
515,1889.65,153.23
516,1885.84,152.01
517,1882.03,150.79
518,1878.32,149.68
519,1874.5,148.46
520,1870.69,147.24
521,1866.98,146.13
522,1863.17,144.91
523,1859.36,143.69
524,1855.54,142.47
525,1851.83,141.36
526,1848.02,140.14
527,1844.21,138.92
528,1840.49,137.82
529,1836.68,136.6
530,1832.87,135.38
531,1829.15,134.27
532,1825.34,133.05
533,1821.53,131.83
534,1817.81,130.72
535,1814.0,129.5
536,1810.19,128.28
537,1806.48,127.17
538,1802.66,125.95
539,1798.85,124.73
540,1795.14,123.62
541,1791.33,122.4
542,1787.52,121.18
543,1783.7,119.96
544,1779.99,118.86
545,1776.18,117.64
546,1772.37,116.42
547,1768.65,115.31
548,1764.84,114.09
549,1761.03,112.87
550,1757.31,111.76
551,1753.5,110.54
552,1749.69,109.32
553,1745.97,108.21
554,1742.16,106.99
555,1738.35,105.77
556,1734.64,104.66
557,1730.82,103.44
558,1727.01,102.23
559,1723.3,101.12
560,1719.49,99.9
561,1715.68,98.68
562,1711.96,97.57
563,1708.15,96.35
564,1704.34,95.13
565,1700.53,93.91
566,1696.81,92.8
567,1693.0,91.58
568,1689.19,90.36
569,1685.47,89.25
570,1681.66,88.03
571,1677.85,86.81
572,1674.13,85.71
573,1670.32,84.49
574,1666.51,83.27
575,1662.8,82.16
576,1658.98,80.94
577,1655.17,79.72
578,1651.46,78.61
579,1647.65,77.39
580,1643.84,76.17
581,1640.12,75.06
582,1636.31,73.84
583,1632.5,72.62
584,1628.78,71.51
585,1624.97,70.29
586,1621.16,69.07
587,1617.35,67.85
588,1613.63,66.75
589,1609.82,65.53
590,1606.01,64.31
591,1602.29,63.2
592,1598.48,61.98
593,1594.67,60.76
594,1590.96,59.65
595,1587.15,58.43
596,1587.15,58.32
597,1587.05,58.1
598,1587.05,57.99
599,1586.95,57.77
600,1586.95,57.65
601,1586.86,57.54
602,1586.86,57.32
603,1586.76,57.21
604,1586.76,57.1
605,1586.76,56.88
606,1586.67,56.77
607,1586.67,56.55
608,1586.57,56.43
609,1586.57,56.32
610,1586.48,56.1
611,1586.48,55.99
612,1586.48,55.88
613,1586.38,55.66
614,1586.38,55.55
615,1586.29,55.33
616,1586.29,55.21
617,1586.19,55.1
618,1586.19,54.88
619,1586.1,54.77
620,1586.1,54.66
621,1586.1,54.44
622,1586.0,54.33
623,1586.0,54.11
624,1585.91,54.0
625,1585.91,53.88
626,1585.81,53.66
627,1585.81,53.55
628,1585.72,53.44
629,1585.72,53.22
630,1585.72,53.11
631,1585.62,52.89
632,1585.62,52.78
633,1585.53,52.66
634,1585.53,52.44
635,1585.43,52.33
636,1585.43,52.22
637,1585.33,52.0
638,1585.33,51.89
639,1585.33,51.67
640,1585.24,51.56
641,1585.24,51.45
642,1585.14,51.22
643,1585.14,51.11
644,1585.05,51.0
645,1585.05,50.78
646,1585.05,50.67
647,1584.95,50.45
648,1584.95,50.34
649,1584.86,50.23
650,1584.86,50.0
651,1584.76,49.89
652,1584.76,49.78
653,1584.67,49.56
654,1584.67,49.45
655,1584.67,49.23
656,1584.57,49.12
657,1584.57,49.01
658,1584.48,48.78
659,1584.48,48.67
660,1584.38,48.45
661,1584.38,48.34
662,1584.29,48.23
663,1584.29,48.01
664,1584.29,47.9
665,1584.19,47.79
666,1584.19,47.56
667,1584.1,47.45
668,1584.1,47.23
669,1584.0,47.12
670,1584.0,47.01
671,1583.91,46.79
672,1583.91,46.68
673,1583.91,46.57
674,1583.81,46.35
675,1583.81,46.23
676,1583.72,46.01
677,1583.72,45.9
678,1583.62,45.79
679,1583.62,45.57
680,1583.62,45.46
681,1583.52,45.35
682,1583.52,45.13
683,1583.43,45.01
684,1583.43,44.79
685,1583.33,44.68
686,1583.33,44.57
687,1583.24,44.35
688,1583.24,44.24
689,1583.24,44.13
690,1583.14,43.91
691,1583.14,43.79
692,1583.05,43.57
693,1583.05,43.46
694,1582.95,43.35
695,1582.95,43.13
696,1582.86,43.02
697,1582.86,42.91
698,1582.86,42.69
699,1582.76,42.58
700,1582.76,42.35
701,1582.67,42.24
702,1582.67,42.13
703,1582.57,41.91
704,1582.57,41.8
705,1582.48,41.69
706,1582.48,41.47
707,1582.48,41.36
708,1582.38,41.13
709,1582.38,41.02
710,1582.29,40.91
711,1582.29,40.69
712,1582.19,40.58
713,1582.19,40.47
714,1582.19,40.25
715,1582.1,40.14
716,1582.1,39.91
717,1582.0,39.8
718,1582.0,39.69
719,1581.9,39.47
720,1581.9,39.36
721,1581.81,39.14
722,1581.81,39.03
723,1581.81,38.92
724,1581.71,38.69
725,1581.71,38.58
726,1581.62,38.47
727,1581.62,38.25
728,1581.52,38.14
729,1581.52,37.92
730,1581.43,37.81
731,1581.43,37.7
732,1581.43,37.48
733,1581.33,37.36
734,1581.33,37.25
735,1581.24,37.03
736,1581.24,36.92
737,1581.14,36.7
738,1581.14,36.59
739,1581.05,36.48
740,1581.05,36.26
741,1581.05,36.14
742,1580.95,36.03
743,1580.95,35.81
744,1580.86,35.7
745,1580.86,35.48
746,1580.76,35.37
747,1580.76,35.26
748,1580.76,35.04
749,1580.67,34.93
750,1580.67,34.81
751,1580.57,34.59
752,1580.57,34.48
753,1580.48,34.26
754,1580.48,34.15
755,1580.38,34.04
756,1580.38,33.82
757,1580.38,33.71
758,1580.29,33.59
759,1580.29,33.37
760,1580.19,33.26
761,1580.19,33.04
762,1580.09,32.93
763,1580.09,32.82
764,1580.0,32.6
765,1580.0,32.49
766,1580.0,32.38
767,1579.9,32.15
768,1579.9,32.04
769,1579.81,31.82
770,1579.81,31.71
771,1579.71,31.6
772,1579.71,31.38
773,1579.62,31.27
774,1579.62,31.04
775,1579.62,30.93
776,1579.52,30.82
777,1579.52,30.6
778,1579.43,30.49
779,1579.43,30.38
780,1579.33,30.16
781,1579.33,30.05
782,1579.33,29.82
783,1579.24,29.71
784,1579.24,29.6
785,1579.14,29.38
786,1579.14,29.27
787,1579.05,29.16
788,1579.05,28.94
789,1578.95,28.83
790,1578.95,28.61
791,1578.95,28.49
792,1578.86,28.38
793,1578.86,28.16
794,1578.76,28.05
795,1578.76,27.94
796,1578.67,27.72
797,1578.67,27.61
798,1578.57,27.39
799,1578.57,27.27
800,1578.57,27.16
801,1578.47,26.94
802,1578.47,26.83
803,1578.38,26.72
804,1578.38,26.5
805,1578.28,26.39
806,1578.28,26.17
807,1578.19,26.06
808,1578.19,25.94
809,1578.19,25.72
810,1578.09,25.61
811,1578.09,25.5
812,1578.0,25.28
813,1578.0,25.17
814,1577.9,24.95
815,1577.9,24.84
816,1577.9,24.72
817,1577.81,24.5
818,1577.81,24.39
819,1577.71,24.28
820,1577.71,24.06
821,1577.62,23.95
822,1577.62,23.73
823,1577.52,23.62
824,1577.52,23.51
825,1577.52,23.28
826,1577.43,23.17
827,1577.43,23.06
828,1577.33,22.84
829,1577.33,22.73
830,1577.24,22.51
831,1577.24,22.4
832,1577.14,22.29
833,1577.14,22.06
834,1577.14,21.95
835,1577.05,21.73
836,1577.05,21.62
837,1576.95,21.51
838,1576.95,21.29
839,1576.86,21.18
840,1576.86,21.07
841,1576.76,20.84
842,1576.76,20.73
843,1576.76,20.51
844,1576.66,20.4
845,1576.66,20.29
846,1576.57,20.07
847,1576.57,19.96
848,1576.47,19.85
849,1576.47,19.62
850,1576.47,19.51
851,1576.38,19.29
852,1576.38,19.18
853,1576.28,19.07
854,1576.28,18.85
855,1576.19,18.74
856,1576.19,18.63
857,1576.09,18.4
858,1576.09,18.29
859,1576.09,18.07
860,1576.0,17.96
861,1576.0,17.85
862,1575.9,17.63
863,1575.9,17.52
864,1575.81,17.41
865,1575.81,17.19
866,1575.71,17.07
867,1575.71,16.85
868,1575.71,16.74
869,1575.62,16.63
870,1575.62,16.41
871,1575.52,16.3
872,1575.52,16.19
873,1575.43,15.97
874,1575.43,15.85
875,1575.33,15.63
876,1575.33,15.52
877,1575.33,15.41
878,1575.24,15.19
879,1575.24,15.08
880,1575.14,14.97
881,1575.14,14.75
882,1575.04,14.64
883,1575.04,14.41
884,1575.04,14.3
885,1574.95,14.19
886,1574.95,13.97
887,1574.85,13.86
888,1574.85,13.75
889,1574.76,13.53
890,1574.76,13.42
891,1574.66,13.19
892,1574.66,13.08
893,1575.43,13.64
894,1576.19,14.19
895,1576.95,14.75
896,1577.71,15.3
897,1578.47,15.74
898,1579.24,16.3
899,1580.0,16.85
900,1580.76,17.41
901,1581.52,17.96
902,1582.29,18.52
903,1582.29,18.52
904,1582.29,18.52
905,1582.29,18.52
906,1582.29,18.52
907,1582.29,18.52
908,1582.29,18.52
909,1582.29,18.52
910,1582.29,18.52
911,1582.29,18.52
912,1582.29,18.52
913,1582.48,18.52
914,1582.57,18.63
915,1582.76,18.63
916,1582.95,18.74
917,1583.05,18.74
918,1583.24,18.74
919,1583.43,18.85
920,1583.52,18.85
921,1583.72,18.96
922,1583.91,18.96
923,1584.0,18.96
924,1584.19,19.07
925,1584.29,19.07
926,1584.48,19.18
927,1584.67,19.18
928,1584.76,19.18
929,1584.95,19.29
930,1585.14,19.29
931,1585.24,19.4
932,1585.43,19.4
933,1592.48,24.17
934,1599.53,29.05
935,1606.68,33.82
936,1613.73,38.58
937,1620.78,43.46
938,1627.83,48.23
939,1634.88,53.0
940,1642.03,57.77
941,1649.08,62.64
942,1656.13,67.41
943,1662.7,72.07
944,1669.37,76.84
945,1675.94,81.49
