845,579.96,4418.52
846,578.53,4416.86
847,577.1,4415.31
848,575.58,4413.65
849,574.15,4412.09
850,572.72,4410.43
851,571.29,4408.88
852,569.86,4407.22
853,568.43,4405.66
854,566.91,4404.0
855,565.48,4402.45
856,564.05,4400.78
857,564.05,4400.78
858,564.05,4400.78
859,564.05,4400.78
860,564.05,4400.78
861,564.05,4400.78
862,564.05,4400.78
863,564.05,4400.78
864,564.05,4400.78
865,564.05,4400.78
866,564.05,4400.78
867,564.05,4400.78
868,564.05,4400.78
869,564.05,4400.78
870,564.05,4400.78
871,564.05,4400.78
872,564.05,4400.78
873,564.05,4400.78
874,564.05,4400.78
875,564.05,4400.78
876,564.05,4400.78
877,564.05,4400.78
878,564.05,4400.78
879,564.05,4400.78
880,564.05,4400.78
881,564.05,4400.78
882,564.05,4400.78
883,564.05,4400.78
884,564.05,4400.78
885,564.05,4400.78
886,564.05,4400.78
887,564.05,4400.78
888,564.05,4400.78
889,564.05,4400.78
890,564.05,4400.78
891,564.05,4400.78
892,564.05,4400.78
893,564.05,4400.78
894,564.05,4400.78
895,564.05,4400.78
896,564.05,4400.78
897,564.05,4400.78
898,564.05,4400.78
899,564.05,4400.78
900,564.05,4400.78
901,564.05,4400.78
902,564.05,4400.78
903,564.05,4400.78
904,564.05,4400.78
905,564.05,4400.78
906,564.05,4400.78
907,564.05,4400.78
908,564.05,4400.78
909,564.05,4400.78
910,564.05,4400.78
911,564.05,4400.78
912,564.05,4400.78
913,564.05,4400.78
914,564.05,4400.78
915,564.05,4400.78
916,564.05,4400.78
917,564.05,4400.78
918,564.05,4400.78
919,564.05,4400.78
920,564.05,4400.78
921,564.05,4400.78
922,564.05,4400.78
923,564.05,4400.78
924,564.05,4400.78
925,564.05,4400.78
926,564.05,4400.78
927,564.05,4400.78
928,564.05,4400.78
929,564.05,4400.78
930,564.05,4400.78
931,564.05,4400.78
932,564.05,4400.78
933,564.05,4400.78
934,564.05,4400.78
935,564.05,4400.78
936,564.05,4400.78
937,564.05,4400.78
938,564.05,4400.78
939,564.05,4400.78
940,564.05,4400.78
941,564.05,4400.78
942,564.05,4400.78
943,564.05,4400.78
944,564.05,4400.78
945,564.05,4400.78
946,564.05,4400.78
947,564.05,4400.78
948,564.05,4400.78
949,564.05,4400.78
950,564.05,4400.78
951,564.05,4400.78
952,564.05,4400.78
953,564.05,4400.78
954,564.05,4400.78
955,564.05,4400.78
956,564.05,4400.78
957,564.05,4400.78
958,564.05,4400.78
959,564.05,4400.78
960,564.05,4400.78
961,564.05,4400.78
962,564.05,4400.78
963,564.05,4400.78
964,564.05,4400.78
965,564.05,4400.78
966,564.24,4400.78
967,564.43,4400.78
968,564.62,4400.78
969,564.81,4400.78
970,565.0,4400.78
971,565.19,4400.78
972,565.38,4400.78
973,565.57,4400.78
974,565.76,4400.78
975,565.95,4400.78
976,565.95,4400.78
977,565.95,4400.78
978,565.95,4400.78
979,565.95,4400.78
980,565.95,4400.78
981,565.95,4400.78
982,565.95,4400.78
983,565.95,4400.78
984,565.95,4400.78
985,565.95,4400.78
986,565.95,4400.78
987,565.95,4400.78
988,565.95,4400.78
989,565.95,4400.78
990,565.95,4400.78
991,565.95,4400.78
992,565.95,4400.78
993,565.95,4400.78
994,565.95,4400.78
995,565.95,4400.78
996,565.95,4400.78
997,565.95,4400.78
998,565.95,4400.78
999,565.95,4400.78
1000,565.95,4400.78
1001,565.95,4400.78
1002,565.95,4400.78
1003,565.95,4400.78
1004,565.95,4400.78
1005,565.95,4400.78
1006,565.95,4400.78
1007,565.95,4400.78
1008,565.95,4400.78
1009,565.95,4400.78
1010,565.95,4400.78
1011,565.95,4400.78
1012,565.95,4400.78
1013,565.95,4400.78
1014,565.95,4400.78
1015,565.95,4400.78
1016,565.95,4400.78
1017,565.95,4400.78
1018,565.95,4400.78
1019,565.95,4400.78
1020,565.95,4400.78
1021,565.95,4400.78
1022,565.95,4400.78
1023,565.95,4400.78
1024,565.95,4400.78
1025,565.95,4400.78
1026,565.86,4400.56
1027,565.67,4400.45
1028,565.48,4400.23
1029,565.38,4400.12
1030,565.19,4399.9
1031,565.1,4399.79
1032,565.0,4399.56
1033,564.81,4399.45
1034,564.62,4399.34
1035,564.52,4399.12
1036,568.53,4391.91
1037,572.53,4384.71
1038,576.43,4377.39
1039,580.44,4370.18
1040,584.44,4362.98
1041,588.44,4355.77
1042,592.34,4348.45
1043,596.35,4341.25
1044,600.35,4334.04
1045,604.35,4326.83
1046,608.35,4319.63
1047,612.26,4312.31
1048,616.26,4305.1
1049,620.26,4297.89
1050,624.26,4290.69
1051,628.17,4283.37
1052,632.17,4276.16
1053,636.17,4268.96
1054,638.55,4266.41
1055,640.94,4263.86
1056,643.32,4261.42
1057,645.7,4258.87
1058,648.08,4256.32
1059,650.56,4253.77
1060,652.94,4251.22
1061,655.32,4248.67
1062,657.71,4246.23
1063,660.09,4243.68
1064,662.47,4241.13
1065,662.47,4241.13
1066,662.47,4241.13
1067,662.47,4241.13
1068,662.47,4241.13
1069,662.47,4241.13
1070,662.47,4241.13
1071,662.47,4241.13
1072,662.47,4241.13
1073,662.47,4241.13
1074,663.61,4239.91
1075,664.66,4238.8
1076,665.8,4237.58
1077,666.95,4236.36
1078,668.0,4235.14
1079,669.14,4234.03
1080,670.28,4232.81
1081,671.43,4231.59
1082,672.47,4230.48
1083,673.62,4229.26
1084,677.52,4224.38
1085,681.53,4219.51
1086,685.43,4214.74
1087,689.34,4209.86
1088,693.34,4204.98
1089,697.25,4200.1
1090,701.15,4195.23
1091,705.06,4190.46
1092,709.06,4185.58
1093,712.97,4180.7
1094,718.78,4167.29
1095,724.5,4153.76
1096,730.31,4140.34
1097,736.12,4126.82
1098,741.93,4113.4
1099,747.65,4099.87
1100,753.46,4086.46
1101,759.27,4072.93
1102,764.99,4059.52
1103,770.8,4046.1
1104,776.61,4032.57
1105,782.33,4019.16
1106,788.14,4005.63
1107,793.95,3992.22
1108,799.77,3978.69
1109,805.48,3965.27
1110,811.29,3951.75
1111,817.11,3938.33
1112,822.82,3924.81
1113,828.63,3911.39
1114,834.64,3895.87
1115,840.54,3880.23
1116,846.55,3864.71
1117,852.45,3849.19
1118,858.46,3833.67
1119,864.46,3818.03
1120,870.37,3802.51
1121,876.37,3786.99
1122,882.28,3771.36
1123,888.28,3755.83
1124,893.42,3742.42
1125,898.66,3728.89
1126,903.81,3715.48
1127,909.05,3701.95
1128,914.19,3688.53
1129,919.34,3675.01
1130,924.58,3661.48
1131,929.73,3648.07
1132,934.97,3634.54
1133,940.11,3621.12
1134,942.87,3615.69
1135,945.64,3610.26
1136,948.4,3604.94
1137,951.16,3599.5
1138,953.93,3594.07
1139,956.69,3588.64
1140,959.36,3583.2
1141,962.12,3577.88
1142,964.88,3572.45
1143,967.65,3567.02
1144,970.41,3561.58
1145,973.17,3556.26
1146,975.94,3550.83
1147,978.7,3545.4
1148,982.8,3534.53
1149,986.8,3523.67
1150,990.8,3512.91
1151,994.9,3502.05
1152,998.9,3491.18
1153,1002.99,3480.31
1154,1006.52,3471.0
1155,1009.95,3461.69
1156,1013.47,3452.37
1157,1016.9,3443.17
1158,1020.43,3433.86
1159,1023.86,3424.54
1160,1027.39,3415.23
1161,1030.82,3405.92
1162,1034.34,3396.6
1163,1037.87,3387.4
1164,1041.3,3378.09
1165,1044.82,3368.78
1166,1048.25,3359.46
1167,1051.78,3350.15
1168,1055.21,3340.84
1169,1058.73,3331.52
1170,1062.16,3322.32
1171,1065.69,3313.01
1172,1069.12,3303.69
1173,1072.64,3294.38
1174,1074.17,3289.94
1175,1075.79,3285.4
1176,1077.31,3280.96
1177,1078.93,3276.42
1178,1080.46,3271.98
1179,1082.08,3267.55
1180,1083.6,3263.0
1181,1085.22,3258.57
1182,1086.74,3254.02
1183,1088.36,3249.59
1184,1089.89,3245.15
1185,1091.41,3240.61
1186,1093.03,3236.17
1187,1094.56,3231.63
1188,1096.18,3227.19
1189,1097.7,3222.76
1190,1099.32,3218.21
1191,1100.84,3213.77
1192,1102.46,3209.23
1193,1103.99,3204.79
