1,1568.09,1092.99
2,1568.09,1092.99
3,1568.09,1092.99
4,1568.09,1092.99
5,1568.09,1092.99
6,1568.09,1092.99
7,1568.09,1092.99
8,1568.09,1092.99
9,1568.09,1092.99
10,1568.09,1092.99
11,1568.09,1092.99
12,1567.42,1092.77
13,1566.85,1092.55
14,1566.18,1092.21
15,1565.61,1091.99
16,1564.95,1091.77
17,1564.37,1091.55
18,1563.71,1091.22
19,1563.13,1090.99
20,1562.47,1090.77
21,1561.8,1090.55
22,1561.23,1090.33
23,1560.56,1090.0
24,1559.99,1089.77
25,1559.32,1089.55
26,1558.75,1089.33
27,1558.09,1089.0
28,1557.51,1088.78
29,1556.85,1088.55
30,1556.85,1088.55
31,1556.85,1088.55
32,1556.85,1088.55
33,1556.85,1088.55
34,1556.85,1088.55
35,1556.85,1088.55
36,1556.85,1088.55
37,1556.85,1088.55
38,1556.85,1088.55
39,1556.85,1088.55
40,1556.85,1088.55
41,1556.85,1088.55
42,1556.85,1088.55
43,1556.85,1088.55
44,1556.85,1088.55
45,1556.85,1088.55
46,1556.85,1088.55
47,1556.85,1088.55
48,1556.85,1088.55
49,1556.85,1088.55
50,1556.85,1088.55
51,1556.85,1088.55
52,1556.85,1088.55
53,1556.85,1088.55
54,1556.85,1088.55
55,1556.85,1088.55
56,1556.85,1088.55
57,1556.85,1088.55
58,1556.85,1088.55
59,1556.85,1088.55
60,1555.7,1087.78
61,1554.46,1087.0
62,1553.32,1086.23
63,1552.08,1085.45
64,1550.94,1084.67
65,1549.7,1083.9
66,1548.56,1083.12
67,1547.32,1082.35
68,1546.18,1081.57
69,1543.98,1080.46
70,1541.7,1079.35
71,1539.51,1078.24
72,1537.31,1077.13
73,1535.12,1076.03
74,1532.84,1074.92
75,1530.65,1073.81
76,1528.45,1072.7
77,1526.17,1071.59
78,1523.98,1070.48
79,1522.36,1069.6
80,1520.74,1068.71
81,1519.12,1067.82
82,1517.59,1066.93
83,1515.97,1066.05
84,1514.35,1065.27
85,1512.73,1064.38
86,1511.11,1063.5
87,1509.49,1062.61
88,1507.97,1061.72
89,1506.35,1060.84
90,1504.73,1059.95
91,1503.11,1059.06
92,1501.49,1058.18
93,1499.87,1057.4
94,1498.25,1056.51
95,1496.73,1055.63
96,1495.11,1054.74
97,1493.49,1053.85
98,1491.87,1052.96
99,1491.87,1052.96
100,1491.87,1052.96
101,1491.87,1052.96
102,1491.87,1052.96
103,1491.87,1052.96
104,1491.87,1052.96
105,1491.87,1052.96
106,1491.87,1052.96
107,1491.87,1052.96
108,1491.87,1052.96
109,1491.87,1052.96
110,1491.87,1052.96
111,1491.87,1052.96
112,1491.87,1052.96
113,1491.87,1052.96
114,1491.87,1052.96
115,1491.87,1052.96
116,1491.87,1052.96
117,1491.87,1052.96
118,1491.87,1052.96
119,1491.87,1052.96
120,1491.87,1052.96
121,1491.87,1052.96
122,1491.87,1052.96
123,1491.87,1052.96
124,1491.87,1052.96
125,1491.87,1052.96
126,1491.87,1052.96
127,1491.87,1052.96
128,1491.87,1052.96
129,1491.87,1052.96
130,1491.87,1052.74
131,1491.87,1052.52
132,1491.96,1052.3
133,1491.96,1051.97
134,1491.96,1051.74
135,1491.96,1051.52
136,1491.96,1051.3
137,1492.06,1051.08
138,1492.06,1050.86
139,1492.06,1050.64
140,1492.06,1050.3
141,1492.06,1050.08
142,1492.06,1049.86
143,1492.15,1049.64
144,1492.15,1049.42
145,1492.15,1049.19
146,1492.15,1048.97
147,1492.15,1048.64
148,1492.25,1048.42
149,1492.25,1048.2
150,1492.25,1047.97
151,1492.25,1047.97
152,1492.25,1047.97
153,1492.25,1047.97
154,1492.25,1047.97
155,1492.25,1047.97
156,1492.25,1047.97
157,1492.25,1047.97
158,1492.25,1047.97
159,1492.25,1047.97
160,1492.25,1047.97
161,1492.25,1047.97
162,1492.25,1047.97
163,1492.25,1047.97
164,1492.25,1047.97
165,1492.25,1047.97
166,1492.25,1047.97
167,1492.25,1047.97
168,1492.25,1047.97
169,1492.25,1047.97
170,1492.25,1047.97
171,1492.25,1047.97
172,1492.25,1047.86
173,1492.25,1047.75
174,1492.25,1047.53
175,1492.25,1047.42
176,1492.34,1047.31
177,1492.34,1047.2
178,1492.34,1047.09
179,1492.34,1046.87
180,1492.34,1046.76
181,1492.34,1046.64
182,1492.34,1046.64
183,1492.34,1046.64
184,1492.34,1046.64
185,1492.34,1046.64
186,1492.34,1046.64
187,1492.34,1046.64
188,1492.34,1046.64
189,1492.34,1046.64
190,1492.34,1046.64
191,1492.34,1046.64
192,1492.34,1046.64
193,1492.34,1046.64
194,1492.34,1046.64
195,1492.34,1046.64
196,1492.34,1046.64
197,1492.34,1046.64
198,1492.34,1046.64
199,1492.34,1046.64
200,1492.34,1046.64
201,1492.34,1046.64
202,1492.34,1046.64
203,1492.34,1046.64
204,1492.34,1046.64
205,1492.34,1046.64
206,1492.34,1046.64
207,1492.34,1046.64
208,1492.34,1046.64
209,1492.34,1046.64
210,1492.34,1046.64
211,1492.34,1046.64
212,1492.34,1046.64
213,1492.34,1046.64
214,1492.34,1046.64
215,1492.34,1046.64
216,1492.34,1046.64
217,1492.34,1046.64
218,1492.34,1046.64
219,1492.34,1046.64
220,1492.34,1046.64
221,1492.34,1046.64
222,1491.1,1044.76
223,1489.77,1042.99
224,1488.53,1041.1
225,1487.29,1039.33
226,1485.96,1037.55
227,1484.72,1035.67
228,1483.48,1033.78
229,1482.24,1032.01
230,1480.91,1030.24
231,1479.67,1028.35
232,1476.91,1026.8
233,1474.15,1025.13
234,1471.48,1023.58
235,1468.71,1022.03
236,1465.95,1020.37
237,1463.19,1018.82
238,1460.43,1017.26
239,1457.76,1015.71
240,1454.99,1014.05
241,1452.23,1012.5
242,1449.18,1011.94
243,1446.23,1011.39
244,1443.18,1010.83
245,1440.13,1010.28
246,1437.18,1009.72
247,1434.13,1009.17
248,1431.08,1008.61
249,1428.03,1008.06
250,1425.08,1007.51
251,1422.03,1006.95
252,1419.74,1011.16
253,1417.45,1015.49
254,1415.17,1019.7
255,1412.88,1023.92
256,1410.59,1028.24
257,1408.31,1032.45
258,1406.02,1036.67
259,1403.73,1040.88
260,1401.45,1045.2
261,1399.16,1049.42
262,1396.87,1053.63
263,1394.59,1057.95
264,1392.3,1062.17
265,1390.01,1066.38
266,1387.73,1070.59
267,1385.44,1074.92
268,1383.15,1079.13
269,1380.87,1083.34
270,1378.58,1087.67
271,1376.29,1091.88
272,1376.39,1091.99
273,1376.39,1092.21
274,1376.48,1092.32
275,1376.48,1092.43
276,1376.58,1092.66
277,1376.58,1092.77
278,1376.68,1092.88
279,1376.68,1093.1
280,1376.77,1093.21
281,1376.68,1097.42
282,1376.58,1101.75
283,1377.15,1108.96
284,1377.72,1116.16
285,1378.2,1123.37
286,1378.77,1130.69
287,1379.34,1137.89
288,1379.91,1145.1
289,1375.82,1154.08
290,1371.72,1163.17
291,1367.62,1172.15
292,1363.53,1181.24
293,1359.43,1190.23
294,1354.57,1199.65
295,1349.62,1209.07
296,1344.76,1218.61
297,1339.9,1228.03
298,1334.94,1237.46
299,1330.08,1246.88
300,1325.23,1256.31
301,1320.37,1265.84
302,1315.41,1275.27
303,1310.55,1284.69
304,1306.65,1294.67
305,1302.74,1304.54
306,1298.83,1314.51
307,1294.93,1324.38
308,1291.02,1334.36
309,1287.11,1344.34
310,1283.21,1354.21
311,1279.3,1364.19
312,1275.39,1374.05
313,1271.49,1384.03
314,1267.3,1390.24
315,1263.1,1396.56
316,1258.91,1402.77
317,1254.81,1408.98
318,1250.62,1415.3
319,1246.43,1421.51
320,1242.24,1427.72
321,1238.05,1434.04
322,1233.85,1440.24
323,1229.66,1446.56
324,1225.56,1452.77
325,1221.37,1458.98
326,1217.18,1465.3
327,1212.99,1471.51
328,1208.8,1477.72
329,1204.6,1484.04
330,1200.51,1490.25
331,1196.31,1496.46
332,1192.12,1502.78
333,1187.93,1508.99
334,1186.21,1511.43
335,1184.5,1513.86
336,1182.69,1516.19
337,1180.97,1518.63
338,1179.26,1521.07
339,1177.54,1523.51
340,1175.83,1525.95
341,1174.11,1528.39
342,1172.3,1530.72
343,1170.59,1533.16
344,1168.87,1535.6
345,1169.54,1538.03
346,1170.21,1540.58
347,1170.78,1543.02
348,1171.45,1545.46
349,1172.11,1547.9
350,1172.78,1550.45
351,1173.45,1552.89
352,1174.02,1555.33
353,1174.69,1557.88
354,1175.35,1560.32
355,1176.02,1562.76
356,1176.59,1565.2
357,1177.26,1567.75
358,1177.93,1570.19
359,1190.31,1579.72
360,1202.7,1589.37
361,1215.08,1598.9
362,1227.47,1608.55
363,1239.86,1618.09
364,1252.24,1627.62
365,1264.63,1637.27
366,1277.01,1646.8
367,1285.68,1653.34
368,1294.36,1660.0
369,1303.03,1666.54
370,1311.7,1673.19
371,1320.37,1679.73
372,1329.13,1686.38
373,1337.8,1692.92
374,1346.47,1699.58
375,1355.14,1706.12
376,1363.81,1712.77
377,1372.48,1719.31
378,1383.06,1727.74
379,1393.63,1736.17
380,1404.21,1744.48
381,1414.69,1752.91
382,1425.27,1761.33
383,1435.84,1769.76
384,1446.42,1778.19
385,1457.0,1786.5
386,1467.57,1794.93
387,1478.15,1803.35
388,1488.63,1811.78
389,1499.2,1820.1
390,1509.78,1828.52
391,1520.36,1836.95
392,1527.5,1842.49
393,1534.65,1848.04
394,1541.79,1853.58
395,1548.94,1859.12
396,1556.18,1864.56
397,1563.33,1870.1
398,1570.47,1875.64
399,1577.62,1881.19
400,1584.76,1886.73
401,1591.91,1892.28
402,1595.24,1897.38
403,1598.67,1902.48
404,1602.01,1907.69
405,1605.44,1912.79
406,1608.77,1917.89
407,1608.96,1919.11
408,1609.06,1920.33
409,1609.25,1921.55
410,1609.34,1922.77
411,1609.54,1923.98
412,1609.63,1925.32
413,1609.82,1926.54
414,1609.92,1927.75
415,1610.11,1928.97
416,1610.2,1930.19
417,1610.39,1931.41
418,1606.96,1942.17
419,1603.53,1952.81
420,1600.96,1957.25
421,1598.48,1961.79
422,1595.91,1966.23
423,1593.43,1970.77
424,1590.96,1975.21
425,1588.38,1979.75
426,1585.81,1984.3
427,1583.33,1988.74
428,1580.86,1993.17
429,1578.28,1997.72
430,1574.76,2004.59
431,1571.23,2011.57
432,1567.71,2018.45
433,1564.09,2025.32
434,1560.56,2032.31
435,1557.04,2039.18
436,1553.51,2046.06
437,1549.99,2053.04
438,1546.46,2059.92
439,1542.84,2066.79
440,1539.32,2073.77
441,1535.79,2080.65
442,1532.26,2087.63
443,1528.74,2094.51
444,1525.21,2101.38
445,1521.69,2108.37
446,1518.07,2115.24
447,1514.54,2122.12
448,1511.02,2129.1
449,1507.49,2135.97
450,1506.63,2137.64
451,1505.78,2139.3
452,1504.82,2140.85
453,1503.97,2142.52
454,1503.11,2144.18
455,1502.25,2145.84
456,1501.39,2147.51
457,1500.44,2149.06
458,1499.58,2150.72
459,1498.73,2152.38
460,1498.73,2152.38
461,1498.73,2152.38
462,1498.73,2152.38
463,1498.73,2152.38
464,1498.73,2152.38
465,1498.73,2152.38
466,1498.73,2152.38
467,1498.73,2152.38
468,1498.73,2152.38
469,1498.73,2152.38
470,1498.06,2153.94
471,1497.3,2155.49
472,1496.63,2157.04
473,1495.87,2158.7
474,1495.2,2160.26
475,1494.44,2161.81
476,1493.77,2163.36
477,1493.01,2164.91
478,1492.34,2166.46
479,1491.58,2168.13
480,1490.91,2169.68
481,1490.15,2171.23
482,1489.48,2172.78
483,1489.68,2173.67
484,1489.77,2174.45
485,1489.96,2175.33
486,1490.06,2176.11
487,1490.25,2177.0
488,1490.34,2177.77
489,1490.53,2178.66
490,1490.63,2179.44
491,1490.82,2180.32
492,1490.91,2181.1
493,1491.1,2181.99
494,1491.77,2182.43
495,1492.44,2182.76
496,1493.2,2183.21
497,1493.87,2183.65
498,1494.53,2184.09
499,1495.2,2184.43
500,1495.87,2184.87
501,1496.54,2185.31
502,1497.3,2185.76
503,1497.96,2186.09
504,1498.63,2186.53
505,1499.3,2186.98
506,1499.97,2187.31
507,1500.73,2187.75
508,1501.39,2188.2
509,1502.06,2188.64
510,1502.73,2188.97
511,1503.4,2189.42
512,1504.06,2189.86
513,1504.82,2190.3
514,1505.49,2190.64
515,1506.16,2191.08
516,1514.64,2193.07
517,1523.12,2194.96
518,1531.6,2196.96
519,1540.08,2198.84
520,1548.56,2200.84
521,1557.04,2202.72
522,1565.52,2204.72
523,1574.0,2206.6
524,1582.48,2208.6
525,1590.96,2210.48
526,1599.44,2212.48
527,1600.48,2212.81
528,1601.53,2213.14
529,1602.68,2213.48
530,1603.72,2213.81
531,1604.77,2214.14
532,1605.82,2214.47
533,1606.87,2214.81
534,1607.92,2215.14
535,1609.06,2215.47
536,1610.11,2215.8
537,1611.16,2216.14
