0,592.44,1100.86
1,591.77,1100.86
2,591.2,1100.86
3,590.63,1100.75
4,590.06,1100.75
5,586.72,1100.97
6,583.39,1101.19
7,580.05,1101.42
8,576.72,1101.64
9,573.38,1101.86
10,570.15,1102.08
11,566.81,1102.3
12,563.48,1102.52
13,560.14,1102.75
14,556.81,1102.97
15,553.47,1103.08
16,550.14,1103.3
17,546.8,1103.52
18,543.47,1103.74
19,540.13,1103.97
20,536.89,1104.19
21,533.56,1104.41
22,530.22,1104.63
23,526.89,1104.85
24,523.55,1105.07
25,522.32,1104.96
26,520.98,1104.74
27,519.74,1104.63
28,518.5,1104.41
29,517.27,1104.3
30,515.93,1104.19
31,514.69,1103.97
32,513.45,1103.85
33,512.12,1103.63
34,510.88,1103.52
35,510.6,1103.74
36,510.22,1103.85
37,509.93,1104.08
38,509.55,1104.3
39,509.26,1104.52
40,508.98,1104.63
41,508.6,1104.85
42,508.31,1105.07
43,507.93,1105.19
44,507.64,1105.41
45,507.64,1105.52
46,507.55,1105.63
47,507.55,1105.63
48,507.55,1105.74
49,507.55,1105.85
50,507.45,1105.96
51,507.45,1106.07
52,507.45,1106.07
53,507.36,1106.18
54,507.36,1106.29
55,507.07,1106.41
56,506.79,1106.63
57,506.5,1106.74
58,506.21,1106.96
59,505.93,1107.07
60,505.64,1107.18
61,505.36,1107.4
62,505.07,1107.51
63,504.78,1107.74
64,504.5,1107.85
65,504.4,1107.85
66,504.4,1107.96
67,504.31,1107.96
68,504.31,1107.96
69,504.21,1108.07
70,504.12,1108.07
71,504.12,1108.07
72,504.02,1108.07
73,504.02,1108.18
74,503.93,1108.18
75,503.83,1108.18
76,503.83,1108.29
77,503.74,1108.29
78,503.74,1108.29
79,503.64,1108.4
80,503.55,1108.4
81,503.55,1108.4
82,503.45,1108.4
83,503.45,1108.51
84,503.36,1108.51
85,503.45,1108.4
86,503.55,1108.29
87,503.64,1108.18
88,503.74,1108.07
89,503.74,1107.96
90,503.83,1107.74
91,503.93,1107.62
92,504.02,1107.51
93,504.12,1107.4
94,504.21,1107.29
95,504.5,1107.29
96,504.78,1107.18
97,504.97,1107.18
98,505.26,1107.07
99,505.55,1107.07
100,505.83,1107.07
101,506.12,1106.96
102,506.31,1106.96
103,506.59,1106.85
104,506.88,1106.85
105,507.17,1106.96
106,507.45,1106.96
107,507.64,1107.07
108,507.93,1107.18
109,508.21,1107.18
110,508.5,1107.29
111,508.79,1107.4
112,508.98,1107.51
113,509.26,1107.51
114,509.55,1107.62
115,509.74,1107.62
116,509.83,1107.74
117,510.02,1107.74
118,510.22,1107.85
119,510.31,1107.96
120,510.5,1107.96
121,510.69,1108.07
122,510.88,1108.07
123,510.98,1108.18
124,511.17,1108.18
125,511.17,1108.18
126,511.26,1108.18
127,511.26,1108.18
128,511.26,1108.07
129,511.36,1108.07
130,511.36,1108.07
131,511.36,1108.07
132,511.45,1108.07
133,511.45,1108.07
134,511.55,1108.07
135,511.55,1107.96
136,511.55,1107.96
137,511.64,1107.96
138,511.64,1107.96
139,511.64,1107.96
140,511.74,1107.96
141,511.74,1107.85
142,511.74,1107.85
143,511.83,1107.85
144,511.83,1107.85
145,511.74,1107.85
146,511.64,1107.74
147,511.55,1107.74
148,511.45,1107.62
149,511.36,1107.62
150,511.26,1107.62
151,511.17,1107.51
152,511.07,1107.51
153,510.98,1107.4
154,510.88,1107.4
155,509.17,1107.51
156,507.45,1107.62
157,505.74,1107.74
158,504.02,1107.85
159,500.02,1107.51
160,496.11,1107.18
161,492.11,1106.74
162,488.11,1106.41
163,484.2,1106.07
164,480.2,1105.74
165,476.2,1105.41
166,472.2,1104.96
167,468.29,1104.63
168,464.29,1104.3
169,462.96,1104.41
170,461.53,1104.41
171,460.19,1104.52
172,458.86,1104.63
173,457.43,1104.63
174,456.1,1104.74
175,454.76,1104.85
176,453.43,1104.96
177,452.0,1104.96
178,450.67,1105.07
179,450.09,1105.41
180,449.62,1105.63
181,449.05,1105.96
182,448.47,1106.18
183,447.9,1106.52
184,447.43,1106.85
185,446.85,1107.07
186,446.28,1107.4
187,445.81,1107.62
188,445.24,1107.96
189,444.09,1108.18
190,442.95,1108.51
191,441.9,1108.73
192,440.76,1109.07
193,439.61,1109.29
194,438.47,1109.62
195,437.33,1109.95
196,436.28,1110.17
197,435.14,1110.4
198,433.99,1110.73
199,432.85,1111.06
200,431.71,1111.28
201,430.66,1111.51
202,429.51,1111.84
203,428.37,1112.17
204,427.23,1112.39
205,426.08,1112.72
206,425.04,1112.95
207,423.89,1113.17
208,422.75,1113.5
209,421.99,1113.72
210,421.32,1114.06
211,420.56,1114.28
212,419.89,1114.61
213,419.13,1114.83
214,418.46,1115.05
215,417.7,1115.39
216,417.03,1115.61
217,416.27,1115.94
218,415.6,1116.16
219,415.03,1116.49
220,414.46,1116.94
221,413.89,1117.38
222,413.32,1117.71
223,412.84,1118.05
224,412.27,1118.49
225,411.7,1118.93
226,411.13,1119.27
227,410.55,1119.6
228,409.98,1120.04
229,409.6,1120.71
230,409.32,1121.37
231,408.93,1122.04
232,408.65,1122.7
233,408.27,1123.37
234,407.89,1124.14
235,407.6,1124.81
236,407.22,1125.48
237,406.93,1126.14
238,406.55,1126.81
239,406.36,1127.47
240,406.17,1128.14
241,405.98,1128.8
242,405.79,1129.47
243,405.6,1130.13
244,405.41,1130.8
245,405.22,1131.46
246,405.03,1132.13
247,404.84,1132.79
248,404.65,1133.46
249,404.55,1133.79
250,404.55,1134.23
251,404.46,1134.57
252,404.36,1134.9
253,404.27,1135.23
254,404.27,1135.68
255,404.17,1136.01
256,404.08,1136.34
257,403.98,1136.67
258,403.88,1137.12
259,403.88,1137.45
260,403.79,1137.78
261,403.69,1138.11
262,403.69,1138.45
263,403.6,1138.89
264,403.5,1139.22
265,403.41,1139.56
266,403.31,1139.89
267,403.31,1140.33
268,403.22,1140.66
269,403.12,1140.66
270,403.03,1140.78
271,402.93,1140.78
272,402.84,1140.89
273,402.74,1140.89
274,402.74,1140.89
275,402.65,1141.0
276,402.55,1141.0
277,402.46,1141.11
278,402.36,1141.11
279,402.46,1141.11
280,402.46,1141.0
281,402.55,1141.0
282,402.65,1140.89
283,402.65,1140.89
284,402.74,1140.89
285,402.84,1140.78
286,402.93,1140.78
287,402.93,1140.66
288,403.03,1140.66
289,403.03,1140.89
290,403.03,1141.0
291,402.93,1141.11
292,402.93,1141.33
293,402.93,1141.44
294,402.93,1141.66
295,402.93,1141.88
296,402.84,1142.0
297,402.84,1142.22
298,402.84,1142.33
299,402.84,1142.55
300,402.74,1142.66
301,402.74,1142.88
302,402.74,1143.1
303,402.65,1143.33
304,402.65,1143.44
305,402.65,1143.66
306,402.65,1143.88
307,402.55,1143.99
308,402.55,1144.21
309,402.65,1144.1
310,402.65,1144.1
311,402.74,1143.99
312,402.74,1143.88
313,402.84,1143.77
314,402.93,1143.77
315,402.93,1143.66
316,403.03,1143.55
317,403.03,1143.44
318,403.12,1143.33
319,403.22,1143.33
320,403.22,1143.21
321,403.31,1143.1
322,403.31,1142.99
323,403.41,1142.99
324,403.5,1142.88
325,403.5,1142.77
326,403.6,1142.66
327,403.6,1142.66
328,403.69,1142.55
329,402.84,1141.88
330,402.07,1141.22
331,401.22,1140.55
332,400.36,1139.89
333,399.5,1139.22
334,398.74,1138.56
335,397.88,1137.89
336,397.02,1137.23
337,396.26,1136.56
338,395.4,1135.9
339,391.12,1135.01
340,386.73,1134.12
341,382.45,1133.24
342,378.06,1132.24
343,373.78,1131.35
344,369.39,1130.46
345,365.11,1129.58
346,361.77,1129.13
347,358.34,1128.58
348,355.01,1128.14
349,351.67,1127.69
350,348.24,1127.14
351,344.91,1126.69
352,341.57,1126.25
353,338.24,1125.81
354,334.81,1125.25
355,331.47,1124.81
356,328.14,1124.37
357,324.71,1123.81
358,321.37,1123.37
359,317.37,1122.7
360,313.37,1121.93
361,309.37,1121.26
362,305.46,1120.6
363,301.46,1119.93
364,297.46,1119.16
365,293.46,1118.49
366,293.08,1118.38
367,292.79,1118.38
368,292.41,1118.27
369,292.12,1118.27
370,291.74,1118.16
371,291.46,1118.16
372,291.17,1118.05
373,290.79,1118.05
374,290.5,1117.94
375,290.12,1117.94
376,289.74,1117.82
377,289.46,1117.71
378,289.07,1117.71
379,288.79,1117.6
380,288.5,1117.6
381,288.12,1117.49
382,287.84,1117.49
383,287.45,1117.38
384,287.17,1117.38
385,286.79,1117.27
386,286.69,1117.49
387,286.6,1117.71
388,286.5,1117.94
389,286.41,1118.16
390,286.31,1118.38
391,286.22,1118.71
392,286.12,1118.93
393,286.03,1119.16
394,285.93,1119.38
395,285.83,1119.6
396,285.74,1119.71
397,285.74,1119.93
398,285.64,1120.04
399,285.55,1120.26
400,285.55,1120.38
401,285.45,1120.49
402,285.36,1120.71
403,285.26,1120.82
404,285.26,1121.04
405,285.17,1121.15
406,285.26,1121.15
407,285.26,1121.04
408,285.26,1121.04
409,285.36,1120.93
410,285.45,1120.82
411,285.45,1120.82
412,285.55,1120.71
413,285.55,1120.71
414,285.64,1120.6
415,285.64,1120.6
416,285.64,1120.49
417,285.64,1120.38
418,285.64,1120.15
419,285.64,1120.04
420,285.64,1119.93
421,285.64,1119.82
422,285.64,1119.71
423,285.64,1119.49
424,285.64,1119.38
425,285.64,1119.27
426,285.26,1119.27
427,284.98,1119.27
428,284.6,1119.27
429,284.22,1119.38
430,283.93,1119.38
431,283.55,1119.38
432,283.17,1119.38
433,282.88,1119.38
434,282.5,1119.38
435,282.21,1119.49
436,281.83,1119.49
437,281.45,1119.49
438,281.17,1119.49
439,280.79,1119.49
440,280.4,1119.49
441,280.12,1119.49
442,279.74,1119.6
443,279.36,1119.6
444,279.07,1119.6
445,278.69,1119.6
446,276.5,1119.16
447,274.31,1118.6
448,272.02,1118.05
449,269.83,1117.6
450,267.64,1117.16
451,265.45,1116.61
452,263.25,1116.16
453,260.97,1115.61
454,258.78,1115.05
455,256.58,1114.61
456,255.82,1114.06
457,255.06,1113.5
458,254.3,1113.06
459,253.54,1112.5
460,252.68,1111.95
461,251.92,1111.39
462,251.15,1110.84
463,250.39,1110.4
464,249.63,1109.84
465,248.87,1109.29
466,248.3,1109.62
467,247.63,1110.06
468,247.06,1110.4
469,246.39,1110.73
470,245.82,1111.17
471,245.25,1111.51
472,244.58,1111.84
473,244.01,1112.17
474,243.34,1112.61
475,242.77,1112.95
476,242.48,1113.17
477,242.1,1113.5
478,241.82,1113.72
479,241.53,1114.06
480,241.24,1114.28
481,240.86,1114.5
482,240.58,1114.83
483,240.29,1115.05
484,239.91,1115.39
485,239.62,1115.61
486,239.53,1115.83
487,239.43,1116.05
488,239.34,1116.27
489,239.24,1116.49
490,239.15,1116.72
491,238.96,1116.94
492,238.86,1117.16
493,238.77,1117.38
494,238.67,1117.6
495,238.58,1117.82
496,238.48,1118.05
497,238.39,1118.27
498,238.29,1118.49
499,238.2,1118.71
500,238.01,1118.93
501,237.91,1119.16
502,237.81,1119.38
503,237.72,1119.6
504,237.62,1119.82
505,237.53,1120.04
506,237.34,1120.26
507,237.15,1120.38
508,236.96,1120.6
509,236.77,1120.71
510,236.58,1120.93
511,236.39,1121.15
512,236.19,1121.26
513,236.0,1121.48
514,235.81,1121.59
515,235.62,1121.82
516,235.53,1121.82
517,235.43,1121.93
518,235.34,1121.93
519,235.24,1122.04
520,235.15,1122.04
521,235.05,1122.04
522,234.96,1122.15
523,234.86,1122.15
524,234.77,1122.26
525,234.67,1122.26
526,234.67,1122.26
527,234.58,1122.26
528,234.58,1122.15
529,234.58,1122.15
530,234.48,1122.15
531,234.48,1122.15
532,234.48,1122.15
533,234.48,1122.04
534,234.38,1122.04
535,234.38,1122.04
536,234.1,1122.26
537,233.91,1122.48
538,233.62,1122.59
539,233.34,1122.81
540,233.15,1123.04
541,232.86,1123.26
542,232.57,1123.48
543,232.29,1123.59
544,232.1,1123.81
545,231.81,1124.03
546,231.72,1124.03
547,231.72,1124.03
548,231.62,1124.14
549,231.62,1124.14
550,231.62,1124.14
551,231.53,1124.14
552,231.53,1124.26
553,231.43,1124.26
554,231.43,1124.26
555,231.34,1124.26
556,231.24,1124.37
557,231.24,1124.37
558,231.15,1124.37
559,231.15,1124.48
560,231.05,1124.48
561,231.05,1124.48
562,231.05,1124.48
563,230.95,1124.59
564,230.95,1124.59
565,230.86,1124.59
566,230.95,1124.48
567,231.05,1124.37
568,231.15,1124.26
569,231.24,1124.14
570,231.34,1124.03
571,231.43,1123.92
572,231.53,1123.81
573,231.62,1123.7
574,231.72,1123.59
575,231.81,1123.48
576,231.81,1123.48
577,231.81,1123.48
578,231.81,1123.48
579,231.81,1123.48
580,231.72,1123.37
581,231.72,1123.37
582,231.72,1123.37
583,231.72,1123.37
584,231.72,1123.37
585,231.72,1123.37
586,231.53,1123.48
587,231.34,1123.7
588,231.15,1123.81
589,230.95,1124.03
590,230.86,1124.26
591,230.67,1124.37
592,230.48,1124.59
593,230.29,1124.7
594,230.1,1124.92
595,229.91,1125.03
596,229.72,1125.25
597,229.53,1125.48
598,229.33,1125.7
599,229.14,1125.92
600,228.95,1126.14
601,228.67,1126.36
602,228.48,1126.58
603,228.29,1126.81
604,228.1,1127.03
605,227.91,1127.25
606,226.86,1127.03
607,225.9,1126.69
608,224.86,1126.47
609,223.9,1126.25
610,222.95,1125.92
611,221.9,1125.7
612,220.85,1125.48
613,219.9,1125.14
614,218.85,1124.92
615,217.9,1124.59
616,216.95,1124.37
617,215.9,1124.14
618,214.95,1123.81
619,213.9,1123.59
620,212.85,1123.37
621,211.9,1123.04
622,210.95,1122.81
623,209.9,1122.59
624,208.95,1122.26
625,207.9,1122.04
626,204.56,1122.37
627,201.23,1122.59
628,197.89,1122.93
629,194.56,1123.26
630,191.22,1123.59
631,187.89,1123.81
632,184.55,1124.14
633,181.22,1124.48
634,177.88,1124.7
635,174.55,1125.03
636,175.22,1125.59
637,175.79,1126.03
638,176.46,1126.58
639,177.03,1127.03
640,177.69,1127.58
641,178.36,1128.03
642,178.93,1128.47
643,179.6,1129.02
644,180.17,1129.58
645,180.84,1130.02
646,181.22,1130.24
647,181.6,1130.46
648,181.98,1130.69
649,182.36,1130.91
650,182.74,1131.13
651,183.12,1131.46
652,183.51,1131.68
653,183.89,1131.91
654,184.27,1132.13
655,184.65,1132.35
656,184.74,1132.35
657,184.84,1132.35
658,185.03,1132.35
659,185.13,1132.35
660,185.22,1132.35
661,185.32,1132.35
662,185.41,1132.35
663,185.6,1132.35
664,185.7,1132.35
665,185.79,1132.35
666,185.7,1132.24
667,185.6,1132.02
668,185.51,1131.91
669,185.51,1131.8
670,185.41,1131.57
671,185.32,1131.46
672,185.22,1131.35
673,185.13,1131.24
674,185.03,1131.02
675,184.94,1130.91
676,184.94,1130.8
677,184.84,1130.58
678,184.74,1130.46
679,184.65,1130.35
680,184.55,1130.24
681,184.46,1130.02
682,184.46,1129.91
683,184.36,1129.8
684,184.27,1129.58
685,184.17,1129.47
686,184.17,1129.47
687,184.17,1129.47
688,184.17,1129.36
689,184.17,1129.36
690,184.08,1129.36
691,184.08,1129.36
692,184.08,1129.36
693,184.08,1129.24
694,184.08,1129.24
695,184.08,1129.24
696,183.98,1129.13
697,183.89,1129.13
698,183.79,1129.02
699,183.7,1128.91
700,183.7,1128.91
701,183.6,1128.8
702,183.51,1128.69
703,183.41,1128.58
704,183.32,1128.58
705,183.22,1128.47
706,183.41,1128.47
707,183.6,1128.58
708,183.79,1128.69
709,183.98,1128.69
710,184.08,1128.69
711,184.27,1128.8
712,184.46,1128.8
713,184.65,1128.91
714,184.84,1129.02
715,185.03,1129.02
716,185.13,1129.02
717,185.32,1129.13
718,185.51,1129.13
719,185.6,1129.24
720,185.79,1129.24
721,185.89,1129.36
722,185.98,1129.47
723,186.17,1129.47
724,186.36,1129.58
725,186.46,1129.58
726,186.46,1129.69
727,186.36,1129.8
728,186.36,1129.8
729,186.27,1129.91
730,186.17,1130.02
731,186.17,1130.02
732,186.08,1130.13
733,186.08,1130.24
734,185.98,1130.35
735,185.98,1130.46
736,185.98,1130.46
737,185.89,1130.58
738,185.89,1130.69
739,185.79,1130.8
740,185.79,1130.8
741,185.7,1130.91
742,185.6,1131.02
743,185.6,1131.13
744,185.51,1131.13
745,185.51,1131.24
746,185.13,1131.13
747,184.84,1131.02
748,184.46,1130.91
749,184.17,1130.8
750,183.89,1130.69
751,183.51,1130.58
752,183.22,1130.46
753,182.84,1130.35
754,182.55,1130.24
755,182.17,1130.13
756,181.98,1129.91
757,181.79,1129.8
758,181.6,1129.58
759,181.41,1129.47
760,181.22,1129.24
761,181.12,1129.02
762,180.93,1128.91
763,180.74,1128.69
764,180.55,1128.58
765,180.36,1128.36
766,180.08,1128.14
767,179.89,1127.91
768,179.6,1127.69
769,179.41,1127.47
770,179.12,1127.36
771,178.84,1127.14
772,178.65,1126.92
773,178.36,1126.69
774,178.17,1126.47
775,177.88,1126.25
776,177.79,1126.25
777,177.6,1126.25
778,177.41,1126.25
779,177.31,1126.25
780,177.22,1126.25
781,177.03,1126.25
782,176.93,1126.25
783,176.74,1126.25
784,176.55,1126.25
785,176.46,1126.25
786,176.07,1127.03
787,175.6,1127.8
788,175.22,1128.69
789,174.74,1129.47
790,174.36,1130.24
791,173.98,1131.02
792,173.5,1131.91
793,173.12,1132.68
794,172.74,1133.46
795,172.26,1134.23
796,171.88,1135.12
797,171.41,1135.9
798,171.02,1136.67
799,170.64,1137.45
800,170.17,1138.34
801,169.79,1139.11
802,169.4,1139.89
803,168.93,1140.66
804,168.55,1141.55
805,168.07,1142.33
806,167.69,1143.1
807,165.31,1138.78
808,162.93,1134.46
809,160.64,1130.02
810,158.26,1125.7
811,155.88,1121.37
812,153.49,1117.05
813,151.11,1112.72
814,148.82,1108.29
815,146.44,1103.97
816,144.06,1099.64
817,140.92,1093.99
818,137.68,1088.33
819,134.53,1082.79
820,131.29,1077.13
821,128.15,1071.48
822,125.01,1065.83
823,121.77,1060.17
824,118.62,1054.63
825,115.38,1048.97
826,112.24,1043.32
827,109.67,1037.11
828,107.09,1030.79
829,104.52,1024.47
830,101.95,1018.26
831,99.38,1011.94
832,96.8,1005.73
833,94.23,999.52
834,91.66,993.2
835,89.09,986.88
836,86.51,980.67
837,85.75,974.91
838,85.08,969.03
839,84.32,963.27
840,83.65,957.5
841,82.99,951.74
842,82.23,945.86
843,81.46,940.1
844,80.8,934.33
845,80.03,928.45
846,79.37,922.69
847,78.99,918.47
848,78.6,914.37
849,78.22,910.16
850,77.75,905.95
851,77.37,901.84
852,76.98,897.63
853,76.6,893.42
854,76.22,889.2
855,75.84,885.1
856,75.46,880.89
857,74.98,876.68
858,74.6,872.57
859,74.22,868.36
860,73.84,864.15
861,73.46,860.04
862,73.08,855.83
863,72.6,851.62
864,72.22,847.4
865,71.84,843.3
866,71.46,839.09
867,71.27,835.32
868,71.08,831.66
869,70.98,828.0
870,70.79,824.23
871,70.6,820.57
872,70.41,816.8
873,70.22,813.03
874,70.12,809.38
875,69.93,805.72
876,69.74,801.95
877,69.65,796.4
878,69.46,790.86
879,69.36,785.32
880,69.17,779.77
881,69.08,774.23
882,68.98,768.68
883,68.79,763.14
884,68.7,757.6
885,68.51,752.05
886,68.41,746.51
887,71.74,743.63
888,74.98,740.63
889,78.99,740.3
890,83.08,740.08
891,87.18,739.86
892,91.18,739.53
893,100.71,741.63
894,110.24,743.63
895,119.76,745.73
896,129.29,747.73
897,138.82,749.84
898,148.35,751.83
899,157.88,753.94
900,167.4,755.93
901,176.93,758.04
902,184.94,759.37
903,193.03,760.81
904,201.04,762.14
905,209.14,763.58
906,217.14,764.92
907,225.24,766.36
908,233.24,767.69
909,241.34,769.13
910,249.34,770.46
911,257.44,771.9
912,257.82,772.01
913,258.11,772.12
914,258.39,772.12
915,258.78,772.23
916,259.06,772.34
917,259.44,772.45
918,259.82,772.57
919,260.11,772.57
920,260.49,772.68
921,260.78,772.79
922,261.06,772.9
923,261.44,773.01
924,261.73,773.01
925,262.11,773.12
926,262.49,773.23
927,262.78,773.34
928,263.16,773.45
929,263.44,773.45
930,263.83,773.56
931,264.11,773.67
932,264.02,773.9
933,263.83,774.01
934,263.73,774.23
935,263.54,774.34
936,263.35,774.56
937,263.25,774.67
938,263.16,774.78
939,262.97,775.0
940,262.78,775.12
941,262.68,775.34
942,262.68,775.34
943,262.59,775.34
944,262.59,775.34
945,262.49,775.34
