2,398.55,376.41
3,398.55,376.41
4,398.55,376.41
5,398.55,376.41
6,398.55,376.41
7,398.55,376.41
8,398.55,376.41
9,398.55,376.41
10,398.55,376.41
11,398.55,376.41
12,398.55,376.41
13,398.55,376.41
14,398.55,376.41
15,398.55,376.41
16,398.55,376.41
17,398.55,376.41
18,398.55,376.41
19,398.55,376.41
20,398.55,376.41
21,398.55,376.41
22,398.55,376.41
23,398.55,376.41
24,398.55,376.41
25,398.55,376.41
26,398.55,376.41
27,398.55,376.41
28,398.55,376.41
29,398.55,376.41
30,398.55,376.41
31,398.55,376.41
32,398.93,376.75
33,399.22,377.19
34,399.6,377.52
35,399.98,377.86
36,400.36,378.19
37,400.65,378.63
38,401.03,378.97
39,401.41,379.3
40,401.69,379.74
41,402.07,380.07
42,402.84,380.18
43,403.5,380.3
44,404.27,380.3
45,404.93,380.41
46,405.69,380.52
47,406.36,380.63
48,407.12,380.74
49,407.79,380.85
50,408.55,380.85
51,409.22,380.96
52,409.98,381.07
53,412.36,381.52
54,414.75,381.96
55,417.13,382.4
56,419.51,382.85
57,421.8,383.29
58,424.18,383.73
59,426.56,384.18
60,428.94,384.62
61,431.32,385.06
62,432.85,387.72
63,434.28,390.39
64,435.8,393.05
65,437.23,395.71
66,438.76,398.37
67,440.28,400.92
68,441.71,403.58
69,443.23,406.24
70,444.66,408.9
71,446.19,411.56
72,446.19,411.67
73,446.19,411.89
74,446.19,412.01
75,446.19,412.23
76,446.19,412.34
77,446.19,412.56
78,446.19,412.67
79,446.19,412.89
80,446.19,413.0
81,446.19,413.22
82,446.19,413.34
83,446.19,413.56
84,446.19,413.67
85,446.19,413.89
86,446.19,414.0
87,446.19,414.22
88,446.19,414.33
89,446.19,414.56
90,446.19,414.67
91,446.19,414.89
92,446.19,415.0
93,446.19,415.0
94,446.19,415.0
95,446.19,415.0
96,446.19,415.0
97,446.19,415.0
98,446.19,415.0
99,446.19,415.0
100,446.19,415.0
101,446.19,415.0
102,446.19,415.0
103,446.19,415.0
104,446.19,415.0
105,446.19,415.0
106,446.19,415.0
107,446.19,415.0
108,446.19,415.0
109,446.19,415.0
110,441.14,424.76
111,435.99,434.62
112,430.94,444.38
113,430.85,446.6
114,430.66,448.82
115,430.56,451.03
116,430.47,453.25
117,430.28,455.47
118,430.18,457.69
119,429.99,459.9
120,429.9,462.12
121,427.42,475.87
122,424.85,489.62
123,422.37,503.36
124,419.8,517.11
125,417.32,530.86
126,434.28,539.73
127,432.75,544.17
128,431.32,548.71
129,429.8,553.15
130,428.28,557.69
131,426.85,562.13
132,425.32,566.56
133,423.8,571.11
134,422.37,575.54
135,420.84,580.09
136,419.32,584.52
137,417.89,588.96
138,416.37,593.5
139,414.94,597.94
140,413.41,602.49
141,411.89,606.92
142,410.46,611.36
143,408.93,615.9
144,407.41,620.34
145,405.98,624.88
146,404.46,629.32
147,402.93,633.75
148,401.5,638.3
149,399.98,642.73
150,398.45,647.17
151,397.02,651.71
152,395.5,656.15
153,393.98,660.69
154,392.55,665.13
155,391.02,669.56
156,389.5,674.11
157,388.07,678.54
158,386.54,683.09
159,385.11,687.53
160,383.59,691.96
161,382.07,696.51
162,380.64,700.94
163,379.11,705.49
164,377.59,709.92
165,376.16,714.36
166,374.63,718.9
167,373.11,723.34
168,371.68,727.88
169,370.16,732.32
170,368.25,741.41
171,366.25,750.5
172,364.34,759.59
173,362.44,768.68
174,360.44,777.78
175,358.53,786.87
176,357.67,796.4
177,356.72,805.94
178,355.86,815.47
179,355.01,825.12
180,354.15,834.65
181,353.2,844.19
182,352.34,853.72
183,352.15,856.72
184,351.86,859.71
185,351.67,862.71
186,351.39,865.7
187,351.2,868.69
188,350.91,871.58
189,350.62,874.57
190,350.43,877.56
191,350.15,880.56
192,349.96,883.55
193,349.67,886.54
194,349.48,889.54
195,349.19,892.53
196,349.0,895.52
197,348.81,898.41
198,348.53,901.4
199,348.34,904.39
200,348.05,907.39
201,347.86,910.38
202,347.58,913.37
203,347.38,916.37
204,347.1,919.36
205,346.91,922.36
206,346.62,925.35
207,346.34,928.34
208,346.15,931.23
209,345.86,934.22
210,345.67,937.21
211,345.38,940.21
212,345.19,943.2
213,345.19,943.2
214,345.19,943.2
215,345.19,943.2
216,345.19,943.2
217,345.19,943.2
218,345.19,943.2
219,345.19,943.2
220,345.19,943.2
221,345.19,943.2
222,345.19,943.2
223,345.19,943.2
224,345.19,943.2
225,345.19,943.2
226,345.19,943.2
227,345.19,943.2
228,345.19,943.2
229,345.19,943.2
230,345.19,943.2
231,345.19,943.2
232,345.19,943.2
233,345.19,943.2
234,345.19,943.2
235,345.19,943.2
236,345.19,943.2
237,345.19,943.2
238,345.19,943.2
239,345.19,943.2
240,345.19,943.2
241,345.19,943.2
242,345.19,943.2
243,345.19,943.2
244,345.19,943.31
245,345.1,943.53
246,345.1,943.64
247,345.1,943.75
248,345.0,943.98
249,345.0,944.09
250,345.0,944.2
251,345.0,944.31
252,344.91,944.53
253,344.91,944.64
254,344.81,945.2
255,344.81,945.86
256,344.72,946.41
257,344.72,947.08
258,344.62,947.63
259,344.53,948.3
260,344.53,948.96
261,344.43,949.52
262,344.43,950.18
263,344.34,950.74
264,344.24,951.29
265,344.24,951.96
266,344.15,952.51
267,344.15,953.18
268,344.05,953.73
269,343.95,954.4
270,343.95,955.06
271,343.86,955.62
272,343.86,956.28
273,343.76,956.84
274,344.24,958.5
275,344.72,960.27
276,345.29,961.94
277,345.76,963.6
278,346.24,965.37
279,346.72,967.04
280,347.29,968.7
281,347.77,970.47
282,348.24,972.14
283,348.72,976.02
284,349.19,980.01
285,349.67,983.89
286,350.15,987.77
287,350.62,991.76
288,351.1,995.64
289,351.58,999.63
290,352.05,1003.51
291,352.53,1007.4
292,353.01,1011.39
293,353.48,1015.27
294,354.05,1024.14
295,354.63,1033.12
296,355.2,1041.99
297,355.77,1050.86
298,356.25,1059.84
299,356.82,1068.71
300,357.39,1077.58
301,357.96,1086.56
302,358.53,1095.43
303,358.53,1104.52
304,358.06,1112.95
305,357.58,1121.26
306,357.1,1129.69
307,356.63,1138.11
308,356.15,1146.54
309,355.67,1154.86
310,355.2,1163.28
311,355.2,1170.05
312,354.53,1176.14
313,353.86,1182.24
314,353.2,1188.34
315,352.53,1194.44
316,351.86,1200.54
317,350.91,1208.63
318,349.96,1216.83
319,349.0,1224.93
320,348.05,1233.13
321,347.1,1241.23
322,346.15,1249.43
323,345.19,1257.53
324,344.15,1265.73
325,343.19,1273.82
326,342.24,1282.03
327,341.29,1290.12
328,340.33,1298.33
329,339.38,1306.42
330,338.43,1314.63
331,337.48,1322.72
332,337.09,1327.49
333,336.81,1332.25
334,336.43,1337.02
335,336.05,1341.79
336,335.76,1346.56
337,335.38,1351.32
338,335.0,1356.09
339,334.71,1360.86
340,334.33,1365.63
341,333.95,1370.39
342,333.66,1375.16
343,333.28,1379.93
344,332.9,1384.7
345,332.62,1389.46
346,332.24,1394.23
347,330.04,1404.77
348,327.76,1415.3
349,325.57,1425.72
350,323.37,1436.25
351,321.09,1446.79
352,318.9,1457.21
353,316.7,1467.74
354,314.42,1478.27
355,312.23,1488.81
356,310.04,1499.23
357,307.75,1509.76
358,305.56,1520.3
359,297.94,1545.35
360,290.22,1570.41
361,282.6,1595.47
362,274.88,1620.52
363,267.26,1645.69
364,259.54,1670.75
365,251.92,1695.81
366,244.2,1720.87
367,236.48,1745.92
368,228.86,1770.98
369,225.43,1774.2
370,221.9,1777.52
371,218.47,1780.74
372,215.04,1783.95
373,211.52,1787.28
374,208.09,1790.49
375,204.66,1793.71
376,201.23,1796.92
377,197.7,1800.25
378,194.27,1803.47
379,190.84,1806.68
380,187.32,1810.01
381,183.89,1813.22
382,180.46,1816.44
383,176.93,1819.76
384,173.5,1822.98
385,170.07,1826.19
386,166.64,1829.41
387,163.12,1832.74
388,159.69,1835.95
389,156.26,1839.17
390,152.73,1842.49
391,149.3,1845.71
392,144.92,1844.82
393,140.54,1844.05
394,136.06,1843.16
395,131.67,1842.27
396,127.29,1841.38
397,122.91,1840.61
398,118.53,1839.72
399,114.05,1838.83
400,109.67,1838.06
401,105.28,1837.17
402,102.61,1835.73
403,99.95,1834.29
404,97.28,1832.85
405,94.71,1831.41
406,92.04,1829.85
407,89.37,1828.41
408,86.7,1826.97
409,84.04,1825.53
410,82.99,1821.21
411,81.94,1816.88
