0,1629.26,1903.14
1,1629.26,1903.14
2,1629.26,1903.14
3,1629.26,1903.14
4,1629.26,1903.14
5,1629.26,1903.14
6,1629.26,1903.14
7,1629.26,1903.14
8,1629.26,1903.14
9,1629.26,1903.14
10,1629.26,1903.14
11,1629.26,1903.14
12,1629.26,1903.14
13,1629.26,1903.14
14,1629.26,1903.14
15,1629.26,1903.14
16,1629.26,1903.14
17,1629.26,1903.14
18,1629.26,1903.14
19,1629.26,1903.14
20,1629.26,1903.14
21,1629.26,1903.14
22,1629.26,1903.14
23,1629.26,1903.14
24,1629.26,1903.14
25,1629.26,1903.14
26,1629.26,1903.14
27,1629.26,1903.14
28,1629.16,1903.36
29,1629.07,1903.58
30,1628.88,1903.81
31,1628.78,1904.03
32,1628.69,1904.25
33,1628.59,1904.47
34,1628.5,1904.69
35,1628.31,1904.91
36,1628.21,1905.14
37,1628.11,1905.36
38,1624.4,1911.12
39,1620.68,1916.89
40,1616.97,1922.77
41,1613.25,1928.53
42,1609.44,1934.3
43,1605.72,1940.06
44,1602.01,1945.83
45,1598.29,1951.7
46,1594.58,1957.47
47,1590.86,1963.23
48,1586.57,1970.88
49,1582.19,1978.53
50,1577.9,1986.18
51,1573.52,1993.84
52,1569.23,2001.49
53,1564.85,2009.02
54,1560.56,2016.68
55,1556.18,2024.33
56,1551.89,2031.98
57,1547.51,2039.63
58,1543.22,2047.28
59,1540.65,2051.82
60,1537.98,2056.48
61,1535.41,2061.02
62,1532.74,2065.57
63,1530.17,2070.12
64,1527.6,2074.77
65,1524.93,2079.32
66,1522.36,2083.86
67,1519.69,2088.52
68,1517.12,2093.07
69,1516.93,2093.4
70,1516.73,2093.62
71,1516.64,2093.95
72,1516.45,2094.29
73,1516.26,2094.62
74,1516.07,2094.84
75,1515.88,2095.17
76,1515.78,2095.51
77,1515.59,2095.84
78,1515.4,2096.06
79,1515.21,2096.39
80,1515.02,2096.73
81,1514.92,2097.06
82,1514.73,2097.39
83,1514.54,2097.61
84,1514.35,2097.95
85,1514.16,2098.28
86,1514.07,2098.61
87,1513.88,2098.83
88,1513.69,2099.16
89,1512.45,2101.27
90,1511.21,2103.38
91,1509.97,2105.48
92,1508.73,2107.59
93,1507.49,2109.59
94,1506.25,2111.69
95,1505.02,2113.8
96,1503.78,2115.91
97,1502.54,2118.01
98,1499.39,2122.89
99,1496.34,2127.77
100,1493.2,2132.65
101,1490.06,2137.53
102,1487.01,2142.29
103,1483.86,2147.17
104,1480.72,2152.05
105,1477.58,2156.93
106,1474.53,2161.81
107,1471.38,2166.69
108,1466.52,2168.46
109,1461.76,2170.23
110,1456.9,2172.12
111,1452.14,2173.89
112,1447.28,2175.67
113,1440.04,2174.56
114,1432.7,2173.34
115,1425.46,2172.12
116,1418.22,2171.01
117,1410.88,2169.9
118,1403.64,2168.68
119,1396.4,2167.46
120,1389.16,2166.35
121,1381.82,2165.25
122,1374.58,2164.03
123,1364.19,2162.36
124,1353.9,2160.59
125,1343.52,2158.93
126,1333.13,2157.26
127,1322.84,2155.6
128,1312.46,2153.83
129,1302.07,2152.16
130,1291.69,2150.5
131,1281.4,2148.73
132,1271.01,2147.06
133,1264.25,2144.84
134,1257.48,2142.52
135,1250.72,2140.3
136,1243.95,2138.08
137,1237.19,2135.86
138,1230.42,2133.54
139,1223.66,2131.32
140,1216.89,2129.1
141,1210.13,2126.88
142,1203.27,2124.55
143,1196.5,2122.34
144,1189.74,2120.12
145,1182.97,2117.9
146,1176.21,2115.57
147,1169.45,2113.36
148,1162.68,2111.14
149,1155.92,2108.92
150,1149.15,2106.59
151,1142.39,2104.38
152,1135.43,2092.96
153,1128.57,2081.65
154,1121.62,2070.23
155,1114.76,2058.81
156,1107.9,2047.39
157,1100.94,2036.08
158,1093.98,2024.66
159,1087.12,2013.24
160,1085.31,2007.92
161,1083.5,2002.59
162,1081.6,1997.27
163,1079.79,1991.95
164,1077.98,1986.63
165,1076.17,1981.31
166,1074.36,1975.98
167,1072.45,1970.66
168,1070.64,1965.34
169,1068.83,1960.02
170,1068.83,1960.02
171,1068.83,1960.02
172,1068.83,1960.02
173,1068.83,1960.02
174,1068.83,1960.02
175,1068.83,1960.02
176,1068.83,1960.02
177,1068.83,1960.02
178,1068.83,1960.02
179,1068.83,1960.02
180,1068.83,1960.02
181,1068.83,1960.02
182,1068.83,1960.02
183,1068.83,1960.02
184,1068.83,1960.02
185,1068.83,1960.02
186,1068.83,1960.02
187,1068.83,1960.02
188,1068.83,1960.02
189,1068.83,1960.02
190,1068.83,1960.02
191,1068.83,1960.02
192,1068.83,1960.02
193,1068.83,1960.02
194,1068.83,1960.02
195,1068.83,1960.02
196,1068.83,1960.02
197,1068.83,1960.02
198,1068.83,1960.02
199,1068.83,1960.02
200,1068.83,1960.02
201,1068.83,1960.02
202,1068.83,1960.02
203,1068.83,1960.02
204,1068.83,1960.02
205,1068.83,1960.02
206,1068.83,1960.02
207,1068.83,1960.02
208,1068.83,1960.02
209,1068.83,1960.02
210,1068.83,1960.02
211,1068.83,1960.02
212,1068.83,1960.02
213,1068.83,1960.02
214,1068.83,1960.02
215,1068.83,1960.02
216,1068.83,1960.02
217,1068.83,1960.02
218,1068.83,1960.02
219,1068.83,1960.02
220,1068.83,1960.02
221,1068.83,1960.02
222,1068.83,1960.02
223,1068.83,1960.02
224,1068.83,1960.02
225,1068.83,1960.02
226,1068.83,1960.02
227,1068.83,1960.02
228,1068.83,1960.02
229,1068.83,1960.02
230,1068.83,1960.02
231,1068.83,1960.02
232,1068.83,1960.02
233,1068.83,1960.02
234,1068.83,1960.02
235,1068.83,1960.02
236,1068.83,1960.02
237,1068.83,1960.02
238,1068.83,1960.02
239,1068.83,1960.02
240,1068.83,1960.02
241,1068.83,1960.02
242,1068.83,1960.02
243,1068.83,1960.02
244,1068.83,1960.02
245,1068.83,1960.02
246,1068.83,1960.02
247,1068.83,1960.02
248,1068.83,1960.02
249,1068.83,1960.02
250,1067.69,1958.02
251,1066.64,1955.92
252,1065.5,1953.92
253,1064.45,1951.81
254,1063.31,1949.82
255,1062.26,1947.71
256,1061.11,1945.72
257,1059.97,1943.61
258,1058.92,1941.61
259,1057.78,1939.51
260,1056.73,1937.51
261,1055.59,1935.4
262,1054.54,1933.41
263,1053.4,1931.3
264,1052.25,1929.31
265,1051.2,1927.2
266,1050.06,1925.2
267,1049.01,1923.1
268,1047.87,1921.1
269,1046.82,1919.0
270,1045.68,1917.0
271,1035.87,1911.23
272,1026.05,1905.47
273,1016.24,1899.7
274,1006.42,1893.83
275,996.61,1888.06
276,986.8,1882.3
277,974.6,1880.86
278,962.41,1879.3
279,950.21,1877.86
280,938.01,1876.31
281,925.91,1874.87
282,913.72,1873.43
283,901.52,1871.87
284,889.33,1870.43
285,877.13,1868.88
286,864.94,1867.44
287,859.41,1867.11
288,853.88,1866.77
289,848.45,1866.44
290,842.93,1866.11
291,837.4,1865.67
292,831.87,1865.33
293,826.44,1865.0
294,820.92,1864.67
295,815.39,1864.34
296,815.39,1864.34
297,815.39,1864.34
298,815.39,1864.34
299,815.39,1864.34
300,815.39,1864.34
301,815.39,1864.34
302,815.39,1864.34
303,815.39,1864.34
304,815.39,1864.34
305,815.39,1864.34
306,815.39,1864.34
307,815.39,1864.34
308,815.39,1864.34
309,815.39,1864.34
310,815.39,1864.34
311,815.39,1864.34
312,815.39,1864.34
313,815.39,1864.34
314,815.39,1864.34
315,815.39,1864.34
316,815.39,1864.34
317,815.39,1864.34
318,815.39,1864.34
319,815.39,1864.34
320,815.39,1864.34
321,815.39,1864.34
322,815.39,1864.34
323,815.39,1864.34
324,815.39,1864.34
325,815.39,1864.34
326,812.82,1864.34
327,810.15,1864.45
328,807.58,1864.45
329,804.91,1864.56
330,802.34,1864.56
331,799.67,1864.67
332,797.1,1864.67
333,794.53,1864.78
334,791.86,1864.78
335,789.29,1864.89
336,786.62,1864.89
337,784.04,1865.0
338,781.38,1865.0
339,778.8,1865.11
340,776.14,1865.11
341,773.56,1865.11
342,770.99,1865.22
343,768.32,1865.22
344,765.75,1865.33
345,763.08,1865.33
346,760.51,1865.44
347,757.84,1865.44
348,755.27,1865.55
349,752.7,1865.55
350,750.03,1865.67
351,747.46,1865.67
352,744.79,1865.78
353,742.22,1865.78
354,739.55,1865.89
355,736.98,1865.89
356,734.31,1866.0
357,731.74,1866.0
358,725.16,1864.45
359,718.49,1863.0
360,711.92,1861.45
361,705.25,1860.01
362,698.68,1858.46
363,690.29,1858.13
364,681.91,1857.79
365,673.52,1857.46
366,665.14,1857.02
367,656.75,1856.68
368,648.37,1856.35
369,638.55,1856.46
370,628.74,1856.57
371,618.93,1856.68
372,609.11,1856.68
373,599.3,1856.8
374,589.58,1856.91
375,579.77,1857.02
376,569.95,1857.13
377,560.14,1857.24
378,550.33,1857.24
379,540.51,1857.35
380,530.7,1857.46
381,520.89,1857.57
382,511.07,1857.68
383,501.35,1857.79
384,491.54,1857.9
385,481.73,1857.9
386,471.91,1858.02
387,462.1,1858.13
388,452.29,1858.24
389,442.19,1859.46
390,431.99,1860.57
391,421.89,1861.67
392,411.7,1862.89
393,401.6,1864.11
394,391.5,1865.22
395,381.3,1866.33
396,371.2,1867.55
397,361.01,1868.77
398,350.91,1869.88
399,343.0,1869.99
400,335.09,1870.1
401,327.28,1870.21
402,319.37,1870.32
403,311.46,1870.43
404,303.56,1870.54
405,295.65,1870.65
406,287.84,1870.77
407,279.93,1870.88
408,272.02,1870.99
409,268.4,1871.54
410,264.78,1872.1
411,261.16,1872.76
412,257.54,1873.32
413,253.92,1873.87
414,250.3,1874.42
415,246.68,1874.98
416,243.05,1875.64
417,239.43,1876.2
418,235.81,1876.75
419,231.72,1875.53
420,227.62,1874.31
421,223.43,1873.09
422,219.33,1871.87
423,215.23,1870.65
424,211.14,1869.44
425,207.04,1868.22
426,202.85,1867.0
427,198.75,1865.78
428,194.65,1864.56
429,190.84,1863.12
430,187.03,1861.56
431,183.22,1860.12
432,179.41,1858.57
433,175.6,1857.13
434,171.79,1855.58
435,167.98,1854.13
436,164.16,1852.58
437,160.35,1851.14
438,156.54,1849.7
439,152.64,1848.15
440,148.82,1846.71
441,145.01,1845.15
442,141.2,1843.71
443,137.39,1842.16
444,133.58,1840.72
445,129.77,1839.17
446,125.96,1837.73
447,122.15,1836.17
448,118.34,1834.73
449,115.57,1832.96
450,112.9,1831.07
451,110.14,1829.3
452,107.38,1827.53
453,104.62,1825.75
454,101.95,1823.87
455,99.18,1822.09
456,96.42,1820.32
457,93.75,1818.43
458,90.99,1816.66
459,90.99,1816.66
460,90.99,1816.66
461,90.99,1816.66
462,90.99,1816.66
463,90.99,1816.66
464,90.99,1816.66
465,90.99,1816.66
466,90.99,1816.66
467,90.99,1816.66
468,90.99,1816.66
469,89.28,1815.11
470,87.56,1813.56
471,85.75,1812.11
472,84.04,1810.56
473,82.32,1809.01
474,80.61,1807.46
475,78.89,1805.9
476,77.18,1804.35
477,75.37,1802.91
478,73.65,1801.36
479,71.94,1799.81
480,70.41,1799.03
481,68.98,1798.25
482,67.46,1797.48
483,65.93,1796.7
484,65.46,1795.82
485,65.36,1795.7
486,65.27,1795.59
487,65.17,1795.59
488,65.08,1795.48
489,64.98,1795.37
490,64.88,1795.26
491,64.79,1795.26
492,64.69,1795.15
493,64.6,1795.04
494,64.12,1794.82
495,63.65,1794.48
496,63.17,1794.26
497,62.69,1793.93
498,62.22,1793.71
499,61.74,1793.49
500,61.26,1793.15
501,60.79,1792.93
502,60.31,1792.6
503,59.83,1792.38
504,59.36,1792.16
505,58.88,1791.82
506,58.41,1791.6
507,57.93,1791.27
508,57.45,1791.05
509,56.98,1790.83
510,56.5,1790.49
511,56.02,1790.27
512,55.55,1789.94
513,55.07,1789.72
514,52.59,1788.17
515,50.12,1786.72
516,47.64,1785.17
517,45.16,1783.62
518,42.59,1782.07
519,40.11,1780.63
520,37.63,1779.07
521,35.16,1777.52
522,32.68,1776.08
523,30.2,1774.53
524,30.39,1776.08
525,30.58,1777.74
526,30.77,1779.3
527,30.87,1780.85
528,31.06,1782.51
529,31.25,1784.06
530,31.44,1785.73
531,31.63,1787.28
532,31.82,1788.83
533,31.92,1790.49
534,32.11,1792.05
535,32.3,1793.6
536,32.49,1795.26
537,32.68,1796.81
538,32.87,1798.37
539,33.06,1800.03
540,33.16,1801.58
541,33.35,1803.24
542,33.54,1804.8
543,33.73,1806.35
544,33.92,1808.01
545,34.11,1809.56
546,34.2,1811.12
547,34.4,1812.78
548,34.59,1814.33
549,34.78,1815.88
550,34.97,1817.55
551,35.16,1819.1
552,35.35,1820.76
553,35.44,1822.31
554,35.63,1823.87
555,35.82,1825.53
556,36.02,1827.08
557,36.21,1828.63
558,36.4,1830.3
559,36.49,1831.85
560,36.68,1833.51
561,36.87,1835.06
562,37.06,1836.62
563,37.25,1838.28
564,37.44,1839.83
565,37.63,1841.38
566,37.73,1843.05
567,37.92,1844.6
568,38.11,1846.15
569,38.3,1847.82
570,38.49,1849.37
571,38.68,1851.03
572,38.78,1852.58
573,38.97,1854.13
574,39.16,1855.8
575,39.35,1857.35
576,39.54,1858.9
577,39.73,1860.57
578,39.92,1862.12
579,40.02,1863.67
580,40.21,1865.33
581,40.4,1866.89
582,40.59,1868.55
583,40.78,1870.1
584,40.97,1871.65
585,41.06,1873.32
586,41.26,1874.87
587,41.45,1876.42
588,41.64,1878.08
589,41.83,1879.64
590,42.02,1881.19
591,42.21,1882.85
592,42.3,1884.4
593,42.49,1886.07
594,42.68,1887.62
595,42.88,1889.17
596,43.07,1890.83
597,43.26,1892.39
598,43.45,1893.94
599,43.54,1895.6
600,43.73,1897.15
601,43.92,1898.71
602,44.11,1900.37
603,44.3,1901.92
604,44.49,1903.58
605,44.59,1905.14
606,44.78,1906.69
607,44.97,1908.35
608,45.16,1909.9
609,45.35,1911.46
610,45.54,1913.12
611,45.73,1914.67
612,45.83,1916.22
613,46.02,1917.89
614,46.21,1919.44
615,46.4,1921.1
616,46.59,1922.65
617,46.78,1924.21
618,46.88,1925.87
619,47.07,1927.42
620,47.26,1928.97
621,47.45,1930.64
622,47.64,1932.19
623,47.83,1933.74
624,48.02,1935.4
625,48.12,1936.96
626,48.31,1938.62
627,48.5,1940.17
628,48.69,1941.72
629,48.88,1943.39
630,49.07,1944.94
631,49.16,1946.49
632,49.35,1948.16
633,49.54,1949.71
634,49.74,1951.37
635,49.93,1952.92
636,50.12,1954.48
637,50.31,1956.14
638,50.4,1957.69
639,50.59,1959.24
640,50.78,1960.91
641,50.97,1962.46
642,51.16,1964.01
643,51.35,1965.67
644,51.45,1967.23
645,51.64,1968.89
646,51.83,1970.44
647,52.02,1971.99
648,52.21,1973.66
649,52.4,1975.21
650,52.59,1976.76
651,52.69,1978.42
652,52.88,1979.98
653,53.07,1981.53
654,53.26,1983.19
655,53.45,1984.74
656,53.64,1986.41
657,53.74,1987.96
658,53.93,1989.51
659,54.12,1991.17
660,54.31,1992.73
661,62.88,1998.82
662,71.46,2004.81
663,80.03,2010.91
664,88.61,2017.01
665,97.18,2022.99
666,105.76,2029.09
667,114.33,2035.19
668,122.91,2041.29
669,131.48,2047.28
670,140.06,2053.37
671,147.59,2057.14
672,155.02,2060.91
673,162.54,2064.68
674,169.98,2068.45
675,177.5,2072.22
676,185.03,2075.99
677,192.46,2079.76
678,199.99,2083.53
679,207.42,2087.3
680,214.95,2091.07
681,222.47,2094.84
682,229.91,2098.61
683,237.43,2102.38
684,244.87,2106.15
685,252.39,2109.92
686,259.92,2113.69
687,267.35,2117.46
688,274.88,2121.23
689,282.31,2125.0
690,289.84,2128.77
691,294.51,2130.76
692,299.17,2132.87
693,303.84,2134.87
694,308.51,2136.86
695,313.27,2138.86
696,317.94,2140.96
697,322.61,2142.96
698,327.28,2144.96
699,331.95,2147.06
700,336.62,2149.06
701,340.14,2150.61
702,343.67,2152.05
703,347.19,2153.49
704,350.72,2155.05
705,354.24,2156.49
706,357.67,2158.04
707,361.2,2159.48
708,364.73,2161.03
709,368.25,2162.47
710,371.78,2164.03
711,376.25,2165.69
712,380.73,2167.35
713,385.21,2169.13
714,389.69,2170.79
715,394.17,2172.45
716,398.64,2174.12
717,403.12,2175.78
718,407.6,2177.55
719,412.08,2179.22
720,416.56,2180.88
721,420.84,2182.43
722,425.13,2183.98
723,429.42,2185.42
724,433.71,2186.98
725,438.09,2188.53
726,442.38,2190.08
727,446.66,2191.63
728,450.95,2193.07
729,455.24,2194.63
730,459.53,2196.18
731,464.2,2194.85
732,468.77,2193.63
733,473.44,2192.3
734,478.11,2190.97
735,482.77,2189.75
736,487.35,2188.42
737,492.02,2187.09
738,496.69,2185.87
739,501.26,2184.54
740,505.93,2183.21
741,510.6,2181.99
742,515.26,2180.66
743,519.84,2179.44
744,524.51,2178.11
745,529.18,2176.78
746,533.84,2175.56
747,538.42,2174.23
748,543.09,2172.9
749,547.75,2171.68
750,552.33,2170.35
751,557.0,2169.02
752,561.67,2167.8
753,566.33,2166.46
754,570.91,2165.13
755,575.58,2163.91
756,580.24,2162.58
757,584.82,2161.25
758,589.49,2160.03
759,594.16,2158.7
760,598.82,2157.37
761,603.4,2156.15
762,608.07,2154.82
763,612.73,2153.6
764,617.4,2152.27
765,621.98,2150.94
766,626.65,2149.72
767,631.31,2148.39
768,635.89,2147.06
769,640.56,2145.84
770,645.22,2144.51
771,649.89,2143.18
772,654.47,2141.96
773,659.13,2140.63
774,658.85,2139.41
775,658.47,2138.3
776,658.18,2137.08
777,657.9,2135.86
778,657.52,2134.64
779,657.23,2133.54
780,656.94,2132.32
781,656.66,2131.1
782,656.28,2129.99
783,655.99,2128.77
784,655.9,2128.44
785,655.8,2128.21
786,655.8,2127.88
787,655.7,2127.55
788,655.61,2127.22
789,655.51,2126.99
790,655.42,2126.66
791,655.42,2126.33
792,655.32,2126.11
793,655.23,2125.77
794,656.09,2120.45
795,656.94,2115.02
796,657.8,2109.7
797,658.66,2104.38
798,659.61,2099.05
799,660.47,2093.62
800,661.33,2088.3
801,662.18,2082.98
802,663.04,2077.54
803,663.9,2072.22
804,664.76,2066.9
805,665.61,2061.47
806,666.57,2056.15
807,667.42,2050.82
808,668.28,2045.5
809,669.14,2040.07
810,670.0,2034.75
811,671.62,2029.43
812,673.33,2023.99
813,674.95,2018.56
814,676.57,2013.24
815,678.29,2007.92
816,679.91,2002.48
817,681.53,1997.05
818,683.15,1991.73
819,684.86,1986.41
820,686.48,1980.97
821,686.77,1978.42
822,686.96,1975.87
823,687.15,1973.32
824,687.43,1970.77
825,687.72,1968.22
826,687.91,1965.67
827,688.1,1963.12
828,688.39,1960.57
829,688.67,1958.02
830,688.86,1955.47
831,688.86,1955.47
832,688.86,1955.47
833,688.96,1955.36
834,688.96,1955.36
835,688.96,1955.36
836,688.96,1955.36
837,688.96,1955.25
838,688.96,1955.25
839,689.05,1955.25
840,689.05,1955.25
841,689.05,1955.14
842,689.05,1955.14
843,689.05,1955.14
844,689.05,1955.14
845,689.15,1955.03
846,689.15,1955.03
847,689.15,1955.03
848,687.72,1952.37
849,686.29,1949.6
850,684.86,1946.94
851,686.48,1944.05
852,688.0,1941.06
853,689.62,1938.18
854,691.15,1935.18
855,692.77,1932.3
856,694.29,1929.31
857,695.91,1926.42
858,697.53,1923.43
859,699.06,1920.55
860,700.68,1917.67
861,702.2,1914.67
862,703.82,1911.79
863,705.34,1908.8
864,706.96,1905.91
865,708.49,1902.92
866,710.11,1900.04
867,721.92,1898.15
868,733.64,1896.16
869,745.46,1894.27
870,757.27,1892.28
871,769.09,1890.39
872,780.81,1888.51
873,792.62,1886.51
874,804.43,1884.62
875,812.53,1884.74
876,820.73,1884.85
877,828.83,1884.96
878,837.02,1885.07
879,845.12,1885.18
880,853.22,1885.29
881,861.41,1885.4
882,869.51,1885.51
883,877.7,1885.62
884,885.8,1885.73
885,896.66,1886.4
886,907.53,1887.06
887,918.29,1887.73
888,929.15,1888.39
889,940.02,1889.06
890,950.88,1889.73
891,961.74,1890.39
892,972.51,1891.06
893,983.37,1891.72
894,994.23,1892.39
895,1003.85,1896.49
896,1013.38,1900.48
897,1022.91,1904.58
898,1032.53,1908.68
899,1042.06,1912.68
900,1051.68,1916.78
901,1055.87,1924.32
902,1060.07,1931.97
903,1064.26,1939.51
904,1068.45,1947.16
905,1072.64,1954.7
906,1074.07,1958.47
907,1075.5,1962.13
908,1076.93,1965.9
909,1078.36,1969.55
910,1079.79,1973.32
911,1081.22,1977.09
912,1082.65,1980.75
913,1084.08,1984.52
914,1085.51,1988.29
915,1086.93,1991.95
916,1088.36,1995.72
917,1089.79,1999.49
918,1091.22,2003.15
919,1092.65,2006.92
920,1094.08,2010.58
921,1095.51,2014.35
922,1096.94,2018.12
923,1098.37,2021.78
924,1099.8,2025.54
925,1101.23,2029.2
926,1102.66,2032.97
927,1104.08,2036.74
928,1105.51,2040.4
929,1106.94,2044.17
930,1110.47,2057.59
931,1110.47,2057.59
932,1110.47,2057.59
933,1110.47,2057.59
934,1110.47,2057.59
935,1110.47,2057.59
936,1110.47,2057.59
937,1110.47,2057.59
938,1110.47,2057.59
939,1110.47,2057.59
940,1110.47,2057.59
941,1110.47,2057.59
942,1110.47,2057.59
943,1110.47,2057.59
944,1110.47,2057.59
945,1110.47,2057.59
