3,886.85,1142.33
4,895.52,1132.02
5,904.1,1121.71
6,912.67,1111.39
7,921.34,1101.08
8,930.01,1090.77
9,938.59,1080.35
10,947.26,1070.04
11,955.83,1059.73
12,964.5,1049.42
13,973.08,1039.1
14,978.98,1031.12
15,984.89,1023.25
16,990.8,1015.27
17,996.71,1007.28
18,1002.61,999.3
19,1008.52,991.43
20,1014.43,983.45
21,1020.33,975.46
22,1026.24,967.59
23,1032.15,959.61
24,1037.96,951.63
25,1043.87,943.75
26,1049.78,935.77
27,1055.68,927.79
28,1061.59,919.92
29,1067.5,911.93
30,1073.4,903.95
31,1079.31,895.97
32,1085.22,888.1
33,1091.13,880.11
34,1090.65,876.79
35,1090.17,873.57
36,1089.79,870.24
37,1089.32,867.03
38,1088.84,863.7
39,1084.65,860.27
40,1080.46,856.83
41,1076.17,853.39
42,1071.98,849.95
43,1067.78,846.52
44,1061.97,843.41
45,1056.06,840.31
46,1050.25,837.2
47,1044.34,834.21
48,1038.53,831.11
49,1032.63,828.0
50,1026.81,824.9
51,1021.0,821.79
52,1015.09,818.69
53,1009.28,815.58
54,1003.38,812.59
55,997.56,809.49
56,991.66,806.38
57,985.84,803.28
58,980.03,800.17
59,974.12,797.07
60,968.31,793.96
61,962.41,790.97
62,956.59,787.87
63,950.69,784.76
64,944.87,781.66
65,939.06,778.55
66,933.16,775.45
67,927.34,772.34
68,921.44,769.35
69,915.62,766.25
70,909.72,763.14
71,903.9,760.04
72,869.8,741.85
73,835.59,723.67
74,829.49,721.12
75,823.39,718.57
76,817.3,716.02
77,811.29,713.47
78,805.2,710.92
79,799.1,708.37
80,793.0,705.82
81,786.9,703.27
82,780.81,700.72
83,774.8,698.17
84,768.7,695.73
85,762.61,693.18
86,756.51,690.63
87,750.41,688.08
88,744.31,685.53
89,738.22,682.98
90,732.21,680.43
91,726.12,677.88
92,720.02,675.33
93,713.92,672.78
94,707.92,669.01
95,701.91,665.35
96,696.01,661.69
97,690.01,657.92
98,684.0,654.26
99,678.0,650.49
100,672.0,646.72
101,666.09,643.07
102,660.09,639.41
103,654.09,635.64
104,650.85,634.31
105,647.61,632.98
106,644.27,631.65
107,641.03,630.31
108,637.79,628.98
109,634.55,627.65
110,631.31,626.32
111,627.98,624.99
112,624.74,623.66
113,621.5,622.33
114,621.21,622.22
115,620.83,622.11
116,620.55,622.0
117,620.26,621.89
118,619.88,621.78
119,619.59,621.56
120,619.31,621.45
121,619.02,621.33
122,618.64,621.22
123,618.36,621.11
124,618.36,621.11
125,618.36,621.11
126,618.36,621.11
127,618.36,621.11
128,618.36,621.11
129,618.36,621.11
130,618.36,621.11
131,618.36,621.11
132,618.36,621.11
133,618.36,621.11
134,617.59,620.45
135,616.83,619.78
136,616.07,619.12
137,615.21,618.45
138,614.45,617.79
139,613.69,617.12
140,612.92,616.46
141,612.16,615.79
142,611.4,615.13
143,610.64,614.46
144,609.78,613.91
145,609.02,613.24
146,608.26,612.58
147,607.49,611.91
148,606.73,611.24
149,605.97,610.58
150,605.11,609.91
151,604.35,609.25
152,603.59,608.58
153,602.83,607.92
154,602.83,607.14
155,602.92,606.26
156,602.92,605.37
157,602.92,604.59
158,603.02,603.82
159,603.02,602.93
160,603.02,602.15
161,603.02,601.27
162,603.11,600.38
163,603.11,599.6
164,604.25,597.05
165,605.3,594.5
166,606.45,591.95
167,607.49,589.4
168,608.64,586.85
169,609.69,584.19
170,610.73,581.64
171,611.88,579.09
172,612.92,576.54
173,614.07,573.99
174,615.4,570.11
175,616.74,566.23
176,618.07,562.24
177,619.4,558.36
178,620.74,554.48
179,622.07,550.6
180,623.41,546.72
181,624.74,542.72
182,626.07,538.84
183,627.41,534.96
184,627.98,532.19
185,628.65,529.42
186,629.31,526.65
187,629.88,523.88
188,630.55,521.1
189,631.12,518.33
190,631.69,515.56
191,632.36,512.79
192,633.03,510.02
193,633.6,507.25
194,633.7,506.91
195,633.79,506.58
196,633.79,506.25
197,633.89,505.8
198,633.98,505.47
199,634.08,505.14
200,634.17,504.81
201,634.17,504.47
202,634.27,504.14
203,634.36,503.7
204,634.46,503.36
205,634.46,503.03
206,634.55,502.7
207,634.65,502.37
208,634.74,502.03
209,634.84,501.59
210,634.84,501.26
211,634.93,500.93
212,635.03,500.59
213,635.7,497.71
214,636.36,494.83
215,637.03,491.94
216,637.7,489.06
217,638.36,486.18
218,639.13,483.19
219,639.79,480.3
220,640.46,477.42
221,641.13,474.54
222,641.79,471.66
223,642.46,468.77
224,644.18,463.78
225,645.8,458.68
226,647.51,453.69
227,649.23,448.7
228,650.94,443.6
229,652.56,438.61
230,654.28,433.63
231,655.99,428.64
232,657.61,423.54
233,659.33,418.55
234,660.95,413.56
235,662.47,408.46
236,664.09,403.47
237,665.71,398.48
238,667.33,393.38
239,668.85,388.39
240,670.47,383.4
241,672.09,378.41
242,673.62,373.31
243,675.24,368.32
244,677.24,362.78
245,679.24,357.23
246,681.24,351.69
247,683.24,346.15
248,685.34,340.6
249,687.34,335.06
250,689.34,329.52
251,691.34,323.97
252,693.34,318.43
253,695.34,312.88
254,696.01,311.0
255,696.58,309.11
256,697.15,307.23
257,697.82,305.35
258,698.48,303.46
259,699.06,301.58
260,699.72,299.69
261,700.3,297.81
262,700.87,295.92
263,701.53,294.15
264,702.11,292.26
265,702.77,290.38
266,703.34,288.49
267,704.01,286.61
268,704.58,284.72
269,705.25,282.84
270,705.82,280.95
271,706.49,279.07
272,706.49,279.07
273,706.49,279.07
274,706.49,279.07
275,706.49,279.07
276,706.49,279.07
277,706.49,279.07
278,706.49,279.07
279,706.49,279.07
280,706.49,279.07
281,706.49,279.07
282,706.49,279.07
283,706.49,279.07
284,706.49,279.07
285,706.49,279.07
286,706.49,279.07
287,706.49,279.07
288,706.49,279.07
289,706.49,279.07
290,706.49,279.07
291,706.49,279.07
292,706.49,279.07
293,706.68,278.74
294,706.87,278.51
295,706.96,278.18
296,707.16,277.85
297,707.35,277.52
298,707.54,277.29
299,707.73,276.96
300,707.82,276.63
301,708.01,276.41
302,708.2,276.07
303,709.44,272.97
304,710.78,269.75
305,712.01,266.54
306,713.35,263.44
307,714.59,260.33
308,715.83,257.12
309,717.16,254.01
310,718.4,250.8
311,719.73,247.69
312,720.97,244.48
313,718.4,242.48
314,715.83,240.48
315,713.25,238.49
316,710.68,236.49
317,708.11,234.61
318,705.54,232.61
319,702.96,230.62
320,700.39,228.62
321,697.82,226.63
322,695.34,224.63
323,692.77,222.63
324,690.2,220.64
325,687.62,218.64
326,685.05,216.76
327,682.48,214.76
328,679.91,212.77
329,677.33,210.77
330,674.76,208.77
331,669.81,207.22
332,664.95,205.78
333,660.09,204.23
334,655.13,202.79
335,650.27,201.35
336,645.32,199.79
337,640.37,198.35
338,635.51,196.8
339,630.65,195.36
340,625.69,193.81
341,623.02,193.14
342,620.45,192.37
343,617.78,191.7
344,615.21,190.92
345,612.54,190.26
346,609.88,189.59
347,607.3,188.82
348,604.64,188.15
349,602.06,187.38
350,599.4,186.71
351,596.73,186.05
352,594.16,185.27
353,591.49,184.6
354,588.82,183.94
355,586.25,183.16
356,583.58,182.5
357,581.01,181.72
358,578.34,181.06
359,571.57,179.28
360,564.81,177.4
361,558.04,175.62
362,551.18,173.74
363,544.42,171.96
364,537.66,170.08
365,530.89,168.31
366,521.36,167.53
367,511.93,166.86
368,502.4,166.09
369,500.21,170.97
370,498.11,175.85
371,495.92,180.72
372,494.59,187.27
373,493.26,193.81
374,491.83,200.35
375,490.49,207.0
376,489.16,213.54
377,487.82,220.08
378,486.4,226.63
379,485.06,233.17
380,483.73,239.71
381,482.3,246.25
382,480.96,252.9
383,479.63,259.44
384,478.3,265.99
385,476.87,272.53
386,475.53,279.07
387,474.2,285.61
388,472.87,292.26
389,471.44,298.8
390,470.1,305.35
391,468.77,311.89
392,468.77,312.11
393,468.67,312.33
394,468.67,312.44
395,468.67,312.66
396,468.67,312.88
397,468.67,313.0
398,468.58,313.22
399,468.58,313.44
400,468.58,313.66
401,468.48,313.88
402,468.48,313.99
403,468.48,314.22
404,468.48,314.44
405,468.39,314.55
406,468.39,314.77
407,468.39,314.99
408,468.39,315.21
409,468.29,315.43
410,468.29,315.55
411,468.29,315.77
412,468.29,315.77
413,468.29,315.77
414,468.29,315.77
415,468.29,315.77
416,468.29,315.77
417,468.29,315.77
418,468.29,315.77
419,468.29,315.77
420,468.29,315.77
421,468.29,315.77
422,468.29,315.77
423,468.29,315.77
424,468.29,315.77
425,468.29,315.77
426,468.29,315.77
427,468.29,315.77
428,468.29,315.77
429,468.29,315.77
430,468.29,315.77
431,468.29,315.77
432,467.72,317.98
433,467.24,320.2
434,466.67,322.42
435,466.1,324.53
436,465.62,326.74
437,465.05,328.96
438,464.48,331.18
439,464.01,333.4
440,463.43,335.61
441,462.86,337.83
442,462.39,339.94
443,461.81,342.16
444,461.34,344.37
445,460.77,346.59
446,460.19,348.81
447,459.72,351.02
448,459.15,353.13
449,458.57,355.35
450,458.1,357.57
451,457.53,359.78
452,456.67,364.0
453,455.72,368.32
454,454.86,372.53
455,453.91,376.75
456,453.05,381.07
457,452.19,385.28
458,451.24,389.5
459,450.38,393.71
460,449.43,398.04
461,448.57,402.25
462,447.43,406.46
463,446.38,410.67
464,445.24,415.0
465,444.19,419.21
466,443.04,423.43
467,441.9,427.64
468,440.85,431.85
469,439.71,436.18
470,438.66,440.39
471,437.52,444.6
472,437.23,448.82
473,436.95,453.14
474,436.66,457.35
475,436.85,458.9
476,436.95,460.46
477,437.14,462.01
478,437.33,463.56
479,437.42,465.11
480,437.61,466.67
481,437.8,468.22
482,437.99,469.77
483,438.09,471.32
484,438.28,472.87
485,438.28,472.87
486,438.28,472.87
487,438.28,472.87
488,438.28,472.87
489,438.28,472.87
490,438.28,472.87
491,438.28,472.87
492,438.28,472.87
493,438.28,472.87
494,438.28,472.87
495,438.28,472.87
496,438.28,472.87
497,438.28,472.87
498,438.28,472.87
499,438.28,472.87
500,438.28,472.87
501,438.28,472.87
502,438.28,472.87
503,438.28,472.87
504,438.28,472.87
505,438.28,472.87
506,438.28,472.87
507,438.28,472.87
508,438.28,472.87
509,438.28,472.87
510,438.28,472.87
511,438.28,472.87
512,438.28,472.87
513,438.28,472.87
514,438.28,472.87
515,438.28,472.87
516,438.28,472.87
517,438.28,472.87
518,438.28,472.87
519,438.28,472.87
520,438.28,472.87
521,438.28,472.87
522,438.28,472.87
523,438.28,472.87
524,438.28,472.87
525,438.28,472.87
526,438.28,472.87
527,438.28,472.87
528,438.28,472.87
529,438.28,472.87
530,438.28,472.87
531,438.28,472.87
532,438.28,472.87
533,438.28,472.87
534,438.28,472.87
535,438.28,472.87
536,438.28,472.87
537,438.28,472.87
538,438.28,472.87
539,438.28,472.87
540,438.28,472.87
541,438.28,472.87
542,438.28,472.87
543,438.28,472.87
544,438.28,472.87
545,437.52,475.54
546,436.66,478.09
547,435.9,480.75
548,435.14,483.3
549,434.37,485.96
550,433.52,488.51
551,432.75,491.17
552,431.42,495.38
553,429.99,499.6
554,428.66,503.92
555,427.32,508.13
556,426.85,510.9
557,430.37,513.68
558,433.8,516.56
559,437.33,519.33
560,440.85,522.1
561,444.38,524.99
562,447.81,527.76
563,451.33,530.53
564,454.86,533.41
565,458.38,536.18
566,461.81,538.96
567,465.34,541.84
568,468.86,544.61
569,472.39,547.49
570,475.91,550.26
571,479.34,553.04
572,482.87,555.92
573,486.4,558.69
574,489.92,561.46
575,493.35,564.35
576,496.88,567.12
577,503.16,570.0
578,509.55,572.88
579,515.84,575.65
580,522.12,578.54
581,528.41,581.42
582,534.8,584.3
583,541.09,587.19
584,547.37,589.96
585,553.76,592.84
586,560.05,595.72
587,561.47,596.5
588,562.81,597.16
589,564.24,597.94
590,565.67,598.61
591,567.0,599.27
592,568.43,600.05
593,569.86,600.71
594,571.29,601.49
595,572.62,602.15
596,574.05,602.93
597,576.91,604.26
598,579.67,605.7
599,582.53,607.14
600,585.29,608.47
601,588.15,609.8
602,590.92,611.24
603,593.68,612.58
604,596.54,614.02
605,599.4,615.35
606,602.16,616.79
607,609.69,620.0
608,617.21,623.33
609,624.83,626.55
610,632.36,629.87
611,639.89,633.09
612,647.42,636.3
613,654.94,639.63
614,662.56,642.84
615,670.09,646.17
616,677.62,649.39
617,683.81,652.82
618,689.91,656.37
619,696.1,659.81
620,702.3,663.36
621,708.39,666.9
622,714.59,670.34
623,720.78,673.89
624,726.88,677.33
625,733.07,680.87
626,739.26,684.31
627,745.36,687.75
628,751.55,691.3
629,757.65,694.73
630,763.85,698.28
631,770.04,701.83
632,776.14,705.27
633,782.33,708.81
634,788.52,712.25
635,794.62,715.8
636,800.81,719.24
637,800.81,719.24
638,800.81,719.24
639,800.81,719.24
640,800.81,719.24
641,800.81,719.24
642,800.81,719.24
643,800.81,719.24
644,800.81,719.24
645,800.81,719.24
646,800.81,719.24
647,801.86,720.01
648,803.01,720.68
649,804.05,721.45
650,805.2,722.12
651,806.24,722.89
652,807.39,723.67
653,808.53,724.34
654,809.58,725.11
655,810.72,725.78
656,811.77,726.55
657,817.39,728.66
658,823.01,730.66
659,828.63,732.76
660,834.26,734.76
661,839.88,736.86
662,845.5,738.86
663,851.12,740.97
664,856.84,743.07
665,862.46,745.07
666,868.08,747.18
667,873.7,749.17
668,879.32,751.28
669,884.94,753.27
670,890.57,755.38
671,902.76,760.7
672,914.96,766.02
673,927.15,771.23
674,939.35,776.56
675,951.54,781.88
676,963.74,787.2
677,966.31,788.64
678,968.79,789.97
679,971.27,791.41
680,973.84,792.74
681,976.41,794.19
682,978.89,795.63
683,981.37,796.96
684,983.94,798.4
685,986.42,799.73
686,988.99,801.17
687,991.56,802.61
688,994.04,803.94
689,996.52,805.38
690,999.09,806.71
691,1001.56,808.16
692,1004.14,809.6
693,1006.61,810.93
694,1009.19,812.37
695,1011.66,813.7
696,1014.24,815.14
697,1019.29,817.47
698,1024.34,819.91
699,1029.29,822.24
700,1034.34,824.68
701,1039.39,827.0
702,1044.44,829.44
703,1049.49,831.77
704,1054.44,834.21
705,1059.49,836.65
706,1064.54,838.98
707,1064.54,838.98
708,1064.54,838.98
709,1064.54,838.98
710,1064.54,838.98
711,1064.54,838.98
712,1064.54,838.98
713,1064.54,838.98
714,1064.54,838.98
715,1064.54,838.98
716,1064.54,838.98
717,1064.54,838.98
718,1064.54,838.98
719,1064.54,838.98
720,1064.54,838.98
721,1064.54,838.98
722,1064.54,838.98
723,1064.54,838.98
724,1064.54,838.98
725,1064.54,838.98
726,1064.54,838.98
727,1065.31,839.53
728,1066.07,839.98
729,1066.83,840.53
730,1067.59,840.97
731,1068.36,841.53
732,1069.12,842.08
733,1069.88,842.53
734,1070.64,843.08
735,1071.4,843.52
736,1072.17,844.08
737,1076.17,841.2
738,1080.26,838.31
739,1084.27,835.43
740,1088.27,832.55
741,1092.27,829.67
742,1096.37,826.78
743,1100.37,824.01
744,1104.37,821.13
745,1108.47,818.25
746,1112.47,815.36
747,1116.47,812.48
748,1120.47,809.6
749,1124.57,806.71
750,1128.57,803.83
751,1130.86,790.42
752,1133.14,777.0
753,1135.43,763.47
754,1137.72,750.06
755,1140.0,736.64
756,1142.29,723.23
757,1144.58,709.81
758,1146.86,696.28
759,1149.15,682.87
760,1151.44,669.45
761,1149.44,654.04
762,1147.44,638.74
763,1145.44,623.44
764,1143.43,608.03
765,1141.43,592.62
766,1139.43,577.32
767,1137.43,562.02
768,1135.43,546.61
769,1133.43,531.19
770,1131.43,515.89
771,1128.09,500.37
772,1124.66,484.96
773,1121.33,469.55
774,1118.0,454.03
775,1114.66,438.5
776,1111.23,423.09
777,1107.9,407.57
778,1104.56,392.16
779,1101.13,376.64
780,1097.8,361.23
781,1096.18,352.8
782,1094.46,344.26
783,1092.84,335.84
784,1091.13,327.41
785,1089.51,318.87
786,1087.79,310.45
787,1086.17,301.91
788,1084.55,293.48
789,1082.84,285.06
790,1081.22,276.52
791,1079.5,268.09
792,1077.88,259.67
793,1076.17,251.13
794,1074.55,242.7
795,1072.93,234.28
796,1071.21,225.74
797,1069.59,217.31
798,1067.88,208.77
799,1066.26,200.35
800,1064.64,191.92
801,1062.92,183.38
802,1061.3,174.96
803,1059.59,166.53
804,1057.97,157.99
805,1056.25,149.57
806,1054.63,141.14
807,1053.02,132.6
808,1051.3,124.18
809,1049.68,115.64
810,1047.97,107.21
811,1046.35,98.79
812,1044.63,90.25
813,1043.01,81.82
