3,720.49,1550.79
4,721.07,1541.14
5,721.73,1531.6
6,722.3,1521.96
7,722.88,1512.31
8,723.45,1502.78
9,724.11,1493.13
10,724.69,1483.49
11,725.26,1473.84
12,725.92,1464.3
13,726.5,1454.66
14,730.4,1444.24
15,734.31,1433.92
16,738.22,1423.5
17,742.12,1413.08
18,746.03,1402.66
19,750.03,1392.35
20,753.94,1381.93
21,757.84,1371.5
22,761.75,1361.08
23,765.66,1350.77
24,769.56,1340.35
25,773.47,1329.93
26,777.38,1319.5
27,781.28,1309.19
28,785.28,1298.77
29,789.19,1288.35
30,793.1,1277.93
31,797.0,1267.5
32,800.91,1257.19
33,804.82,1246.77
34,810.53,1239.34
35,816.15,1231.91
36,821.87,1224.49
37,827.59,1217.06
38,833.21,1209.63
39,838.93,1202.09
40,844.55,1194.66
41,850.26,1187.23
42,855.98,1179.8
43,861.6,1172.37
44,867.32,1164.95
45,874.84,1160.84
46,882.37,1156.74
47,889.9,1152.64
48,897.43,1148.65
49,904.95,1144.55
50,912.48,1140.44
51,920.01,1136.34
52,927.53,1132.24
53,935.06,1134.12
54,942.59,1136.12
55,950.02,1138.0
56,957.55,1140.0
57,965.07,1141.88
58,972.6,1143.88
59,980.03,1145.88
60,987.56,1147.76
61,993.37,1150.53
62,999.28,1153.42
63,1005.09,1156.19
64,1010.9,1158.96
65,1016.81,1161.73
66,1022.62,1164.61
67,1028.43,1167.39
68,1034.25,1170.16
69,1040.15,1173.04
70,1045.96,1175.81
71,1056.92,1181.02
72,1067.88,1186.12
73,1078.93,1191.33
74,1089.89,1196.43
75,1100.84,1201.65
76,1111.8,1206.75
77,1122.76,1211.96
78,1133.81,1217.06
79,1144.77,1222.27
80,1155.73,1227.37
81,1166.68,1232.58
82,1177.64,1237.68
83,1188.6,1242.89
84,1199.65,1247.99
85,1210.61,1253.2
86,1221.56,1258.3
87,1232.52,1263.51
88,1243.48,1268.61
89,1254.53,1273.82
90,1265.49,1278.92
91,1276.44,1284.13
92,1285.59,1288.9
93,1294.74,1293.56
94,1303.88,1298.33
95,1313.03,1302.98
96,1322.18,1307.75
97,1331.42,1312.41
98,1340.56,1317.18
99,1349.71,1321.94
100,1358.86,1326.6
101,1368.01,1331.37
102,1377.15,1336.02
103,1386.3,1340.79
104,1397.35,1346.22
105,1408.31,1351.66
106,1419.36,1356.98
107,1430.32,1362.41
108,1441.37,1367.84
109,1452.42,1373.28
110,1463.38,1378.6
111,1474.43,1384.03
112,1482.24,1388.02
113,1490.06,1391.9
114,1497.87,1395.9
115,1505.68,1399.89
116,1513.5,1403.88
117,1521.31,1407.76
118,1529.12,1411.75
119,1536.93,1415.74
120,1544.75,1419.62
121,1552.56,1423.61
122,1556.94,1426.83
123,1561.32,1429.93
124,1565.71,1433.15
125,1570.09,1436.25
126,1574.57,1439.47
127,1578.95,1442.57
128,1583.33,1445.79
129,1587.72,1448.89
130,1592.1,1452.11
131,1593.62,1453.33
132,1595.15,1454.44
133,1596.67,1455.66
134,1598.2,1456.88
135,1599.72,1458.1
136,1601.25,1459.2
137,1602.77,1460.42
138,1604.3,1461.64
139,1605.82,1462.75
140,1607.34,1463.97
141,1608.77,1465.19
142,1610.3,1466.41
143,1611.82,1467.52
144,1613.35,1468.74
145,1614.87,1469.96
146,1616.4,1471.07
147,1617.92,1472.29
148,1619.44,1473.51
149,1620.97,1474.73
150,1622.49,1475.83
151,1624.02,1477.05
152,1626.11,1478.72
153,1628.21,1480.38
154,1630.31,1482.04
155,1632.4,1483.71
156,1634.5,1485.37
157,1636.69,1487.14
158,1638.79,1488.81
159,1640.88,1490.47
160,1642.98,1492.13
161,1645.07,1493.8
162,1647.17,1495.46
163,1653.46,1500.23
164,1659.65,1504.99
165,1665.94,1509.76
166,1672.13,1514.53
167,1678.42,1519.3
168,1684.61,1524.06
169,1690.81,1528.83
170,1697.1,1533.6
171,1700.43,1535.93
172,1703.86,1538.37
173,1707.2,1540.7
174,1710.53,1543.02
175,1713.87,1545.46
176,1717.3,1547.79
177,1720.63,1550.23
178,1723.96,1552.56
179,1727.3,1554.89
180,1730.73,1557.33
181,1734.06,1559.66
182,1734.45,1559.77
183,1734.83,1559.99
184,1735.3,1560.1
185,1735.68,1560.21
186,1736.07,1560.32
187,1736.45,1560.54
188,1736.83,1560.65
189,1737.3,1560.76
190,1737.68,1560.99
191,1738.07,1561.1
192,1738.07,1561.1
193,1738.07,1561.1
194,1738.07,1561.1
195,1738.07,1561.1
196,1738.07,1561.1
197,1738.07,1561.1
198,1738.07,1561.1
199,1738.07,1561.1
200,1738.07,1561.1
201,1738.07,1561.1
202,1738.07,1561.1
203,1738.07,1561.1
204,1738.07,1561.1
205,1738.07,1561.1
206,1738.07,1561.1
207,1738.07,1561.1
208,1738.07,1561.1
209,1738.07,1561.1
210,1738.07,1561.1
211,1738.07,1561.1
212,1738.07,1561.1
213,1738.07,1561.1
214,1738.07,1561.1
215,1738.07,1561.1
216,1738.07,1561.1
217,1738.07,1561.1
218,1738.07,1561.1
219,1738.07,1561.1
220,1738.07,1561.1
221,1738.07,1561.1
222,1738.07,1561.1
223,1741.69,1563.42
224,1745.21,1565.86
225,1748.83,1568.19
226,1752.36,1570.52
227,1755.98,1572.96
228,1759.5,1575.29
229,1763.12,1577.62
230,1766.65,1580.06
231,1770.27,1582.38
232,1772.94,1584.82
233,1775.7,1587.26
234,1778.37,1589.59
235,1781.13,1592.03
236,1783.89,1594.47
237,1786.56,1596.91
238,1789.33,1599.35
239,1791.99,1601.68
240,1794.76,1604.12
241,1797.42,1606.55
242,1794.28,1614.2
243,1791.14,1621.74
244,1787.99,1629.39
245,1784.85,1636.93
246,1781.61,1644.58
247,1778.46,1652.12
248,1775.32,1659.77
249,1772.18,1667.31
250,1769.03,1674.96
251,1764.27,1683.06
252,1759.5,1691.15
253,1754.64,1699.13
254,1749.88,1707.23
255,1745.12,1715.32
256,1740.35,1723.42
257,1735.59,1731.4
258,1730.73,1739.49
259,1725.97,1747.59
260,1721.2,1755.68
261,1716.44,1763.66
262,1711.67,1771.76
263,1706.91,1779.85
264,1702.05,1787.94
265,1697.29,1795.93
266,1692.52,1804.02
267,1687.76,1812.11
268,1683.0,1820.21
269,1678.14,1828.19
270,1673.37,1836.28
271,1668.61,1844.38
272,1664.99,1850.37
273,1661.37,1856.35
274,1657.75,1862.34
275,1654.13,1868.33
276,1650.41,1874.31
277,1646.79,1880.3
278,1643.17,1886.29
279,1639.55,1892.28
280,1635.83,1898.48
281,1632.12,1904.69
282,1628.31,1910.9
283,1624.59,1917.22
284,1620.87,1923.43
285,1617.16,1929.64
286,1613.35,1935.85
287,1609.63,1942.06
288,1605.91,1948.27
289,1602.2,1954.59
290,1598.39,1960.79
291,1594.67,1967.0
292,1590.96,1973.21
293,1587.24,1980.09
294,1583.43,1987.07
295,1579.71,1993.95
296,1575.9,2000.82
297,1572.19,2007.69
298,1568.38,2014.57
299,1564.66,2021.55
300,1560.85,2028.43
301,1559.7,2030.53
302,1558.56,2032.64
303,1557.51,2034.75
304,1556.37,2036.85
305,1555.23,2038.96
306,1554.08,2040.96
307,1552.94,2043.06
308,1551.8,2045.17
309,1550.75,2047.28
310,1549.61,2049.38
311,1548.46,2051.49
312,1547.8,2052.82
313,1547.13,2054.04
314,1546.46,2055.37
315,1545.79,2056.59
316,1545.13,2057.92
317,1544.46,2059.14
318,1543.79,2060.47
319,1543.13,2061.69
320,1542.46,2063.02
321,1541.7,2064.24
322,1541.03,2065.57
323,1540.36,2066.79
324,1539.7,2068.12
325,1539.03,2069.34
326,1538.36,2070.67
327,1537.7,2071.89
328,1537.03,2073.22
329,1536.36,2074.44
330,1535.69,2075.77
331,1535.12,2076.88
332,1534.46,2077.99
333,1533.88,2079.1
334,1533.31,2080.21
335,1532.65,2081.31
336,1532.07,2082.53
337,1531.41,2083.64
338,1530.84,2084.75
339,1530.26,2085.86
340,1529.6,2086.97
341,1529.03,2088.08
342,1526.55,2092.62
343,1524.17,2097.17
344,1521.69,2101.6
345,1519.21,2106.15
346,1516.83,2110.7
347,1514.35,2115.24
348,1511.88,2119.68
349,1509.49,2124.22
350,1507.02,2128.77
351,1505.59,2131.43
352,1504.25,2133.98
353,1502.82,2136.64
354,1501.39,2139.3
355,1499.97,2141.85
356,1498.63,2144.51
357,1497.2,2147.06
358,1495.77,2149.72
359,1494.34,2152.38
360,1493.01,2154.93
361,1491.58,2157.6
362,1491.1,2158.37
363,1490.63,2159.15
364,1490.15,2160.03
365,1489.68,2160.81
366,1489.2,2161.59
367,1488.72,2162.36
368,1488.25,2163.14
369,1487.77,2164.03
370,1487.29,2164.8
371,1486.82,2165.58
372,1486.82,2165.58
373,1486.82,2165.58
374,1486.82,2165.47
375,1486.82,2165.47
376,1486.91,2165.47
377,1486.91,2165.47
378,1486.91,2165.47
379,1486.91,2165.36
380,1486.91,2165.36
381,1486.91,2165.36
382,1486.91,2165.36
383,1486.91,2165.36
384,1486.91,2165.25
385,1486.91,2165.25
386,1487.01,2165.25
387,1487.01,2165.25
388,1487.01,2165.25
389,1487.01,2165.13
390,1487.01,2165.13
391,1487.01,2165.13
392,1488.25,2166.69
393,1489.48,2168.24
394,1490.63,2169.9
395,1491.87,2171.45
396,1493.11,2173.01
397,1494.34,2174.56
398,1495.58,2176.11
399,1496.73,2177.77
400,1497.96,2179.33
401,1499.2,2180.88
402,1506.35,2183.21
403,1513.5,2185.65
404,1520.55,2187.97
405,1527.69,2190.41
406,1534.84,2192.74
407,1541.98,2195.18
408,1549.03,2197.51
409,1556.18,2199.95
410,1563.33,2202.28
