3,324.61,470.88
4,315.47,467.22
5,306.41,463.56
6,297.27,459.9
7,288.12,456.24
8,278.97,452.7
9,269.92,449.04
10,260.78,445.38
11,251.63,441.72
12,242.58,438.06
13,233.43,434.4
14,229.91,433.07
15,226.48,431.63
16,222.95,430.3
17,219.43,428.86
18,216.0,427.53
19,212.47,426.2
20,208.95,424.76
21,205.52,423.43
22,201.99,421.98
23,198.46,420.65
24,195.03,419.32
25,191.51,417.88
26,188.08,416.55
27,184.55,415.11
28,181.03,413.78
29,177.6,412.45
30,174.07,411.01
31,170.55,409.68
32,167.12,408.24
33,163.59,406.91
34,158.16,404.24
35,152.73,401.47
36,147.3,398.81
37,141.87,396.04
38,136.53,393.38
39,131.1,390.61
40,125.67,387.95
41,120.24,385.17
42,114.81,382.4
43,109.38,379.74
44,103.0,375.97
45,96.61,372.2
46,90.23,368.32
47,83.84,364.55
48,77.46,360.78
49,71.08,357.01
50,64.69,353.24
51,58.31,349.36
52,51.93,345.59
53,45.54,341.82
54,45.35,341.82
55,45.16,341.82
56,44.97,341.82
57,44.78,341.82
58,44.59,341.71
59,44.4,341.71
60,44.21,341.71
61,44.02,341.71
62,43.83,341.71
63,43.64,341.71
64,42.21,340.94
65,40.78,340.16
66,39.35,339.49
67,37.92,338.72
68,36.49,337.94
69,33.82,337.05
70,31.16,336.06
71,28.49,335.17
72,25.82,334.28
73,23.15,333.29
74,20.48,332.4
75,17.82,331.51
76,15.15,330.62
77,12.48,329.63
78,9.81,328.74
79,9.62,328.85
80,9.53,328.96
81,9.34,329.07
82,9.15,329.18
83,8.96,329.29
84,8.86,329.52
85,8.67,329.63
86,8.48,329.74
87,8.38,329.85
88,8.19,329.96
89,8.0,330.07
90,7.91,330.18
91,7.72,330.29
92,7.53,330.4
93,7.34,330.51
94,7.24,330.74
95,7.05,330.85
96,6.86,330.96
97,6.76,331.07
98,6.57,331.18
99,6.38,331.29
100,6.19,331.4
101,6.1,331.51
102,5.91,331.62
103,5.72,331.73
104,5.62,331.95
105,5.43,332.07
106,5.24,332.18
107,5.05,332.29
108,4.95,332.4
109,4.76,332.51
110,4.57,332.62
111,4.48,332.73
112,4.29,332.84
113,4.1,332.95
114,4.0,333.17
115,3.81,333.29
116,3.62,333.4
117,3.43,333.51
118,3.33,333.62
119,3.14,333.73
120,3.14,333.73
121,3.14,333.73
122,3.14,333.73
123,3.14,333.73
124,3.14,333.73
125,3.14,333.73
126,3.14,333.73
127,3.14,333.73
128,3.14,333.73
129,3.14,333.73
130,3.14,333.73
131,3.14,333.73
132,3.14,333.73
133,3.14,333.73
134,3.14,333.73
135,3.14,333.73
136,3.14,333.73
137,3.14,333.73
138,3.14,333.73
139,3.14,333.73
140,3.14,333.73
141,3.14,333.73
142,3.14,333.73
143,3.14,333.73
144,3.14,333.73
145,3.14,333.73
146,3.14,333.73
147,3.14,333.73
148,3.14,333.73
149,3.14,333.73
150,3.14,333.73
151,3.14,333.73
152,3.24,334.5
153,3.24,335.28
154,3.33,336.06
155,3.33,336.83
156,3.43,337.61
157,3.43,338.39
158,3.53,339.16
159,3.53,339.94
160,3.62,340.6
161,3.62,341.38
162,3.72,342.16
163,3.72,342.93
164,3.81,343.71
165,3.81,344.48
166,3.91,345.26
167,4.0,346.04
168,4.0,346.81
169,4.1,347.59
170,4.1,348.36
171,4.19,349.14
172,4.19,349.92
173,4.29,350.69
174,4.29,351.47
175,4.38,352.24
176,4.38,353.02
177,4.48,353.8
178,4.48,354.46
179,4.57,355.24
180,4.57,356.01
181,4.67,356.79
182,4.67,357.57
183,4.76,358.34
184,4.86,359.12
185,4.86,359.89
186,4.95,360.67
187,4.95,361.45
188,5.05,362.22
189,5.05,363.0
190,5.15,363.78
191,5.15,364.55
192,5.24,365.33
193,5.24,366.1
194,5.34,366.88
195,5.34,367.66
196,5.43,368.32
197,5.43,369.1
198,5.53,369.87
199,5.62,370.65
200,5.62,371.43
201,5.72,372.2
202,5.72,372.98
203,5.81,373.75
204,5.81,374.53
205,5.91,375.31
206,5.91,376.08
207,6.0,376.86
208,6.0,377.63
209,6.1,378.41
210,6.1,379.19
211,6.19,379.96
212,6.19,380.74
213,6.29,381.52
214,6.29,382.18
215,6.38,382.96
216,6.48,383.73
217,6.48,384.51
218,6.57,385.28
219,6.57,386.06
220,6.67,386.84
221,6.67,387.61
222,6.76,388.39
223,6.76,389.17
224,6.86,389.94
225,6.86,390.72
226,6.96,391.49
227,6.96,392.27
228,7.05,393.05
229,7.05,393.82
230,7.15,394.6
231,7.24,395.37
232,7.24,396.04
233,7.34,396.82
234,7.34,397.59
235,7.43,398.37
236,7.43,399.14
237,7.53,399.92
238,7.53,400.7
239,7.62,401.47
240,7.62,402.25
241,7.72,403.02
242,7.72,403.8
243,7.81,404.58
244,7.81,405.35
245,7.91,406.13
246,8.0,406.91
247,8.0,407.68
248,8.1,408.46
249,8.1,409.23
250,8.19,409.9
251,8.19,410.67
252,8.29,411.45
253,8.29,412.23
254,8.38,413.0
255,8.38,413.78
256,8.48,414.56
257,8.48,415.33
258,8.58,416.11
259,8.58,416.88
260,8.67,417.66
261,8.67,418.44
262,8.77,419.21
263,8.86,419.99
264,8.86,420.76
265,8.96,421.54
266,8.96,422.32
267,9.05,423.09
268,9.05,423.76
269,9.15,424.53
270,9.15,425.31
271,9.24,426.09
272,9.24,426.86
273,9.34,427.64
274,9.34,428.41
275,9.43,429.19
276,9.43,429.97
277,9.53,430.74
278,9.62,431.52
279,9.62,432.3
280,9.72,433.07
281,9.72,433.85
282,9.81,434.62
283,9.81,435.4
284,9.91,436.18
285,9.91,436.95
286,10.0,437.62
287,10.0,438.39
288,10.1,439.17
289,10.1,439.95
290,10.19,440.72
291,10.19,441.5
292,10.29,442.27
293,10.29,443.05
294,10.39,443.83
295,10.48,444.6
296,10.48,445.38
297,10.58,446.15
298,10.58,446.93
299,10.67,447.71
300,10.67,448.48
301,10.77,449.26
302,10.77,450.03
303,10.86,450.81
304,10.86,451.48
305,10.96,452.25
306,10.96,453.03
307,11.05,453.8
308,11.05,454.58
309,11.15,455.36
310,11.24,456.13
311,11.24,456.91
312,11.34,457.69
313,11.34,458.46
314,11.43,459.24
315,11.43,460.01
316,11.53,460.79
317,11.53,461.57
318,11.62,462.34
319,11.62,463.12
320,11.72,463.89
321,11.72,464.67
322,11.81,465.34
323,11.81,466.11
324,11.91,466.89
325,12.01,467.66
326,12.01,468.44
327,12.1,469.22
328,12.1,469.99
329,12.2,470.77
330,12.2,471.54
331,12.29,472.32
332,12.29,473.1
333,12.39,473.87
334,12.39,474.65
335,12.48,475.42
336,12.48,476.2
337,12.58,476.98
338,12.58,477.75
339,12.67,478.53
340,12.67,479.19
341,12.77,479.97
342,12.86,480.75
343,12.86,481.52
344,12.96,482.3
345,12.96,483.08
346,13.05,483.85
347,13.05,484.63
348,13.15,485.4
349,13.15,486.18
350,13.24,486.96
351,13.24,487.73
352,13.34,488.51
353,13.34,489.28
354,13.43,490.06
355,13.43,490.84
356,13.53,491.61
357,13.62,492.39
358,13.62,493.05
359,13.72,493.83
360,13.72,494.61
361,13.82,495.38
362,13.82,496.16
363,13.91,496.93
364,13.91,497.71
365,14.01,498.49
366,14.01,499.26
367,14.1,500.04
368,14.1,500.81
369,14.2,501.59
370,14.2,502.37
371,14.29,503.14
372,14.29,503.92
373,14.39,504.7
374,14.48,505.47
375,14.48,506.25
376,14.58,506.91
377,14.58,507.69
378,14.67,508.47
379,14.67,509.24
380,14.77,510.02
381,14.77,510.79
382,14.86,511.57
383,14.86,512.35
384,14.96,513.12
385,14.96,513.9
386,15.05,514.67
387,15.05,515.45
388,15.15,516.23
389,15.24,517.0
390,15.24,517.78
391,15.34,518.55
392,15.34,519.33
393,15.44,520.11
394,15.44,520.77
395,15.53,521.55
396,15.53,522.32
397,15.63,523.1
398,15.63,523.88
399,15.72,524.65
400,15.72,525.43
401,15.82,526.2
402,15.82,526.98
403,15.91,527.76
404,16.01,528.53
405,16.01,529.31
406,16.1,530.09
407,16.1,530.86
408,16.2,531.64
409,16.2,532.41
410,16.29,533.19
411,16.29,533.97
412,16.39,534.63
413,16.39,535.41
414,16.48,536.18
415,16.48,536.96
416,16.58,537.74
417,16.58,538.51
418,16.67,539.29
419,16.67,540.06
420,16.77,540.84
421,16.86,541.62
422,16.86,542.39
423,16.96,543.17
424,16.96,543.94
425,17.05,544.72
426,17.05,545.5
427,17.15,546.27
428,17.15,547.05
429,17.25,547.83
430,17.25,548.49
431,17.34,549.27
432,17.34,550.04
433,17.44,550.82
434,17.44,551.59
435,17.53,552.37
436,17.63,553.15
437,17.63,553.92
438,17.72,554.7
439,17.72,555.48
440,17.82,556.25
441,17.82,557.03
442,17.91,557.8
443,17.91,558.58
444,18.01,559.36
445,18.01,560.13
446,18.1,560.91
447,18.1,561.68
448,18.2,562.35
449,18.2,563.13
450,18.29,563.9
451,18.39,564.68
452,18.39,565.45
453,18.48,566.23
454,18.48,567.01
455,18.58,567.78
456,18.58,568.56
457,18.67,569.33
458,18.67,570.11
459,18.77,570.89
460,18.77,571.66
461,18.87,572.44
462,18.87,573.22
463,18.96,573.99
464,18.96,574.77
465,19.06,575.54
466,19.06,576.21
467,19.15,576.98
468,19.25,577.76
469,19.25,578.54
470,19.34,579.31
471,19.34,580.09
472,19.44,580.87
473,19.44,581.64
474,19.53,582.42
475,19.53,583.19
476,19.63,583.97
477,19.63,584.75
478,19.72,585.52
479,19.72,586.3
480,19.82,587.07
481,19.82,587.85
482,19.91,588.63
483,20.01,589.4
484,20.01,590.07
485,20.1,590.84
486,20.1,591.62
487,20.2,592.4
488,20.2,593.17
489,20.29,593.95
490,20.29,594.72
491,20.39,595.5
492,20.39,596.28
493,20.48,597.05
494,20.48,597.83
495,20.58,598.61
496,20.58,599.38
497,20.68,600.16
498,20.68,600.93
499,20.77,601.71
500,20.87,602.49
501,20.87,603.26
502,20.96,603.93
503,20.96,604.7
504,21.06,605.48
505,21.06,606.26
506,21.15,607.03
507,21.15,607.81
508,21.25,608.58
509,21.25,609.36
510,21.34,610.14
511,21.34,610.91
512,21.44,611.69
513,21.44,612.46
514,21.53,613.24
515,21.63,614.02
516,21.63,614.79
517,21.72,615.57
518,21.72,616.34
519,21.82,617.12
520,21.82,617.79
521,21.91,618.56
522,21.91,619.34
523,22.01,620.11
524,22.01,620.89
525,22.1,621.67
526,22.1,622.44
527,22.2,623.22
528,22.2,624.0
529,22.3,624.77
530,22.39,625.55
531,22.39,626.32
532,22.49,627.1
533,22.49,627.88
534,22.58,628.65
535,22.58,629.43
536,22.68,630.2
537,22.68,630.98
538,22.77,631.65
539,22.77,632.42
540,22.87,633.2
541,22.87,633.97
542,22.96,634.75
543,22.96,635.53
544,23.06,636.3
545,23.06,637.08
546,23.15,637.85
547,23.25,638.63
548,23.25,639.41
549,23.34,640.18
550,23.34,640.96
551,23.44,641.73
552,23.44,642.51
553,23.53,643.29
554,23.53,644.06
555,23.63,644.84
556,23.63,645.5
557,23.72,646.28
558,23.72,647.06
559,23.82,647.83
560,23.82,648.61
561,23.91,649.39
562,24.01,650.16
563,24.01,650.94
564,24.11,651.71
565,24.11,652.49
566,24.2,653.27
567,24.2,654.04
568,24.3,654.82
569,24.3,655.59
570,24.39,656.37
571,24.39,657.15
572,24.49,657.92
573,24.49,658.7
574,24.58,659.36
575,24.58,660.14
576,24.68,660.92
577,24.68,661.69
578,24.77,662.47
579,24.87,663.24
580,24.87,664.02
581,24.96,664.8
582,24.96,665.57
583,25.06,666.35
584,25.06,667.12
585,25.15,667.9
586,25.15,668.68
587,25.25,669.45
588,25.25,670.23
589,25.34,671.01
590,25.34,671.78
591,25.44,672.56
592,25.44,673.22
593,25.53,674.0
594,25.63,674.78
595,25.63,675.55
596,25.73,676.33
597,25.73,677.1
598,25.82,677.88
599,25.82,678.66
600,25.92,679.43
601,25.92,680.21
602,26.01,680.98
603,26.01,681.76
604,26.11,682.54
605,26.11,683.31
606,26.2,684.09
607,26.2,684.86
608,26.3,685.64
609,26.39,686.42
610,26.39,687.08
611,26.49,687.86
612,26.49,688.63
613,26.58,689.41
614,26.58,690.19
615,26.68,690.96
616,26.68,691.74
617,26.77,692.51
618,26.77,693.29
619,26.87,694.07
620,26.87,694.84
621,26.96,695.62
622,26.96,696.4
623,27.06,697.17
624,27.06,697.95
625,27.15,698.72
626,27.25,699.5
627,27.25,700.28
628,27.34,700.94
629,27.34,701.72
630,27.44,702.49
631,27.44,703.27
632,27.54,704.05
633,27.54,704.82
634,27.63,705.6
635,27.63,706.37
636,27.73,707.15
637,27.73,707.93
638,27.82,708.7
639,27.82,709.48
640,27.92,710.25
641,28.01,711.03
642,28.01,711.81
643,28.11,712.58
644,28.11,713.36
645,28.2,714.14
646,28.2,714.8
647,28.3,715.58
648,28.3,716.35
649,28.39,717.13
650,28.39,717.9
651,28.49,718.68
652,28.49,719.46
653,28.58,720.23
654,28.58,721.01
655,28.68,721.79
656,28.68,722.56
657,28.77,723.34
658,28.87,724.11
659,28.87,724.89
660,28.96,725.67
661,28.96,726.44
662,29.06,727.22
663,29.06,727.99
664,29.16,728.66
665,29.16,729.44
666,29.25,730.21
667,29.25,730.99
668,29.35,731.76
669,29.35,732.54
670,29.44,733.32
671,29.44,734.09
672,29.54,734.87
673,30.01,734.76
674,30.39,734.65
675,30.77,734.54
676,31.25,734.42
677,31.63,734.42
678,32.11,734.31
679,32.59,734.2
680,32.97,734.09
681,33.35,733.98
682,33.82,733.87
683,34.3,733.76
684,34.68,733.65
685,35.06,733.54
686,35.54,733.43
687,35.92,733.32
688,36.4,733.32
689,36.87,733.21
690,37.25,733.09
691,37.63,732.98
692,38.11,732.87
693,38.11,732.87
694,38.11,732.87
695,38.11,732.87
696,38.11,732.87
697,38.11,732.87
698,38.11,732.87
699,38.11,732.87
700,38.11,732.87
701,38.11,732.87
702,38.11,732.87
703,38.11,732.87
704,38.11,732.87
705,38.11,732.87
706,38.11,732.87
707,38.11,732.87
708,38.11,732.87
709,38.11,732.87
710,38.11,732.87
711,38.11,732.87
712,38.11,732.87
713,38.11,732.87
714,38.11,732.87
715,38.11,732.87
716,38.11,732.87
717,38.11,732.87
718,38.11,732.87
719,38.11,732.87
720,38.11,732.87
721,38.11,732.87
722,38.11,732.87
723,38.11,732.87
724,38.11,732.87
725,38.11,732.87
726,38.11,732.87
727,38.11,732.87
728,38.11,732.87
729,38.11,732.87
730,38.11,732.87
731,38.11,732.87
732,38.11,732.87
733,38.11,732.87
734,38.11,732.87
735,38.11,732.87
736,38.11,732.87
737,38.11,732.87
738,38.11,732.87
739,38.11,732.87
740,38.11,732.87
741,38.11,732.87
742,38.11,732.87
743,38.11,732.87
744,38.11,732.87
745,38.11,732.87
746,38.11,732.87
747,38.11,732.87
748,38.11,732.87
749,38.11,732.87
750,38.11,732.87
751,38.11,732.87
752,38.11,732.87
753,38.11,732.87
754,38.11,732.87
755,38.11,732.87
756,38.11,732.87
757,38.11,732.87
758,38.11,732.87
759,38.11,732.87
760,38.11,732.87
761,38.11,732.87
762,38.11,732.87
763,38.11,732.87
764,38.11,732.87
765,38.11,732.87
766,38.11,732.87
767,38.11,732.87
768,38.11,732.87
769,38.11,732.87
770,38.11,732.87
771,38.11,732.87
772,38.11,732.87
773,38.11,732.87
774,38.11,732.87
775,38.11,732.87
776,38.11,732.87
777,38.11,732.87
778,38.11,732.87
779,38.11,732.87
780,38.11,732.87
781,38.11,732.87
782,38.11,732.87
783,38.11,732.87
784,38.11,732.87
785,38.11,732.87
786,38.11,732.87
787,38.11,732.87
788,38.11,732.87
789,38.11,732.87
790,38.11,732.87
791,38.11,732.87
792,38.11,732.87
793,38.78,731.99
794,39.35,731.1
795,40.02,730.21
796,40.68,729.44
797,41.26,728.55
798,41.92,727.66
799,43.45,732.54
800,44.97,737.42
801,46.5,742.3
802,48.02,747.18
803,49.45,752.05
804,50.97,756.93
805,52.5,761.81
806,54.02,766.69
807,55.55,771.57
808,57.07,776.34
809,58.6,781.21
810,60.12,786.09
811,61.65,790.97
812,63.17,795.85
813,64.6,800.73
814,66.12,805.61
815,67.65,810.48
816,69.17,815.36
817,70.7,820.24
818,70.89,824.9
819,71.17,829.67
820,71.36,834.32
821,71.65,839.09
822,71.84,843.75
823,72.13,848.4
824,72.32,853.17
825,72.6,857.83
826,72.89,862.59
827,73.08,867.25
828,73.17,869.47
829,73.27,871.69
830,73.36,873.9
831,73.75,878.78
832,74.13,883.77
833,74.6,888.65
834,74.98,893.53
835,75.37,898.41
836,75.75,903.4
837,76.13,908.27
838,76.6,913.15
839,76.98,918.14
840,77.37,923.02
841,77.75,927.68
842,78.13,932.44
843,78.41,937.1
844,78.8,941.76
845,79.18,946.41
846,79.56,951.18
847,79.94,955.84
848,80.22,960.5
849,80.61,965.26
850,80.99,969.92
851,82.13,972.69
852,83.27,975.35
853,84.51,978.12
854,85.66,980.79
855,86.8,983.56
856,87.94,986.33
857,89.18,988.99
858,90.32,991.76
859,91.47,994.42
860,92.71,997.19
861,93.85,999.97
862,94.99,1002.63
863,96.14,1005.4
864,97.37,1008.06
865,98.52,1010.83
866,99.66,1013.6
867,100.8,1016.26
868,102.04,1019.04
869,103.19,1021.7
870,104.33,1024.47
871,105.95,1028.35
872,107.57,1032.34
873,109.28,1036.33
874,110.9,1040.21
875,112.52,1044.09
876,114.14,1048.09
877,115.76,1051.97
878,117.48,1055.96
879,119.1,1059.84
880,120.72,1063.83
881,123.0,1065.94
882,125.29,1067.93
883,127.58,1070.04
884,129.77,1072.15
885,132.06,1074.14
886,134.34,1076.25
887,141.3,1076.03
888,148.16,1075.91
889,155.11,1075.69
890,162.07,1075.47
891,168.93,1075.36
892,175.88,1075.14
893,182.84,1074.92
894,189.79,1074.7
895,196.65,1074.58
896,203.61,1074.36
897,209.99,1074.25
898,216.38,1074.14
899,222.76,1074.03
900,229.14,1073.92
901,235.53,1073.81
902,242.01,1073.7
903,248.39,1073.59
904,254.77,1073.48
905,261.16,1073.36
906,267.54,1073.25
907,267.92,1072.92
908,268.21,1072.7
909,268.59,1072.48
910,268.88,1072.15
911,269.16,1071.92
912,269.54,1071.59
913,269.83,1071.26
914,270.21,1071.04
915,270.49,1070.81
916,270.88,1070.48
917,271.16,1070.26
918,271.45,1070.04
919,271.83,1069.82
920,272.11,1069.6
921,272.4,1069.37
922,272.69,1069.26
923,272.97,1069.04
924,273.35,1068.82
925,273.64,1068.6
926,273.92,1068.38
927,274.21,1068.15
928,274.5,1067.93
929,274.88,1067.71
930,275.16,1067.49
931,275.45,1067.38
932,275.74,1067.16
933,276.02,1066.93
934,276.4,1066.71
935,276.69,1066.49
936,276.97,1066.27
937,276.97,1066.16
938,276.97,1066.05
939,276.97,1065.94
940,276.97,1065.83
941,276.97,1065.71
942,276.97,1065.6
943,276.97,1065.49
944,276.97,1065.38
945,276.97,1065.27
946,276.97,1065.16
947,276.59,1065.71
948,276.21,1066.27
949,275.74,1066.82
950,275.35,1067.38
951,274.97,1067.93
952,274.59,1068.49
953,274.21,1069.04
954,273.73,1069.6
955,273.35,1070.15
956,272.97,1070.7
957,272.88,1070.81
958,272.78,1070.93
959,272.59,1070.93
960,272.5,1071.04
961,272.4,1071.15
962,272.31,1071.26
963,272.21,1071.37
964,272.02,1071.37
965,271.92,1071.48
966,271.83,1071.59
967,271.83,1072.03
968,271.73,1072.59
969,271.73,1073.14
970,271.64,1073.59
971,271.64,1074.03
972,271.54,1074.58
973,271.45,1075.03
974,271.45,1075.58
975,271.35,1076.14
976,271.35,1076.58
977,274.02,1075.91
978,276.69,1075.25
979,279.36,1074.58
980,282.02,1074.03
981,284.69,1073.36
982,287.36,1072.7
983,290.03,1072.03
984,292.69,1071.37
985,295.36,1070.7
986,298.03,1070.04
987,300.7,1069.48
988,303.37,1068.82
989,306.03,1068.15
990,308.7,1067.49
991,311.27,1068.93
992,313.94,1070.26
993,316.51,1071.7
994,319.09,1073.14
995,321.66,1074.47
996,324.33,1075.91
997,326.9,1077.36
998,329.47,1078.8
999,332.14,1080.13
1000,334.71,1081.57
1001,338.52,1089.66
1002,342.43,1097.76
1003,346.24,1105.85
1004,350.15,1113.94
1005,353.96,1122.04
1006,353.58,1130.46
1007,353.29,1139.0
1008,352.91,1147.43
1009,352.53,1155.85
1010,352.24,1164.39
1011,351.86,1172.82
1012,351.48,1181.24
1013,351.1,1189.67
1014,350.81,1198.21
1015,350.43,1206.63
1016,349.29,1215.84
1017,348.05,1224.93
1018,346.91,1234.13
1019,345.76,1243.33
1020,344.62,1252.54
1021,343.38,1261.63
1022,342.24,1270.83
1023,341.1,1280.03
1024,339.86,1289.12
1025,338.71,1298.33
1026,337.29,1307.31
1027,335.76,1316.29
1028,334.33,1325.27
1029,332.9,1334.25
1030,331.38,1343.12
1031,329.95,1352.1
1032,328.52,1361.08
1033,326.99,1370.06
1034,325.57,1379.04
1035,324.14,1388.02
1036,322.61,1397.0
1037,321.18,1405.98
1038,319.75,1414.97
1039,318.23,1423.95
1040,316.8,1432.93
1041,315.37,1441.8
1042,313.85,1450.78
1043,312.42,1459.76
1044,310.99,1468.74
1045,309.46,1477.72
1046,308.03,1486.7
1047,306.61,1495.68
1048,305.08,1504.66
1049,303.65,1513.64
1050,302.22,1522.51
1051,300.7,1531.49
1052,299.27,1540.47
1053,297.84,1549.45
1054,296.32,1558.44
1055,294.89,1567.42
1056,291.46,1575.84
1057,288.12,1584.16
1058,284.69,1592.58
1059,281.26,1600.9
1060,277.93,1609.33
1061,274.5,1617.64
1062,271.16,1626.07
1063,267.73,1634.38
1064,264.3,1642.81
1065,260.97,1651.13
1066,257.54,1659.55
1067,254.68,1668.53
1068,251.82,1677.62
1069,248.96,1686.61
1070,246.1,1695.59
1071,243.15,1704.68
1072,240.29,1713.66
1073,237.43,1722.64
1074,234.58,1731.73
1075,231.72,1740.71
1076,231.43,1745.37
1077,231.15,1750.14
1078,230.86,1754.9
1079,230.57,1759.56
1080,231.15,1764.11
1081,231.72,1768.54
1082,232.38,1773.09
1083,232.96,1777.63
1084,233.53,1782.07
1085,234.1,1786.61
1086,234.67,1791.16
1087,235.34,1795.7
1088,235.91,1800.14
1089,236.48,1804.69
1090,237.62,1812.22
1091,238.67,1819.76
1092,239.82,1827.41
1093,240.86,1834.95
1094,242.01,1842.49
1095,243.15,1850.03
1096,244.2,1857.68
1097,245.34,1865.22
1098,243.34,1871.32
1099,241.24,1877.42
1100,239.15,1883.52
1101,237.15,1889.61
1102,235.15,1895.71
1103,233.05,1901.81
1104,231.05,1907.91
1105,228.95,1914.01
1106,226.86,1920.1
1107,224.86,1926.2
1108,222.86,1932.3
1109,220.76,1938.4
1110,218.76,1944.5
1111,216.66,1950.59
1112,214.57,1956.69
1113,212.57,1962.79
1114,210.56,1968.89
1115,208.47,1974.99
1116,206.37,1981.08
1117,204.37,1987.18
1118,202.09,1993.28
1119,199.7,1999.38
1120,197.42,2005.59
1121,195.13,2011.69
1122,192.84,2017.78
1123,190.46,2023.88
1124,188.17,2029.98
1125,185.89,2036.08
1126,183.6,2042.29
1127,181.22,2048.38
1128,178.93,2054.48
1129,173.41,2062.91
1130,167.88,2071.34
1131,161.4,2072.22
1132,154.92,2073.0
1133,148.44,2073.89
1134,140.73,2068.9
1135,132.91,2063.8
1136,125.1,2058.81
1137,117.38,2053.71
1138,109.67,2048.72
1139,101.85,2043.62
1140,94.04,2038.52
1141,86.32,2033.53
1142,78.6,2028.43
1143,70.79,2023.44
