4,1399.45,1044.98
5,1399.45,1044.98
6,1399.45,1044.98
7,1399.45,1044.98
8,1399.45,1044.98
9,1399.45,1044.98
10,1399.45,1044.98
11,1399.45,1044.98
12,1399.45,1044.98
13,1399.45,1044.98
14,1399.45,1044.98
15,1399.45,1044.98
16,1399.45,1044.98
17,1399.45,1044.98
18,1399.45,1044.98
19,1399.45,1044.98
20,1399.45,1044.98
21,1399.45,1044.98
22,1399.45,1044.98
23,1399.45,1044.98
24,1399.45,1044.98
25,1399.45,1044.98
26,1399.45,1044.98
27,1399.45,1044.98
28,1399.45,1044.98
29,1399.45,1044.98
30,1399.45,1044.98
31,1399.45,1044.98
32,1399.45,1044.98
33,1399.45,1044.98
34,1399.45,1044.98
35,1399.45,1044.98
36,1399.45,1044.98
37,1399.45,1044.98
38,1399.45,1044.98
39,1399.45,1044.98
40,1399.45,1044.98
41,1399.45,1044.98
42,1399.45,1044.98
43,1399.45,1044.98
44,1399.54,1044.76
45,1399.64,1044.54
46,1399.73,1044.43
47,1399.83,1044.21
48,1399.92,1043.98
49,1400.02,1043.76
50,1400.11,1043.65
51,1400.21,1043.43
52,1400.3,1043.21
53,1400.4,1042.99
54,1400.4,1042.87
55,1400.5,1042.65
56,1400.59,1042.43
57,1400.69,1042.21
58,1400.78,1042.1
59,1400.88,1041.88
60,1400.97,1041.65
61,1401.07,1041.43
62,1401.16,1041.32
63,1401.26,1041.1
64,1401.35,1040.88
65,1401.35,1040.88
66,1401.35,1040.88
67,1401.35,1040.88
68,1401.35,1040.88
69,1401.35,1040.88
70,1401.35,1040.88
71,1401.35,1040.88
72,1401.35,1040.88
73,1401.35,1040.88
74,1401.35,1040.88
75,1401.35,1040.88
76,1401.35,1040.88
77,1401.35,1040.88
78,1401.35,1040.88
79,1401.35,1040.88
80,1401.35,1040.88
81,1401.35,1040.88
82,1401.35,1040.88
83,1401.35,1040.88
84,1401.35,1040.88
85,1401.35,1040.88
86,1401.35,1040.88
87,1401.35,1040.88
88,1401.35,1040.88
89,1401.35,1040.88
90,1401.35,1040.88
91,1401.35,1040.88
92,1401.35,1040.88
93,1401.35,1040.88
94,1401.35,1040.88
95,1401.35,1040.88
96,1401.35,1040.88
97,1401.35,1040.88
98,1401.35,1040.88
99,1401.35,1040.88
100,1401.35,1040.88
101,1401.35,1040.88
102,1401.35,1040.88
103,1401.35,1040.88
104,1401.35,1040.88
105,1401.92,1038.99
106,1402.59,1037.11
107,1403.26,1035.22
108,1403.83,1033.34
109,1404.5,1031.45
110,1405.07,1029.57
111,1405.64,1027.68
112,1406.31,1025.8
113,1406.97,1023.92
114,1407.55,1022.03
115,1407.26,1018.93
116,1406.97,1015.71
117,1406.69,1012.61
118,1406.5,1009.39
119,1406.21,1006.18
120,1405.93,1003.07
121,1405.64,999.86
122,1405.35,996.75
123,1401.26,993.54
124,1397.16,990.43
125,1393.06,987.22
126,1388.97,984.0
127,1384.87,980.9
128,1380.77,977.68
129,1377.72,976.46
130,1374.67,975.24
131,1371.63,974.13
132,1368.58,972.91
133,1365.53,971.69
134,1362.48,970.47
135,1359.43,969.25
136,1356.38,968.15
137,1353.33,966.93
138,1350.28,965.71
139,1348.95,965.37
140,1347.52,965.04
141,1346.19,964.71
142,1344.85,964.38
143,1343.42,964.04
144,1342.09,963.71
145,1340.76,963.38
146,1339.33,963.05
147,1337.99,962.71
148,1336.66,962.38
149,1335.32,962.05
150,1333.9,961.72
151,1332.56,961.38
152,1331.23,961.05
153,1329.8,960.72
154,1328.46,960.38
155,1327.13,960.05
156,1325.7,959.72
157,1324.37,959.39
158,1315.41,955.95
159,1306.46,952.62
160,1297.5,949.3
161,1288.54,945.86
162,1279.59,942.42
163,1270.63,939.1
164,1261.67,935.66
165,1252.72,932.33
166,1243.76,929.01
167,1234.81,925.57
168,1230.71,923.13
169,1226.61,920.69
170,1222.61,918.36
171,1218.51,915.92
172,1214.42,913.49
173,1210.32,911.05
174,1206.22,908.61
175,1202.22,906.28
176,1198.12,903.84
177,1194.03,901.4
178,1194.03,901.4
179,1194.03,901.4
180,1194.03,901.4
181,1194.03,901.4
182,1194.03,901.4
183,1194.03,901.4
184,1194.03,901.4
185,1194.03,901.4
186,1194.03,901.4
187,1194.03,901.4
188,1194.03,901.4
189,1194.03,901.4
190,1194.03,901.4
191,1194.03,901.4
192,1194.03,901.4
193,1194.03,901.4
194,1194.03,901.4
195,1194.03,901.4
196,1194.03,901.4
197,1194.03,901.4
198,1194.03,901.4
199,1194.03,901.4
200,1194.03,901.4
201,1194.03,901.4
202,1194.03,901.4
203,1194.03,901.4
204,1194.03,901.4
205,1194.03,901.4
206,1194.03,901.4
207,1194.03,901.4
208,1194.03,901.4
209,1194.03,901.4
210,1194.03,901.4
211,1194.03,901.4
212,1194.03,901.4
213,1194.03,901.4
214,1194.03,901.4
215,1194.03,901.4
216,1194.03,901.4
217,1194.03,901.4
218,1193.84,901.18
219,1193.55,901.07
220,1193.36,900.85
221,1193.07,900.62
222,1192.88,900.4
223,1192.69,900.29
224,1192.41,900.07
225,1192.22,899.85
226,1191.93,899.74
227,1191.74,899.52
228,1188.98,898.18
229,1186.12,896.85
230,1183.36,895.52
231,1177.35,893.31
232,1171.45,890.98
233,1165.44,888.76
234,1159.54,886.54
235,1153.53,884.33
236,1147.63,882.0
237,1141.62,879.78
238,1140.58,876.45
239,1139.53,873.24
240,1138.58,869.91
241,1137.53,866.7
242,1136.48,863.37
243,1129.33,861.26
244,1122.09,859.05
245,1114.95,856.94
246,1107.8,854.72
247,1100.65,852.62
248,1093.41,850.51
249,1086.27,848.29
250,1079.12,846.19
251,1071.88,843.97
252,1064.73,841.86
253,1059.11,838.87
254,1053.49,835.98
255,1047.87,832.99
256,1042.25,830.0
257,1036.63,827.12
258,1031.1,824.12
259,1025.48,821.13
260,1019.86,818.25
261,1014.24,815.25
262,1008.62,812.26
263,1002.99,809.38
264,997.37,806.38
265,991.75,803.5
266,986.13,800.51
267,980.6,797.51
268,974.98,794.63
269,969.36,791.64
270,963.74,788.64
271,958.12,785.76
272,952.5,782.77
273,947.64,780.22
274,942.78,777.67
275,937.92,775.12
276,933.06,772.57
277,928.2,770.02
278,923.34,767.47
279,918.48,764.92
280,913.62,762.37
281,908.76,759.81
282,903.9,757.26
283,898.57,754.16
284,893.23,750.95
285,887.8,747.84
286,882.47,744.63
287,877.13,741.52
288,871.8,738.42
289,866.37,735.2
290,861.03,732.1
291,860.93,731.1
292,860.74,730.21
293,860.65,729.21
294,860.55,728.22
295,860.36,727.33
296,860.27,726.33
297,860.17,725.33
298,859.98,724.45
299,859.89,723.45
300,859.89,723.45
301,859.89,723.45
302,859.89,723.45
303,859.89,723.45
304,859.89,723.45
305,859.89,723.45
306,859.89,723.45
307,859.89,723.45
308,859.89,723.45
309,859.89,723.45
310,859.89,723.45
311,854.36,721.45
312,848.74,719.46
313,843.21,717.46
314,837.59,715.47
315,832.06,713.47
316,826.54,711.59
317,820.92,709.59
318,815.39,707.59
319,809.77,705.6
320,804.24,703.6
321,798.72,701.61
322,793.1,699.61
323,787.57,697.62
324,781.95,695.62
325,776.42,693.73
326,770.9,691.74
327,765.27,689.74
328,759.75,687.75
329,754.13,685.75
330,748.6,683.76
331,741.07,680.21
332,733.55,676.77
333,726.02,673.22
334,718.49,669.67
335,710.97,666.24
336,703.44,662.69
337,695.91,659.14
338,688.39,655.59
339,680.86,652.16
340,673.33,648.61
341,666.76,644.84
342,660.09,641.07
343,653.51,637.19
344,646.84,633.42
345,640.27,629.65
346,633.6,625.88
347,626.93,622.11
348,620.36,618.23
349,613.69,614.46
350,607.11,610.69
351,599.68,608.03
352,592.34,605.37
353,584.91,602.82
354,577.48,600.16
355,570.05,597.5
356,562.71,594.84
357,555.28,592.17
358,547.85,589.62
359,540.51,586.96
360,533.08,584.3
361,529.65,582.2
362,526.22,580.09
363,522.7,578.09
364,519.27,575.99
365,515.84,573.88
366,512.41,571.77
367,508.98,569.67
368,505.45,567.67
369,502.02,565.56
370,498.59,563.46
371,495.92,562.02
372,493.16,560.69
373,490.49,559.25
374,487.73,557.91
375,485.06,556.47
376,482.3,555.14
377,479.63,553.7
378,476.87,552.26
379,474.2,550.93
380,471.44,549.49
381,468.77,548.16
382,466.01,546.72
383,463.34,545.28
384,460.58,543.94
385,457.91,542.5
386,455.14,541.17
387,452.48,539.73
388,449.71,538.4
389,447.05,536.96
390,443.23,535.63
391,439.52,534.3
392,435.71,532.97
393,432.75,530.09
394,429.7,527.2
395,426.75,524.21
396,423.8,521.33
397,420.75,518.44
398,417.8,515.56
399,418.94,507.58
400,413.13,503.48
401,407.22,499.37
402,401.41,495.27
403,395.6,491.17
404,389.78,487.07
405,383.88,482.96
406,378.06,478.86
407,372.25,474.76
408,364.73,472.76
409,357.29,470.88
410,349.77,468.88
411,342.24,466.89
412,334.71,465.0
413,327.28,463.01
414,319.75,461.01
415,312.23,459.02
416,304.8,457.13
417,297.27,455.14
418,294.31,454.03
419,291.36,452.92
420,288.31,451.7
421,285.36,450.59
422,282.4,449.48
423,279.45,448.37
424,276.5,447.26
425,273.45,446.04
426,270.49,444.93
427,267.54,443.83
428,267.54,443.83
429,267.54,443.83
430,267.54,443.83
431,267.54,443.83
432,267.54,443.83
433,267.54,443.83
434,267.54,443.83
435,267.54,443.83
436,267.54,443.83
437,267.54,443.83
438,267.54,443.83
439,267.54,443.83
440,267.54,443.83
441,267.54,443.83
442,267.54,443.83
443,267.54,443.83
444,267.54,443.83
445,267.54,443.83
446,267.54,443.83
447,267.54,443.83
448,267.54,443.83
449,267.54,443.83
450,267.54,443.83
451,267.54,443.83
452,267.54,443.83
453,267.54,443.83
454,267.54,443.83
455,267.54,443.83
456,267.54,443.83
457,267.54,443.83
458,267.54,443.83
459,267.54,443.83
460,267.54,443.83
461,267.54,443.83
462,267.54,443.83
463,267.54,443.83
464,267.54,443.83
465,267.54,443.83
466,267.54,443.83
467,267.54,443.83
468,266.87,443.49
469,266.21,443.27
470,265.64,442.94
471,264.97,442.72
472,264.3,442.38
473,263.63,442.05
474,262.97,441.83
475,262.4,441.5
476,261.73,441.28
477,261.06,440.94
478,258.49,440.28
479,255.92,439.61
480,253.34,438.84
481,250.77,438.17
482,248.2,437.51
483,245.63,436.84
484,243.05,436.18
485,240.48,435.4
486,237.91,434.73
487,235.34,434.07
488,230.57,431.96
489,225.71,429.86
490,220.95,427.75
491,216.09,425.64
492,211.33,423.54
493,206.47,421.43
494,201.7,419.32
495,196.84,417.22
496,192.08,415.11
497,187.32,413.0
498,182.46,410.9
499,177.69,408.79
500,172.83,406.68
501,168.07,404.58
502,163.21,402.58
503,158.45,400.47
504,153.59,398.37
505,148.82,396.26
506,143.97,394.15
507,139.2,392.05
508,134.44,389.94
509,129.58,387.83
510,124.81,385.73
511,119.96,383.62
512,115.19,381.52
513,110.33,379.41
514,105.57,377.3
515,100.71,375.2
516,95.95,373.09
517,87.75,368.88
518,79.56,364.77
519,71.46,360.56
520,63.26,356.46
521,55.07,352.24
522,46.88,348.14
523,38.78,343.93
524,30.58,339.83
525,22.39,335.61
526,20.96,334.95
527,19.63,334.28
528,18.2,333.62
529,16.77,333.06
530,15.34,332.4
531,13.91,331.73
532,12.58,331.07
533,11.15,330.4
534,9.72,329.85
535,8.29,329.18
536,6.96,328.52
537,5.53,327.85
