0,297.27,1858.02
1,296.98,1857.79
2,296.7,1857.68
3,296.41,1857.46
4,296.12,1857.35
5,295.84,1857.13
6,294.79,1857.13
7,293.74,1857.13
8,292.6,1857.24
9,291.55,1857.24
10,290.5,1857.24
11,289.46,1857.24
12,288.41,1857.24
13,287.26,1857.35
14,286.22,1857.35
15,285.17,1857.35
16,283.07,1858.68
17,280.98,1860.01
18,278.97,1861.34
19,276.88,1862.67
20,274.78,1864.0
21,272.69,1865.33
22,270.59,1866.66
23,268.59,1867.99
24,266.49,1869.32
25,264.4,1870.65
26,262.3,1871.99
27,260.2,1873.32
28,258.2,1874.65
29,256.11,1875.98
30,254.01,1877.31
31,251.92,1878.64
32,249.82,1879.97
33,247.82,1881.3
34,245.72,1882.63
35,243.63,1883.96
36,242.39,1887.06
37,241.15,1890.28
38,239.82,1893.38
39,238.58,1896.49
40,237.34,1899.7
41,236.1,1902.81
42,234.86,1905.91
43,233.53,1909.02
44,232.29,1912.23
45,231.05,1915.34
46,230.67,1916.89
47,230.19,1918.33
48,229.81,1919.88
49,229.43,1921.32
50,229.05,1922.88
51,228.57,1924.32
52,228.19,1925.87
53,227.81,1927.42
54,227.33,1928.86
55,226.95,1930.42
56,226.57,1931.86
57,226.19,1933.41
58,225.71,1934.85
59,225.33,1936.4
60,224.95,1937.96
61,224.48,1939.4
62,224.09,1940.95
63,223.71,1942.39
64,223.33,1943.94
65,222.86,1945.38
66,222.47,1946.94
67,222.47,1947.05
68,222.47,1947.27
69,222.38,1947.38
70,222.38,1947.6
71,222.38,1947.71
72,222.38,1947.93
73,222.28,1948.04
74,222.28,1948.27
75,222.28,1948.38
76,222.28,1948.38
77,222.28,1948.38
78,222.38,1948.38
79,222.38,1948.38
80,222.38,1948.38
81,222.38,1948.38
82,222.38,1948.38
83,222.47,1948.38
84,222.47,1948.38
85,222.47,1948.38
86,222.47,1948.27
87,222.47,1948.27
88,222.57,1948.27
89,222.57,1948.27
90,222.57,1948.27
91,222.57,1948.27
92,222.57,1948.27
93,222.67,1948.27
94,222.67,1948.27
95,222.67,1948.27
96,222.67,1948.27
97,222.67,1948.16
98,222.76,1948.16
99,222.76,1948.04
100,222.76,1948.04
101,222.76,1948.04
102,222.86,1947.93
103,222.86,1947.93
104,222.86,1947.93
105,222.86,1947.82
106,222.95,1947.82
107,222.95,1947.71
108,222.95,1947.71
109,222.95,1947.71
110,223.05,1947.6
111,223.05,1947.6
112,223.05,1947.6
113,223.05,1947.6
114,223.14,1947.49
115,223.14,1947.49
116,223.14,1947.49
117,223.14,1947.49
118,223.14,1947.6
119,223.14,1947.6
120,223.14,1947.6
121,223.14,1947.6
122,223.14,1947.6
123,223.14,1947.71
124,223.14,1947.71
125,223.14,1947.71
126,222.95,1948.16
127,222.76,1948.6
128,222.57,1949.04
129,222.38,1949.49
130,222.19,1949.93
131,222.0,1950.37
132,221.81,1950.82
133,221.62,1951.26
134,221.43,1951.7
135,221.24,1952.15
136,221.05,1952.59
137,220.85,1953.03
138,220.47,1954.14
139,220.09,1955.14
140,219.71,1956.25
141,219.24,1957.25
142,218.85,1958.36
143,218.47,1959.46
144,218.09,1960.46
145,217.71,1961.57
146,217.23,1962.68
147,216.85,1963.68
148,216.47,1964.79
149,216.09,1965.78
150,215.71,1966.89
151,215.33,1968.0
152,214.95,1969.0
153,214.47,1970.11
154,214.09,1971.11
155,213.71,1972.21
156,212.95,1973.99
157,212.18,1975.76
158,211.52,1977.54
159,210.76,1979.31
160,209.99,1981.08
161,209.23,1982.86
162,208.47,1984.63
163,207.8,1986.41
164,207.04,1988.18
165,206.28,1989.95
166,204.75,1993.5
167,203.32,1997.05
168,201.8,2000.6
169,200.27,2004.15
170,198.85,2007.69
171,197.32,2011.24
172,195.8,2014.79
173,194.27,2018.34
174,192.84,2021.89
175,191.32,2025.43
176,187.79,2035.08
177,184.27,2044.73
178,180.74,2054.37
179,177.22,2064.02
180,173.69,2073.66
181,170.17,2083.2
182,166.64,2092.85
183,163.12,2102.49
184,159.59,2112.14
185,156.07,2121.78
186,153.3,2129.32
187,150.44,2136.75
188,147.59,2144.29
189,144.82,2151.72
190,142.06,2159.26
191,139.2,2166.69
192,136.44,2174.12
193,133.58,2181.65
194,130.82,2189.08
195,127.96,2196.62
