15,1818.67,1648.35
16,1815.91,1646.58
17,1813.24,1644.81
18,1810.48,1643.03
19,1807.71,1641.26
20,1805.05,1639.48
21,1802.28,1637.71
22,1799.52,1635.94
23,1796.85,1634.16
24,1794.09,1632.39
25,1791.33,1630.61
26,1788.66,1628.84
27,1785.9,1627.07
28,1783.13,1625.29
29,1780.46,1623.52
30,1777.7,1621.74
31,1774.94,1619.97
32,1772.27,1618.2
33,1769.51,1616.42
34,1766.74,1614.65
35,1764.08,1612.87
36,1761.31,1611.1
37,1758.55,1609.33
38,1755.88,1607.55
39,1753.12,1605.78
40,1750.45,1604.0
41,1747.69,1602.23
42,1744.93,1600.46
43,1742.26,1598.68
44,1739.5,1596.91
45,1736.73,1595.13
46,1734.06,1593.36
47,1731.3,1591.59
48,1728.54,1589.81
49,1725.87,1588.04
50,1723.11,1586.26
51,1720.34,1584.49
52,1717.68,1582.72
53,1714.91,1580.94
54,1712.15,1579.17
55,1709.48,1577.39
56,1706.72,1575.62
57,1703.96,1573.85
58,1701.29,1572.07
59,1698.53,1570.3
60,1622.68,1525.84
61,1546.84,1481.38
62,1471.0,1436.92
63,1395.06,1392.57
64,1319.22,1348.11
65,1243.38,1303.65
66,1230.42,1297.44
67,1217.47,1291.23
68,1204.51,1285.13
69,1191.55,1278.92
70,1178.59,1272.72
71,1165.63,1266.51
72,1152.68,1260.3
73,1139.72,1254.2
74,1126.76,1247.99
75,1113.8,1241.78
76,1100.46,1235.57
77,1087.22,1229.47
78,1073.88,1223.27
79,1060.64,1217.06
80,1047.3,1210.96
81,1033.96,1204.75
82,1020.72,1198.54
83,1007.38,1192.44
84,994.13,1186.23
85,980.79,1180.14
86,967.46,1173.93
87,954.21,1167.72
88,940.87,1161.62
89,927.63,1155.41
90,914.29,1149.2
91,900.95,1143.1
92,887.71,1136.9
93,874.37,1130.69
94,861.12,1124.59
95,847.79,1118.38
96,846.36,1118.16
97,844.93,1117.82
98,843.4,1117.6
99,841.97,1117.38
100,840.54,1117.05
101,839.12,1116.83
102,837.69,1116.61
103,836.16,1116.27
104,834.73,1116.05
105,833.3,1115.72
106,831.87,1115.5
107,830.45,1115.27
108,828.92,1114.94
109,827.49,1114.72
110,826.06,1114.5
111,824.63,1114.17
112,823.11,1113.94
113,821.68,1113.72
114,820.25,1113.39
115,818.82,1113.17
116,817.39,1112.95
117,815.87,1112.61
118,814.44,1112.39
119,813.01,1112.06
120,811.58,1111.84
121,810.15,1111.62
122,808.63,1111.28
123,807.2,1111.06
124,805.77,1110.84
125,804.34,1110.51
126,802.91,1110.29
127,801.39,1110.06
128,799.96,1109.73
129,798.53,1109.51
130,797.1,1109.29
131,795.67,1108.96
132,794.14,1108.73
133,792.72,1108.4
134,791.29,1108.18
135,789.86,1107.96
136,788.43,1107.62
137,786.9,1107.4
138,785.47,1107.18
139,784.04,1106.85
140,782.62,1106.63
141,781.09,1106.41
142,779.66,1106.07
143,778.23,1105.85
144,776.8,1105.63
145,775.37,1105.3
146,773.85,1105.07
147,772.42,1104.74
148,770.99,1104.52
149,769.56,1104.3
150,768.13,1103.97
151,766.61,1103.74
152,765.18,1103.52
153,763.75,1103.19
154,762.32,1102.97
155,760.89,1102.75
156,759.37,1102.41
157,757.94,1102.19
158,756.51,1101.97
159,755.08,1101.64
160,753.65,1101.42
161,752.13,1101.08
162,750.7,1100.86
163,749.27,1100.64
164,747.84,1100.31
165,746.41,1100.09
166,744.89,1099.86
167,743.46,1099.53
168,742.03,1099.31
169,740.6,1099.09
170,739.07,1098.75
171,737.64,1098.53
172,736.22,1098.31
173,734.79,1097.98
174,733.36,1097.76
175,731.83,1097.42
176,730.4,1097.2
177,728.97,1096.98
178,727.54,1096.65
179,726.12,1096.43
180,724.59,1096.2
181,723.16,1095.87
182,721.73,1095.65
183,682.48,1094.76
184,643.13,1093.88
185,603.87,1092.99
186,600.44,1092.66
187,597.01,1092.32
188,593.49,1091.99
189,590.06,1091.66
190,586.63,1091.33
191,577.29,1092.1
192,567.95,1092.88
193,558.62,1093.54
194,549.28,1094.32
195,539.94,1095.1
196,535.46,1095.43
197,530.99,1095.76
198,526.51,1095.98
199,522.03,1096.32
200,517.55,1096.65
201,513.07,1096.98
202,508.6,1097.2
203,504.12,1097.54
204,499.64,1097.87
205,495.16,1098.09
206,490.78,1098.42
207,486.3,1098.75
208,481.82,1099.09
209,477.34,1099.31
210,472.87,1099.64
211,468.39,1099.97
212,463.91,1100.31
213,459.43,1100.53
214,454.95,1100.86
215,450.48,1101.19
216,444.09,1102.52
217,437.71,1103.97
218,431.42,1105.3
219,425.04,1106.63
220,418.65,1108.07
221,412.27,1109.4
222,405.98,1110.73
223,399.6,1112.17
224,393.21,1113.5
225,391.5,1115.05
226,389.78,1116.49
227,388.07,1118.05
228,386.35,1119.49
229,384.64,1121.04
230,382.92,1122.48
231,381.21,1124.03
232,379.49,1125.48
233,377.78,1127.03
234,375.97,1128.58
235,374.25,1130.02
236,372.54,1131.57
237,370.82,1133.01
238,369.11,1134.57
239,367.39,1136.01
240,365.68,1137.56
241,363.96,1139.0
242,362.25,1140.55
243,358.15,1173.15
244,354.05,1205.86
245,349.96,1238.46
246,348.81,1247.66
247,347.77,1256.97
248,346.62,1266.17
249,345.48,1275.38
250,344.43,1284.69
251,343.29,1293.89
252,342.14,1303.09
253,341.1,1312.41
254,339.95,1321.61
255,339.19,1327.38
256,338.43,1333.14
257,337.67,1338.91
258,336.9,1344.67
259,336.05,1350.33
260,335.28,1356.09
261,334.52,1361.86
262,333.76,1367.62
263,333.0,1373.39
264,332.24,1379.15
265,331.47,1384.92
266,330.71,1390.68
267,329.85,1396.34
268,329.09,1402.1
269,328.33,1407.87
270,327.57,1413.64
271,326.8,1419.4
272,326.04,1425.17
273,325.28,1430.93
274,324.52,1436.7
275,323.66,1442.35
276,322.9,1448.12
277,322.14,1453.88
278,321.37,1459.65
279,320.61,1465.41
280,317.94,1475.17
281,315.18,1485.04
282,312.51,1494.79
283,309.75,1504.66
284,307.08,1514.42
285,304.32,1524.29
286,301.56,1534.04
287,298.89,1543.91
288,296.12,1553.67
289,293.46,1563.54
290,291.55,1571.63
291,289.65,1579.61
292,287.65,1587.71
293,285.74,1595.69
294,283.83,1603.78
295,281.93,1611.88
296,280.02,1619.86
297,278.02,1627.95
298,276.12,1635.94
299,274.21,1644.03
300,272.02,1650.24
301,269.83,1656.56
302,267.73,1662.88
303,265.54,1669.09
304,263.35,1675.3
305,261.16,1681.62
306,258.97,1687.82
307,256.87,1694.14
308,254.68,1700.46
309,252.49,1706.67
310,251.92,1708.23
311,251.44,1709.89
312,250.87,1711.44
313,250.3,1713.1
314,249.82,1714.66
315,249.25,1716.21
316,248.77,1717.87
317,248.2,1719.42
318,247.63,1721.09
319,247.15,1722.64
320,246.58,1724.19
321,246.01,1725.85
322,245.53,1727.41
323,244.96,1729.07
324,244.48,1730.62
325,243.91,1732.17
326,243.34,1733.84
327,242.86,1735.39
328,242.29,1737.05
329,241.72,1738.6
330,241.24,1740.16
331,240.67,1741.82
332,240.2,1743.37
333,239.62,1745.04
334,239.05,1746.59
335,238.58,1748.14
336,238.01,1749.8
337,237.43,1751.36
338,236.96,1753.02
339,236.39,1754.57
340,235.91,1756.12
341,235.34,1757.79
342,234.77,1759.34
343,234.29,1761.0
344,233.72,1762.55
345,233.72,1764.44
346,233.72,1766.32
347,233.81,1768.1
348,233.81,1769.98
349,233.81,1771.87
350,233.81,1773.75
351,233.81,1775.64
352,233.91,1777.41
353,233.91,1779.3
354,233.91,1781.18
355,254.11,1867.99
356,258.39,1869.88
357,262.68,1871.76
358,270.3,1872.21
359,278.02,1872.54
360,285.64,1872.87
361,293.27,1873.32
362,300.89,1873.76
363,308.61,1874.09
364,316.23,1874.42
365,323.85,1874.87
366,331.57,1875.31
367,339.19,1875.64
368,348.43,1874.31
369,357.67,1872.87
370,366.82,1871.43
371,376.06,1870.1
372,385.31,1868.77
373,394.55,1867.33
374,403.79,1866.0
375,412.94,1864.56
376,422.18,1863.23
377,431.42,1861.79
378,439.61,1861.45
379,447.9,1861.12
380,456.1,1860.79
381,464.39,1860.45
382,472.58,1860.01
383,480.87,1859.68
384,489.06,1859.35
385,497.35,1859.01
386,505.55,1858.68
387,513.84,1858.35
388,522.03,1858.02
389,530.22,1857.68
390,538.51,1857.35
391,546.71,1857.02
392,555.0,1856.68
393,563.19,1856.24
394,571.48,1855.91
395,579.67,1855.58
396,587.96,1855.24
397,596.16,1854.91
398,601.68,1855.8
399,607.21,1856.68
400,612.64,1857.68
401,618.17,1858.57
402,623.69,1859.46
403,629.22,1860.34
404,634.74,1861.23
405,640.17,1862.23
406,645.7,1863.12
407,651.23,1864.0
408,651.23,1864.0
409,651.23,1864.0
410,651.23,1864.0
411,651.23,1864.0
412,651.23,1864.0
413,651.23,1864.0
414,651.23,1864.0
415,651.23,1864.0
416,651.23,1864.0
417,651.23,1864.0
418,651.23,1864.0
419,651.23,1864.0
420,651.23,1864.0
421,651.23,1864.0
422,651.23,1864.0
423,651.23,1864.0
424,651.23,1864.0
425,651.23,1864.0
426,651.23,1864.0
427,651.23,1864.0
428,651.23,1864.0
429,651.23,1864.0
430,651.23,1864.0
431,651.23,1864.0
432,651.23,1864.0
433,651.23,1864.0
434,651.23,1864.0
435,651.23,1864.0
436,651.23,1864.0
437,651.23,1864.0
438,651.23,1864.0
439,651.23,1864.0
440,651.23,1864.0
441,651.23,1864.0
442,651.23,1864.0
443,651.23,1864.0
444,651.23,1864.0
445,651.23,1864.0
446,651.23,1864.0
447,651.23,1864.0
448,651.23,1864.0
449,651.23,1864.0
450,651.23,1864.0
451,651.23,1864.0
452,651.23,1864.0
453,651.23,1864.0
454,651.23,1864.0
455,651.23,1864.0
456,651.23,1864.0
457,651.23,1864.0
458,651.23,1864.0
459,651.23,1864.0
460,651.23,1864.0
461,651.23,1864.0
462,651.23,1864.0
463,651.23,1864.0
464,651.23,1864.0
465,651.23,1864.0
466,651.23,1864.0
467,651.23,1864.0
468,651.23,1864.0
469,651.23,1864.0
470,651.23,1864.0
471,651.23,1864.0
472,651.23,1864.0
473,651.23,1864.0
474,651.23,1864.0
475,651.23,1864.0
476,651.23,1864.0
477,651.23,1864.0
478,651.23,1864.0
479,651.23,1864.0
480,651.23,1864.0
481,651.23,1864.0
482,651.23,1864.0
483,651.23,1864.0
484,651.23,1864.0
485,651.23,1864.0
486,651.23,1864.0
487,651.23,1864.0
488,651.23,1864.0
489,651.23,1864.0
490,651.23,1864.0
491,651.23,1864.0
492,651.23,1864.0
493,651.23,1864.0
494,651.23,1864.0
495,651.23,1864.0
496,651.23,1864.0
497,651.23,1864.0
498,651.23,1864.0
499,651.23,1864.0
500,651.23,1864.0
501,651.23,1864.0
502,651.23,1864.0
503,651.23,1864.0
504,651.23,1864.0
505,651.23,1864.0
506,651.23,1864.0
507,651.23,1864.0
508,651.23,1864.0
509,651.23,1864.0
510,651.23,1864.0
511,651.23,1864.0
512,651.23,1864.0
513,651.23,1864.0
514,651.23,1864.0
515,651.23,1864.0
516,651.23,1864.0
517,651.23,1864.0
518,654.28,1864.11
519,657.42,1864.34
520,660.47,1864.45
521,663.61,1864.67
522,666.66,1864.78
523,669.81,1865.0
524,672.95,1865.22
525,676.0,1865.33
526,679.05,1865.55
527,682.19,1865.67
528,692.29,1866.11
529,702.3,1866.44
530,712.3,1866.89
531,722.4,1867.22
532,732.5,1867.66
533,742.5,1868.1
534,752.6,1868.44
535,762.61,1868.88
536,772.71,1869.21
537,782.71,1869.66
538,792.24,1869.77
539,801.77,1869.99
540,811.39,1870.1
541,820.92,1870.32
542,830.45,1870.43
543,839.97,1870.65
544,849.5,1870.88
545,859.12,1870.99
546,868.65,1871.1
547,878.18,1871.32
548,886.28,1871.87
549,894.38,1872.54
550,902.48,1873.09
551,910.57,1873.76
552,918.67,1874.31
553,926.77,1874.87
554,934.87,1875.53
555,942.97,1876.09
556,951.07,1876.75
557,959.17,1877.31
558,959.74,1877.31
559,960.21,1877.31
560,960.79,1877.42
561,961.36,1877.42
562,961.83,1877.42
563,962.41,1877.42
564,962.98,1877.42
565,963.45,1877.53
566,964.03,1877.53
567,964.6,1877.53
568,965.07,1877.53
569,965.65,1877.53
570,966.22,1877.64
571,966.69,1877.64
572,967.26,1877.64
573,967.84,1877.64
574,968.31,1877.75
575,968.88,1877.75
576,969.46,1877.75
577,969.93,1877.75
578,970.5,1877.75
579,971.08,1877.86
580,971.55,1877.86
581,972.12,1877.86
582,973.65,1877.97
583,975.08,1878.08
584,976.6,1878.19
585,978.13,1878.31
586,979.56,1878.42
587,981.08,1878.53
588,984.41,1877.53
589,987.75,1876.42
590,991.08,1875.42
591,994.42,1874.42
592,997.75,1873.43
593,1001.09,1872.32
594,1004.42,1871.32
595,1005.47,1869.1
596,1006.42,1866.89
597,1007.47,1864.67
598,1008.43,1862.45
599,1009.47,1860.23
600,1010.43,1858.02
601,1011.38,1855.8
602,1012.43,1853.58
603,1013.47,1851.36
604,1014.43,1849.15
605,1015.76,1845.82
606,1017.1,1842.6
607,1018.43,1839.28
608,1019.76,1836.06
609,1021.19,1832.74
610,1022.53,1829.52
611,1023.86,1826.19
612,1025.19,1822.98
613,1026.53,1819.65
614,1027.86,1816.44
615,1029.48,1813.0
616,1031.2,1809.56
617,1032.82,1806.13
618,1034.44,1802.69
619,1036.15,1799.25
620,1037.77,1795.93
621,1039.39,1792.49
622,1041.11,1789.05
623,1042.73,1785.62
624,1044.34,1782.18
625,1046.06,1778.74
626,1047.68,1775.3
627,1049.39,1771.87
628,1051.01,1768.43
629,1052.63,1765.1
630,1054.35,1761.67
631,1055.97,1758.23
632,1057.59,1754.79
633,1059.3,1751.36
634,1060.92,1747.92
635,1060.92,1747.92
636,1060.92,1747.92
637,1060.92,1747.92
638,1060.92,1747.92
639,1060.92,1747.92
640,1060.92,1747.92
641,1060.92,1747.92
642,1060.92,1747.92
643,1060.92,1747.92
644,1060.92,1747.92
645,1062.45,1744.15
646,1063.88,1740.38
647,1065.4,1736.72
648,1066.93,1732.95
649,1068.36,1729.18
650,1069.88,1725.41
651,1071.4,1721.64
652,1072.93,1717.98
653,1074.36,1714.21
654,1075.88,1710.44
655,1078.07,1704.9
656,1080.26,1699.36
657,1082.46,1693.7
658,1084.65,1688.16
659,1086.84,1682.61
660,1089.03,1677.07
661,1091.22,1671.53
662,1093.41,1665.87
663,1095.6,1660.33
664,1097.8,1654.78
665,1098.56,1653.01
666,1099.42,1651.13
667,1100.18,1649.35
668,1100.94,1647.47
669,1101.7,1645.69
670,1102.56,1643.92
671,1103.32,1642.03
672,1104.08,1640.26
673,1104.85,1638.49
674,1105.7,1636.6
675,1106.47,1634.83
676,1107.23,1632.94
677,1108.09,1631.17
678,1108.85,1629.39
679,1109.61,1627.51
680,1110.37,1625.74
681,1111.23,1623.96
682,1111.99,1622.08
683,1112.75,1620.3
684,1113.61,1618.42
685,1114.37,1616.64
686,1115.14,1614.87
687,1115.9,1612.99
688,1116.76,1611.21
689,1117.52,1609.44
690,1118.28,1607.55
691,1119.04,1605.78
692,1119.9,1603.89
693,1120.66,1602.12
694,1120.66,1602.12
695,1120.66,1602.12
696,1120.66,1602.12
697,1120.66,1602.12
698,1120.66,1602.12
699,1120.66,1602.12
700,1120.66,1602.12
701,1120.66,1602.12
702,1120.66,1602.12
703,1120.66,1602.12
704,1120.66,1602.12
705,1120.76,1601.45
706,1120.95,1600.79
707,1121.04,1600.12
708,1121.14,1599.46
709,1121.33,1598.79
710,1121.43,1598.13
711,1121.52,1597.46
712,1121.62,1596.8
713,1121.81,1596.13
714,1121.9,1595.47
715,1122.66,1594.25
716,1123.43,1593.03
717,1124.19,1591.92
718,1124.95,1590.7
719,1125.71,1589.48
720,1126.47,1588.26
721,1127.24,1587.04
722,1128.0,1585.93
723,1128.76,1584.71
724,1129.52,1583.49
725,1129.52,1583.49
726,1129.52,1583.49
727,1129.52,1583.49
728,1129.52,1583.49
729,1129.52,1583.49
730,1129.52,1583.49
731,1129.52,1583.49
732,1129.52,1583.49
733,1129.52,1583.49
734,1129.52,1583.49
735,1132.67,1584.38
736,1135.91,1585.27
737,1139.05,1586.15
738,1142.2,1586.93
739,1145.44,1587.82
740,1148.58,1588.7
741,1151.72,1589.59
742,1154.96,1590.48
743,1158.11,1591.36
744,1161.25,1592.14
745,1164.49,1593.03
746,1167.63,1593.92
747,1170.78,1594.8
748,1174.02,1595.69
749,1177.16,1596.58
750,1180.31,1597.35
751,1183.45,1598.24
752,1186.69,1599.13
753,1189.83,1600.01
754,1192.98,1600.9
755,1196.22,1601.79
756,1199.36,1602.56
757,1202.51,1603.45
758,1205.75,1604.34
759,1208.89,1605.22
760,1212.03,1606.11
761,1215.27,1607.0
762,1218.42,1607.77
763,1221.56,1608.66
764,1224.8,1609.55
765,1227.95,1610.44
766,1311.22,1673.08
767,1319.32,1679.4
768,1327.42,1685.83
769,1335.52,1692.15
770,1343.61,1698.47
771,1351.81,1704.79
772,1359.91,1711.22
773,1368.01,1717.54
774,1376.1,1723.86
775,1384.2,1730.29
776,1392.3,1736.61
777,1398.59,1741.82
778,1404.88,1746.92
779,1411.17,1752.13
780,1417.45,1757.34
781,1423.74,1762.55
782,1430.03,1767.65
783,1436.41,1772.86
784,1442.7,1778.08
785,1448.99,1783.18
786,1455.28,1788.39
787,1461.57,1793.6
788,1467.86,1798.81
789,1474.15,1803.91
790,1480.43,1809.12
791,1495.3,1820.54
792,1510.16,1832.07
793,1525.12,1843.49
794,1539.98,1855.02
795,1554.85,1866.44
796,1569.71,1877.97
797,1570.76,1878.75
798,1571.81,1879.52
799,1572.76,1880.41
800,1573.81,1881.19
801,1574.85,1881.96
802,1575.81,1882.74
803,1576.86,1883.52
804,1577.9,1884.4
805,1578.95,1885.18
806,1579.9,1885.96
807,1580.95,1886.73
808,1582.0,1887.51
809,1583.05,1888.39
810,1584.1,1889.17
811,1585.05,1889.95
812,1586.1,1890.72
813,1587.15,1891.5
814,1588.1,1892.39
815,1589.15,1893.16
816,1590.19,1893.94
817,1590.19,1893.94
818,1590.19,1893.94
819,1590.19,1893.94
820,1590.19,1893.94
821,1590.19,1893.94
822,1590.19,1893.94
823,1590.19,1893.94
824,1590.19,1893.94
825,1590.19,1893.94
826,1590.19,1893.94
827,1590.19,1893.94
828,1590.19,1893.94
829,1590.19,1893.94
830,1590.19,1893.94
831,1590.19,1893.94
832,1590.19,1893.94
833,1590.19,1893.94
834,1590.19,1893.94
835,1590.19,1893.94
836,1590.19,1893.94
837,1590.19,1893.94
838,1590.19,1893.94
839,1590.19,1893.94
840,1590.19,1893.94
841,1590.19,1893.94
842,1590.19,1893.94
843,1590.19,1893.94
844,1590.19,1893.94
845,1590.19,1893.94
846,1590.19,1893.94
847,1590.19,1893.94
848,1590.19,1893.94
849,1590.19,1893.94
850,1590.19,1893.94
851,1590.19,1893.94
852,1590.19,1893.94
853,1590.19,1893.94
854,1590.19,1893.94
855,1590.19,1893.94
856,1590.19,1893.94
857,1590.19,1893.94
858,1590.19,1893.94
859,1590.19,1893.94
860,1590.19,1893.94
861,1590.19,1893.94
862,1590.19,1893.94
863,1590.19,1893.94
864,1590.19,1893.94
865,1590.19,1893.94
866,1590.19,1893.94
867,1590.19,1893.94
868,1590.19,1893.94
869,1590.19,1893.94
870,1590.19,1893.94
871,1590.19,1893.94
872,1590.19,1893.94
873,1590.19,1893.94
874,1590.19,1893.94
875,1590.19,1893.94
876,1590.19,1893.94
877,1590.19,1893.94
878,1590.19,1893.94
879,1590.19,1893.94
880,1590.19,1893.94
881,1590.19,1893.94
882,1590.19,1893.94
883,1590.19,1893.94
884,1590.19,1893.94
885,1590.19,1893.94
886,1590.19,1893.94
887,1590.19,1893.94
888,1590.19,1893.94
889,1590.19,1893.94
890,1590.19,1893.94
891,1590.19,1893.94
892,1590.19,1893.94
893,1590.19,1893.94
894,1590.19,1893.94
895,1590.19,1893.94
896,1590.19,1893.94
897,1590.19,1893.94
898,1590.19,1893.94
899,1590.19,1893.94
900,1590.19,1893.94
901,1590.19,1893.94
902,1590.19,1893.94
903,1590.19,1893.94
904,1590.19,1893.94
905,1590.19,1893.94
906,1590.19,1893.94
907,1590.19,1893.94
908,1590.19,1893.94
909,1590.19,1893.94
910,1590.19,1893.94
911,1590.19,1893.94
912,1590.19,1893.94
913,1590.19,1893.94
914,1590.19,1893.94
915,1590.19,1893.94
916,1590.19,1893.94
917,1590.19,1893.94
918,1590.19,1893.94
919,1590.19,1894.05
920,1590.1,1894.05
921,1590.1,1894.05
922,1590.1,1894.05
923,1590.1,1894.16
924,1590.1,1894.16
925,1590.1,1894.16
926,1590.0,1894.27
927,1590.0,1894.27
928,1590.0,1894.27
929,1590.0,1894.27
930,1590.0,1894.38
931,1590.0,1894.38
932,1590.0,1894.38
933,1589.91,1894.38
934,1589.91,1894.49
935,1589.91,1894.49
936,1589.91,1894.49
937,1589.91,1894.49
938,1589.91,1894.49
939,1589.91,1894.49
940,1589.91,1894.49
941,1589.91,1894.49
942,1589.91,1894.49
943,1589.91,1894.49
944,1589.91,1894.49
945,1589.91,1894.49
946,1589.91,1894.49
947,1589.91,1894.49
948,1589.91,1894.49
949,1589.91,1894.49
950,1589.91,1894.49
951,1591.15,1898.26
952,1592.39,1902.03
953,1593.62,1905.91
954,1594.86,1909.68
955,1596.1,1913.45
956,1597.34,1917.22
957,1598.58,1920.99
958,1599.82,1924.76
959,1601.06,1928.64
960,1602.29,1932.41
961,1603.53,1936.18
962,1597.24,1950.71
963,1590.86,1965.23
964,1584.57,1979.87
965,1578.28,1994.39
966,1571.9,2008.91
967,1565.61,2023.44
968,1564.09,2027.1
969,1562.66,2030.76
970,1561.13,2034.53
971,1559.7,2038.18
972,1558.18,2041.84
973,1556.75,2045.5
974,1555.23,2049.16
975,1553.8,2052.93
976,1552.37,2056.59
977,1550.84,2060.25
978,1550.75,2060.36
979,1550.65,2060.47
980,1550.56,2060.58
981,1550.46,2060.69
982,1550.37,2060.8
983,1550.37,2060.91
984,1550.27,2061.02
985,1550.18,2061.14
986,1550.08,2061.25
987,1549.99,2061.36
988,1549.89,2061.36
989,1549.8,2061.47
990,1549.7,2061.58
991,1549.61,2061.69
992,1549.51,2061.8
993,1549.51,2061.91
994,1549.41,2062.02
995,1549.32,2062.13
996,1549.22,2062.24
997,1549.13,2062.35
998,1549.03,2062.47
999,1544.08,2069.45
1000,1539.22,2076.44
1001,1539.12,2079.98
1002,1539.12,2083.53
1003,1539.03,2086.97
1004,1539.03,2090.52
1005,1540.36,2092.51
1006,1541.7,2094.62
1007,1543.03,2096.61
1008,1544.46,2098.61
1009,1545.79,2100.72
1010,1547.13,2102.71
1011,1553.61,2105.6
1012,1560.09,2108.59
1013,1566.57,2111.47
1014,1573.04,2114.35
1015,1579.52,2117.24
1016,1586.0,2120.23
1017,1592.48,2123.11
1018,1598.96,2126.0
1019,1605.44,2128.99
1020,1611.92,2131.87
1021,1614.11,2132.32
1022,1616.3,2132.87
1023,1618.49,2133.31
1024,1620.68,2133.87
1025,1622.87,2134.31
1026,1625.07,2134.76
1027,1627.26,2135.31
1028,1629.45,2135.75
1029,1631.64,2136.31
1030,1633.83,2136.75
1031,1635.93,2137.86
1032,1638.02,2138.97
1033,1640.12,2140.08
1034,1642.22,2141.19
1035,1644.31,2142.18
1036,1646.41,2143.29
1037,1648.5,2144.4
1038,1650.6,2145.51
1039,1652.7,2146.62
1040,1654.79,2147.73
1041,1656.79,2148.84
1042,1658.89,2149.94
1043,1660.99,2151.05
1044,1663.08,2152.16
1045,1665.18,2153.27
1046,1667.27,2154.27
1047,1669.37,2155.38
1048,1671.47,2156.49
1049,1673.56,2157.6
1050,1675.66,2158.7
1051,1680.23,2160.15
1052,1684.81,2161.48
1053,1689.38,2162.92
1054,1693.95,2164.36
1055,1698.53,2165.69
1056,1703.19,2167.13
1057,1707.77,2168.57
1058,1712.34,2170.01
1059,1716.91,2171.34
1060,1721.49,2172.78
1061,1727.11,2174.45
1062,1732.73,2176.11
1063,1738.45,2177.77
1064,1744.07,2179.44
1065,1749.69,2181.1
1066,1755.31,2182.76
1067,1760.93,2184.43
1068,1766.65,2186.09
1069,1772.27,2187.75
1070,1777.89,2189.42
1071,1783.61,2191.52
1072,1789.42,2193.63
1073,1795.14,2195.74
1074,1800.85,2197.84
1075,1806.67,2199.95
1076,1812.38,2202.06
1077,1818.1,2204.16
1078,1823.82,2206.27
1079,1829.63,2208.38
1080,1835.34,2210.48
1081,1837.44,2209.26
1082,1839.44,2208.15
1083,1841.54,2207.04
1084,1843.63,2205.83
1085,1845.64,2204.61
1086,1847.73,2203.5
1087,1849.83,2202.39
1088,1851.92,2201.17
1089,1853.92,2199.95
1090,1856.02,2198.84
1091,1856.02,2198.73
1092,1856.12,2198.73
1093,1856.12,2198.62
1094,1856.12,2198.62
1095,1856.21,2198.51
1096,1856.21,2198.51
1097,1856.21,2198.51
1098,1856.31,2198.4
1099,1856.31,2198.29
1100,1856.31,2198.29
1101,1856.4,2198.17
1102,1856.4,2198.17
1103,1856.5,2198.06
1104,1856.5,2198.06
1105,1856.5,2197.95
1106,1856.59,2197.95
1107,1856.59,2197.84
1108,1856.59,2197.84
1109,1856.69,2197.73
1110,1856.69,2197.73
1111,1856.69,2197.73
1112,1856.69,2197.73
1113,1856.69,2197.73
1114,1856.69,2197.73
1115,1856.69,2197.73
1116,1856.69,2197.73
1117,1856.69,2197.73
1118,1856.69,2197.73
1119,1856.69,2197.73
1120,1856.69,2197.73
1121,1856.69,2197.73
1122,1856.69,2197.73
1123,1856.69,2197.73
1124,1856.69,2197.73
1125,1856.69,2197.73
1126,1856.69,2197.73
1127,1856.69,2197.73
1128,1856.69,2197.73
1129,1856.69,2197.73
1130,1856.69,2197.73
1131,1857.26,2196.29
1132,1857.74,2194.96
1133,1858.31,2193.52
1134,1858.78,2192.19
1135,1859.36,2190.86
1136,1859.93,2189.42
1137,1860.4,2187.97
1138,1860.97,2186.64
1139,1861.45,2185.2
1140,1862.02,2183.87
1141,1862.69,2182.43
1142,1863.36,2180.88
1143,1864.02,2179.44
1144,1864.69,2177.88
1145,1865.26,2176.44
1146,1865.93,2175.0
1147,1866.6,2173.45
1148,1867.26,2172.01
1149,1867.93,2170.46
1150,1868.6,2169.02
1151,1869.26,2167.24
1152,1869.93,2165.58
1153,1870.6,2163.8
1154,1871.26,2162.03
1155,1871.93,2160.26
1156,1872.6,2158.48
1157,1873.27,2156.82
1158,1873.93,2155.05
1159,1874.6,2153.27
1160,1875.36,2151.5
1161,1876.03,2149.83
1162,1876.7,2148.06
1163,1877.36,2146.29
1164,1878.03,2144.51
1165,1878.7,2142.85
1166,1879.36,2141.07
1167,1880.03,2139.3
1168,1880.7,2137.53
1169,1881.36,2135.86
1170,1882.03,2134.09
1171,1882.03,2134.09
1172,1882.03,2134.09
1173,1882.03,2134.09
1174,1882.03,2134.09
1175,1882.03,2134.09
1176,1882.03,2134.09
1177,1882.03,2134.09
1178,1882.03,2134.09
1179,1882.03,2134.09
1180,1882.03,2134.09
1181,1882.6,2132.98
1182,1883.08,2131.87
1183,1883.65,2130.87
1184,1884.13,2129.77
1185,1884.7,2128.66
1186,1885.18,2127.55
1187,1885.65,2126.44
1188,1886.22,2125.44
1189,1886.7,2124.33
1190,1887.27,2123.22
