30,1763.6,1668.31
31,1763.6,1668.31
32,1763.6,1668.31
33,1763.6,1668.31
34,1763.6,1668.31
35,1763.6,1668.31
36,1763.6,1668.31
37,1763.6,1668.31
38,1763.6,1668.31
39,1763.6,1668.31
40,1763.6,1668.31
41,1763.6,1668.31
42,1763.6,1668.31
43,1763.6,1668.31
44,1763.6,1668.31
45,1763.6,1668.31
46,1763.6,1668.31
47,1763.6,1668.31
48,1763.6,1668.31
49,1763.6,1668.31
50,1763.6,1668.31
51,1763.6,1668.31
52,1763.6,1668.31
53,1763.6,1668.31
54,1763.6,1668.31
55,1763.6,1668.31
56,1763.6,1668.31
57,1763.6,1668.31
58,1763.6,1668.31
59,1763.41,1668.87
60,1763.22,1669.31
61,1763.03,1669.86
62,1762.93,1670.42
63,1762.74,1670.97
64,1762.55,1671.42
65,1762.36,1671.97
66,1762.36,1671.97
67,1762.36,1671.97
68,1762.36,1671.97
69,1762.36,1671.97
70,1762.36,1671.97
71,1762.36,1671.97
72,1762.36,1671.97
73,1762.36,1671.97
74,1762.36,1671.97
75,1762.36,1671.97
76,1763.51,1669.64
77,1764.65,1667.2
78,1765.7,1664.87
79,1766.84,1662.43
80,1767.98,1660.11
81,1769.13,1657.78
82,1770.17,1655.34
83,1771.32,1653.01
84,1772.46,1650.57
85,1773.6,1648.24
86,1774.65,1645.91
87,1775.8,1643.48
88,1776.94,1641.15
89,1778.08,1638.71
90,1779.13,1636.38
91,1780.27,1634.05
92,1781.42,1631.61
93,1782.56,1629.28
94,1783.7,1626.84
95,1784.75,1624.52
96,1785.9,1622.19
97,1787.04,1619.75
98,1788.18,1617.42
99,1789.23,1614.98
100,1790.37,1612.65
101,1791.52,1610.32
102,1792.66,1607.89
103,1793.71,1605.56
104,1794.85,1603.12
105,1796.0,1600.79
106,1875.36,1464.08
107,1875.65,1458.1
108,1876.03,1452.22
109,1876.31,1446.23
110,1876.6,1440.24
111,1876.89,1434.26
112,1877.27,1428.38
113,1877.55,1422.39
114,1877.84,1416.41
115,1878.12,1410.42
116,1878.51,1404.54
117,1878.79,1398.56
118,1879.08,1392.57
119,1879.36,1386.58
120,1879.74,1380.71
121,1880.03,1374.72
122,1880.32,1368.73
123,1880.6,1362.74
124,1880.98,1356.87
125,1881.27,1350.88
126,1881.55,1344.89
127,1881.94,1339.02
128,1882.22,1333.03
129,1882.51,1327.04
130,1882.79,1321.06
131,1883.17,1315.18
132,1883.46,1309.19
133,1883.75,1303.21
134,1884.03,1297.22
135,1884.41,1291.34
136,1884.7,1285.35
137,1884.98,1279.37
138,1885.27,1273.38
139,1885.65,1267.5
140,1885.94,1261.52
141,1886.22,1255.53
142,1886.51,1249.54
143,1886.89,1243.67
144,1887.18,1237.68
145,1887.46,1231.69
146,1887.84,1225.82
147,1888.13,1219.83
148,1888.41,1213.84
149,1888.7,1207.85
150,1889.08,1201.98
151,1889.37,1195.99
152,1889.65,1190.0
153,1889.94,1184.02
154,1890.32,1178.14
155,1890.61,1172.15
156,1890.89,1166.17
157,1891.18,1160.18
158,1891.56,1154.3
159,1891.84,1148.32
160,1892.13,1142.33
161,1892.51,1136.45
162,1892.8,1130.46
163,1893.08,1124.48
164,1893.37,1118.49
165,1893.75,1112.61
166,1894.04,1106.63
167,1894.32,1100.64
168,1894.61,1094.65
169,1894.99,1088.78
170,1895.27,1082.79
171,1895.56,1076.8
172,1895.85,1070.81
173,1896.23,1064.94
174,1896.51,1058.95
175,1896.8,1052.96
176,1897.09,1046.98
177,1897.47,1041.1
178,1897.75,1035.11
179,1898.04,1029.13
180,1898.42,1023.25
181,1898.7,1017.26
182,1898.99,1011.28
183,1899.28,1005.29
184,1899.66,999.41
185,1899.94,993.43
186,1900.23,987.44
187,1900.52,981.45
188,1900.9,975.57
189,1901.18,969.59
190,1901.47,963.6
191,1901.75,957.61
192,1902.14,951.74
193,1902.42,945.75
194,1902.71,939.76
195,1902.99,933.78
196,1903.37,927.9
197,1903.66,921.91
198,1900.9,921.02
199,1898.13,920.25
200,1895.37,919.36
201,1892.51,918.47
202,1889.75,917.59
203,1886.99,916.81
204,1884.22,915.92
205,1881.46,915.04
206,1878.7,914.26
207,1875.93,913.37
208,1873.08,912.49
209,1870.31,911.6
210,1867.55,910.82
211,1864.79,909.94
212,1862.02,909.05
213,1859.26,908.27
214,1856.5,907.39
215,1853.64,906.5
216,1850.88,905.61
217,1848.11,904.84
218,1845.35,903.95
219,1845.35,903.95
220,1845.35,903.95
221,1845.35,903.95
222,1845.35,903.95
223,1845.35,903.95
224,1845.35,903.95
225,1845.35,903.95
226,1845.35,903.95
227,1845.35,903.95
228,1845.92,903.95
229,1846.49,904.06
230,1847.06,904.06
231,1847.64,904.06
232,1848.21,904.17
233,1848.87,904.17
234,1849.45,904.28
235,1850.02,904.28
236,1850.59,904.28
237,1851.16,904.39
238,1851.73,904.39
239,1845.92,903.62
240,1840.2,902.84
241,1834.39,902.07
242,1828.58,901.29
243,1822.77,900.62
244,1817.05,899.85
245,1811.24,899.07
246,1805.43,898.3
247,1799.71,897.52
248,1793.9,896.74
249,1787.32,894.42
250,1780.66,892.2
251,1774.08,889.87
252,1767.51,887.65
253,1760.84,885.32
254,1754.26,883.0
255,1747.69,880.78
256,1741.11,878.45
257,1734.45,876.23
258,1727.87,873.9
259,1724.63,872.79
260,1721.39,871.69
261,1718.15,870.58
262,1715.01,869.47
263,1711.77,868.36
264,1708.53,867.25
265,1705.29,866.14
266,1702.05,865.03
267,1698.81,863.93
268,1695.67,862.82
269,1692.43,861.82
270,1689.19,860.71
271,1685.95,859.6
272,1682.71,858.49
273,1679.47,857.38
274,1676.23,856.27
275,1673.09,855.17
276,1669.85,854.06
277,1666.61,852.95
278,1663.37,851.84
279,1659.65,852.39
280,1655.94,852.84
281,1652.22,853.39
282,1648.5,853.84
283,1644.79,854.39
284,1641.07,854.94
285,1637.26,855.39
286,1633.55,855.94
287,1629.83,856.5
288,1626.11,856.94
289,1622.4,857.49
290,1618.68,857.94
291,1614.97,858.49
292,1614.11,858.38
293,1613.16,858.16
294,1612.3,858.05
295,1611.44,857.83
296,1610.58,857.72
297,1609.63,857.49
298,1608.77,857.38
299,1608.77,857.38
300,1608.77,857.38
301,1608.77,857.38
302,1608.77,857.38
303,1608.77,857.38
304,1608.77,857.38
305,1608.77,857.38
306,1608.77,857.38
307,1608.77,857.38
308,1608.77,857.38
309,1608.77,857.38
310,1608.77,857.38
311,1608.77,857.38
312,1608.77,857.38
313,1608.77,857.38
314,1608.77,857.38
315,1608.77,857.38
316,1608.77,857.38
317,1608.77,857.38
318,1608.77,857.38
319,1608.39,857.61
320,1608.01,857.83
321,1607.63,858.05
322,1607.25,858.16
323,1606.87,858.38
324,1606.49,858.6
325,1606.11,858.82
326,1605.72,859.05
327,1605.34,859.27
328,1604.96,859.38
329,1604.58,859.6
330,1604.2,859.82
331,1603.82,860.04
332,1603.44,860.27
333,1603.06,860.49
334,1602.68,860.71
335,1602.29,860.82
336,1601.91,861.04
337,1601.53,861.26
338,1601.15,861.49
339,1597.82,860.04
340,1594.39,858.71
341,1591.05,857.38
342,1587.62,855.94
343,1584.29,854.5
344,1580.86,853.17
345,1577.52,851.73
346,1574.09,850.4
347,1570.76,849.07
348,1567.33,847.63
349,1565.04,846.74
350,1562.66,845.85
351,1560.37,844.97
352,1557.99,844.08
353,1555.7,843.19
354,1553.32,842.3
355,1550.94,841.42
356,1548.65,840.53
357,1546.27,839.64
358,1543.98,838.76
359,1542.27,837.76
360,1540.55,836.76
361,1538.84,835.65
362,1537.12,834.65
363,1535.41,833.66
364,1533.69,832.66
365,1531.98,831.66
366,1530.26,830.55
367,1528.55,829.55
368,1526.83,828.56
369,1526.83,828.45
370,1526.83,828.33
371,1526.83,828.33
372,1526.83,828.22
373,1526.83,828.11
374,1526.83,828.0
375,1526.83,827.89
376,1526.83,827.89
377,1526.83,827.78
378,1526.83,827.67
379,1526.83,827.56
380,1526.83,827.45
381,1526.83,827.45
382,1526.83,827.34
383,1526.83,827.23
384,1526.83,827.12
385,1526.83,827.0
386,1526.83,826.89
387,1526.83,826.89
388,1526.83,826.78
389,1526.83,826.67
390,1526.83,826.56
391,1526.83,826.45
392,1526.83,826.45
393,1526.83,826.34
394,1526.83,826.23
395,1526.83,826.12
396,1526.83,826.01
397,1526.83,826.01
398,1526.83,825.9
399,1526.83,825.78
400,1526.83,825.78
401,1526.83,825.78
402,1526.83,825.78
403,1526.83,825.78
404,1526.83,825.78
405,1526.83,825.78
406,1526.83,825.78
407,1526.83,825.78
408,1526.83,825.78
409,1526.83,825.78
410,1525.4,826.34
411,1523.88,827.0
412,1522.45,827.56
413,1521.02,828.22
414,1519.5,828.78
415,1518.07,829.44
416,1516.64,830.0
417,1515.11,830.66
418,1513.69,831.22
419,1513.4,830.0
420,1513.02,828.89
421,1512.73,827.67
422,1511.4,832.44
423,1512.54,833.43
424,1510.35,836.32
425,1508.25,839.87
426,1506.25,843.52
427,1504.25,847.07
428,1502.16,850.73
429,1500.06,854.39
430,1498.06,857.94
431,1495.96,861.6
432,1493.96,865.14
433,1491.87,868.69
434,1489.87,872.35
435,1489.29,873.46
436,1488.82,874.68
437,1488.25,875.79
438,1487.77,877.01
439,1487.2,878.12
440,1486.63,879.34
441,1486.15,880.45
442,1485.58,881.66
443,1485.1,882.77
444,1484.53,883.99
445,1483.96,885.1
446,1483.48,886.32
447,1482.91,887.43
448,1482.43,888.65
449,1481.86,889.76
450,1481.29,890.98
451,1480.81,892.2
452,1480.24,893.31
453,1479.77,894.53
454,1479.19,895.63
455,1478.34,897.52
456,1477.48,899.4
457,1476.62,901.29
458,1475.76,903.17
459,1474.91,904.95
460,1474.05,906.83
461,1473.19,908.72
462,1472.33,910.6
463,1471.48,912.49
464,1470.62,914.37
465,1470.62,914.37
466,1470.62,914.37
467,1470.62,914.37
468,1470.62,914.37
469,1470.62,914.37
470,1470.62,914.37
471,1470.62,914.37
472,1470.62,914.37
473,1470.62,914.37
474,1470.62,914.37
475,1470.62,914.37
476,1470.62,914.37
477,1470.62,914.37
478,1470.62,914.37
479,1470.62,914.37
480,1470.62,914.37
481,1470.62,914.37
482,1470.62,914.37
483,1470.62,914.37
484,1470.62,914.37
485,1470.62,914.37
486,1470.62,914.37
487,1470.62,914.37
488,1470.62,914.37
489,1470.62,914.37
490,1470.62,914.37
491,1470.62,914.37
492,1470.62,914.37
493,1470.62,914.37
494,1470.62,914.37
495,1470.52,914.48
496,1470.43,914.59
497,1470.33,914.71
498,1470.24,914.82
499,1470.14,914.93
500,1470.14,915.04
501,1470.05,915.15
502,1469.95,915.26
503,1469.86,915.37
504,1469.76,915.48
505,1469.67,915.59
506,1469.57,915.7
507,1469.48,915.81
508,1469.38,915.92
509,1469.38,916.04
510,1469.29,916.15
511,1469.19,916.26
512,1469.1,916.37
513,1469.0,916.48
514,1468.9,916.59
515,1466.9,920.25
516,1465.0,923.8
517,1463.0,927.46
518,1461.0,931.0
519,1459.09,934.55
520,1457.09,938.21
521,1455.09,941.87
522,1453.09,945.42
523,1451.18,949.08
524,1449.18,952.62
525,1449.18,952.62
526,1449.18,952.62
527,1449.18,952.62
528,1449.18,952.62
529,1449.18,952.62
530,1449.18,952.62
531,1449.18,952.62
532,1449.18,952.62
533,1449.18,952.62
534,1449.18,952.62
535,1449.18,952.62
536,1449.18,952.62
537,1449.18,952.62
538,1449.18,952.62
539,1449.18,952.62
540,1449.18,952.62
541,1449.18,952.62
542,1449.18,952.62
543,1449.18,952.62
544,1449.18,952.62
545,1449.18,952.62
546,1449.18,952.62
547,1449.18,952.62
548,1449.18,952.62
549,1449.18,952.62
550,1449.18,952.62
551,1449.18,952.62
552,1449.18,952.62
553,1449.18,952.62
554,1449.18,952.62
555,1449.18,952.62
556,1449.18,952.62
557,1449.18,952.62
558,1449.18,952.62
559,1449.18,952.62
560,1449.18,952.62
561,1449.18,952.62
562,1449.18,952.62
563,1449.18,952.62
564,1449.18,952.62
565,1449.18,952.62
566,1449.18,952.62
567,1449.18,952.62
568,1449.18,952.62
569,1449.18,952.62
570,1449.18,952.62
571,1449.18,952.62
572,1449.18,952.62
573,1449.18,952.62
574,1449.18,952.62
575,1448.8,953.18
576,1448.42,953.73
577,1448.13,954.29
578,1447.75,954.84
579,1447.37,955.4
580,1446.99,955.95
581,1446.61,956.5
582,1446.32,957.06
583,1445.94,957.61
584,1445.56,958.17
585,1445.56,958.17
586,1445.56,958.17
587,1445.56,958.17
588,1445.56,958.17
589,1445.56,958.17
590,1445.56,958.17
591,1445.56,958.17
592,1445.56,958.17
593,1445.56,958.17
594,1445.56,958.17
595,1445.56,958.17
596,1445.56,958.17
597,1445.56,958.17
598,1445.56,958.17
599,1445.56,958.17
600,1445.56,958.17
601,1445.56,958.17
602,1445.56,958.17
603,1445.56,958.17
604,1445.56,958.17
605,1445.56,958.17
606,1445.56,958.17
607,1445.56,958.17
608,1445.56,958.17
609,1445.56,958.17
610,1445.56,958.17
611,1445.56,958.17
612,1445.56,958.17
613,1445.56,958.17
614,1445.56,958.17
615,1445.56,958.17
616,1445.56,958.17
617,1445.56,958.17
618,1445.56,958.17
619,1445.56,958.17
620,1445.56,958.17
621,1445.56,958.17
622,1445.56,958.17
623,1445.56,958.17
624,1445.56,958.17
625,1445.56,958.17
626,1445.56,958.17
627,1445.56,958.17
628,1445.56,958.17
629,1445.56,958.17
630,1445.56,958.17
631,1445.56,958.17
632,1445.56,958.17
633,1445.56,958.17
634,1445.56,958.17
635,1445.56,958.17
636,1445.28,958.61
637,1444.99,959.05
638,1444.7,959.5
639,1444.42,959.94
640,1444.13,960.5
641,1443.94,960.94
642,1443.66,961.38
643,1443.37,961.83
644,1443.08,962.27
645,1442.8,962.71
646,1442.8,962.71
647,1442.8,962.71
648,1442.8,962.71
649,1442.8,962.71
650,1442.8,962.71
651,1442.8,962.71
652,1442.8,962.71
653,1442.8,962.71
654,1442.8,962.71
655,1442.8,962.71
656,1442.8,962.71
657,1442.51,963.27
658,1442.23,963.82
659,1441.94,964.49
660,1441.66,965.04
661,1441.27,965.6
662,1440.99,966.15
663,1440.7,966.82
664,1440.42,967.37
665,1440.13,967.92
666,1438.03,970.36
667,1436.03,972.91
668,1433.94,975.35
669,1431.94,977.9
670,1429.84,980.34
671,1422.89,981.45
672,1415.83,982.67
673,1408.88,983.78
674,1402.02,981.12
675,1395.16,978.46
676,1388.39,975.91
677,1381.53,973.25
678,1374.67,970.59
679,1367.91,967.92
680,1361.05,965.26
681,1354.19,962.71
682,1347.33,960.05
683,1340.47,957.39
684,1333.7,954.73
685,1326.84,952.07
686,1319.98,949.52
687,1313.22,946.86
688,1306.36,944.2
689,1299.5,941.54
690,1292.64,938.88
691,1285.78,936.33
692,1279.02,933.66
693,1272.16,931.0
694,1269.2,929.45
695,1266.25,928.01
696,1263.29,926.46
697,1260.34,924.91
698,1257.39,923.35
699,1254.43,921.91
700,1251.48,920.36
701,1248.53,918.81
702,1245.57,917.37
703,1242.62,915.81
704,1242.62,915.81
705,1242.62,915.81
706,1242.62,915.81
707,1242.62,915.81
708,1242.62,915.81
709,1242.62,915.81
710,1242.62,915.81
711,1242.62,915.81
712,1242.62,915.81
713,1242.62,915.81
714,1242.62,915.81
715,1242.62,915.81
716,1242.62,915.81
717,1242.62,915.81
718,1242.62,915.81
719,1242.62,915.81
720,1242.62,915.81
721,1242.62,915.81
722,1242.62,915.81
723,1242.62,915.81
724,1238.9,914.82
725,1235.19,913.82
726,1231.47,912.82
727,1227.76,911.82
728,1224.04,910.82
729,1220.32,909.83
730,1216.61,908.83
731,1212.89,907.83
732,1209.18,906.83
733,1205.46,905.84
734,1203.17,904.84
735,1200.89,903.95
736,1198.6,902.95
737,1196.41,901.95
738,1194.12,900.96
739,1191.84,899.96
740,1189.55,899.07
741,1187.26,898.07
742,1184.98,897.08
743,1182.69,896.19
744,1180.5,895.19
745,1178.21,894.19
746,1175.92,893.2
747,1173.64,892.2
748,1171.35,891.31
749,1169.06,890.31
750,1166.87,889.32
751,1164.59,888.43
752,1162.3,887.43
753,1160.01,886.43
754,1160.01,886.43
755,1160.01,886.43
756,1160.01,886.43
757,1160.01,886.43
758,1160.01,886.43
759,1160.01,886.43
760,1160.01,886.43
761,1160.01,886.43
762,1160.01,886.43
763,1160.01,886.43
764,1160.01,886.43
765,1160.01,886.43
766,1160.01,886.43
767,1160.01,886.43
768,1160.01,886.43
769,1160.01,886.43
770,1160.01,886.43
771,1160.01,886.43
772,1160.01,886.43
773,1160.01,886.43
774,1158.96,885.88
775,1157.92,885.21
776,1156.87,884.66
777,1155.82,884.1
778,1154.77,883.44
779,1153.72,882.88
780,1152.68,882.33
781,1151.63,881.78
782,1150.58,881.11
783,1149.53,880.56
784,1148.01,876.45
785,1146.48,872.46
786,1144.86,868.36
787,1143.34,864.26
788,1135.53,861.49
789,1132.1,857.61
790,1128.67,853.84
791,1125.24,849.95
792,1121.9,846.07
793,1118.47,842.19
794,1115.04,838.42
795,1111.61,834.54
796,1113.33,822.46
797,1115.04,810.37
798,1116.66,798.29
799,1118.38,786.2
800,1120.09,774.12
801,1121.81,762.03
802,1123.43,749.95
803,1125.14,737.86
804,1126.86,725.78
805,1128.57,713.69
806,1130.29,701.61
807,1131.91,689.52
808,1133.62,677.44
809,1135.34,665.35
810,1137.05,653.27
811,1138.67,641.18
812,1140.39,629.1
813,1142.1,617.01
814,1140.29,612.13
815,1138.48,607.14
816,1136.67,602.26
817,1134.86,597.39
818,1133.05,592.51
819,1131.24,587.52
820,1129.43,582.64
821,1127.62,577.76
822,1125.81,572.88
823,1124.0,567.89
824,1122.19,563.01
825,1122.09,562.68
826,1122.0,562.24
827,1122.0,561.91
828,1121.9,561.46
829,1121.81,561.13
830,1121.71,560.69
831,1121.62,560.35
832,1121.62,559.91
833,1121.52,559.47
834,1121.43,559.13
835,1121.43,559.13
836,1121.43,559.13
837,1121.43,559.13
838,1121.43,559.13
839,1121.43,559.13
840,1121.43,559.13
841,1121.43,559.13
842,1121.43,559.13
843,1121.43,559.13
844,1121.43,559.13
845,1120.85,558.58
846,1120.38,558.14
847,1119.81,557.58
848,1119.23,557.03
849,1118.76,556.58
850,1118.19,556.03
851,1117.71,555.59
852,1117.14,555.03
853,1116.57,554.48
854,1116.09,554.03
855,1115.52,553.48
856,1113.8,543.06
857,1112.18,532.75
858,1110.47,522.32
859,1108.75,512.01
860,1107.13,501.59
861,1105.42,491.17
862,1103.7,480.86
863,1102.08,470.44
864,1100.37,460.01
865,1098.65,449.7
866,1097.03,439.28
867,1095.32,428.97
868,1093.6,418.55
869,1091.98,408.12
870,1090.27,397.81
871,1088.55,387.39
872,1086.93,377.08
873,1085.22,366.66
874,1083.89,356.46
875,1082.55,346.37
876,1081.22,336.17
877,1079.88,325.97
878,1078.55,315.77
879,1077.12,305.68
880,1075.79,295.48
881,1074.45,285.28
882,1073.12,275.08
883,1071.79,264.99
884,1070.45,254.79
885,1067.12,241.48
886,1063.69,228.18
887,1060.35,214.87
888,1057.02,201.57
889,1053.59,188.15
890,1050.25,174.85
891,1046.92,161.54
892,1043.49,148.24
893,1040.15,134.93
894,1038.82,129.61
895,1037.39,124.29
896,1036.06,118.86
897,1034.63,113.53
898,1033.29,108.21
899,1031.86,102.89
900,1030.53,97.57
901,1029.1,92.14
902,1027.77,86.81
903,1026.34,81.49
904,1025.0,76.17
905,1023.57,70.85
906,1022.24,65.42
907,1020.81,60.09
908,1019.48,54.77
909,1018.05,49.45
910,1016.71,44.13
911,1015.29,38.69
912,1013.95,33.37
913,1012.52,28.05
914,1011.19,22.73
915,1009.76,17.41
916,1008.43,11.97
917,1007.0,6.65
918,1005.66,1.33
