32,655.51,2141.74
33,657.99,2126.88
34,660.47,2112.03
35,663.04,2097.17
36,665.52,2082.31
37,668.0,2067.57
38,670.47,2052.71
39,672.95,2037.85
40,675.52,2022.99
41,678.0,2008.14
42,680.48,1993.28
43,681.72,1985.3
44,682.95,1977.2
45,684.19,1969.22
46,685.43,1961.24
47,686.67,1953.26
48,687.91,1945.16
49,689.15,1937.18
50,690.39,1929.2
51,691.62,1921.1
52,692.86,1913.12
53,694.1,1900.81
54,695.44,1888.39
55,696.67,1876.09
56,698.01,1863.78
57,699.25,1851.36
58,700.58,1839.06
59,701.91,1826.75
60,703.15,1814.44
61,704.49,1802.02
62,705.73,1789.72
63,706.39,1772.98
64,706.96,1756.23
65,707.63,1739.38
66,708.2,1722.64
67,708.87,1705.9
68,709.54,1689.16
69,710.11,1672.41
70,710.78,1655.56
71,711.35,1638.82
72,712.01,1622.08
73,714.49,1609.55
74,716.97,1597.02
75,719.45,1584.6
76,721.92,1572.07
77,724.4,1559.54
78,726.88,1547.02
79,729.26,1534.6
80,731.74,1522.07
81,734.21,1509.54
82,736.69,1497.01
83,739.17,1484.59
84,741.65,1472.07
85,744.12,1459.54
86,746.6,1447.01
87,749.08,1434.48
88,751.55,1422.06
89,754.03,1409.53
90,756.51,1397.0
91,758.99,1384.48
92,761.37,1372.06
93,763.85,1359.53
94,766.32,1347.0
95,768.8,1334.47
96,771.28,1322.05
97,773.75,1309.52
98,776.23,1297.0
99,798.91,1265.62
100,821.68,1234.24
101,844.36,1202.98
102,867.03,1171.6
103,878.94,1167.16
104,890.85,1162.73
105,902.76,1158.29
106,914.67,1153.86
107,926.58,1149.42
108,938.49,1144.99
109,950.4,1140.55
110,956.88,1142.99
111,963.36,1145.54
112,969.84,1147.98
113,976.32,1150.53
114,982.8,1152.97
115,989.27,1155.52
116,994.04,1157.63
117,998.8,1159.74
118,1003.57,1161.84
119,1008.33,1163.95
120,1013.09,1166.05
121,1017.86,1168.16
122,1022.53,1170.38
123,1027.29,1172.49
124,1032.05,1174.59
125,1036.82,1176.7
126,1041.58,1178.81
127,1046.35,1180.91
128,1051.11,1183.02
129,1063.21,1188.78
130,1075.31,1194.44
131,1087.41,1200.2
132,1099.42,1205.97
133,1111.52,1211.73
134,1123.62,1217.39
135,1135.72,1223.15
136,1140.86,1225.7
137,1146.01,1228.14
138,1151.15,1230.69
139,1156.2,1233.24
140,1161.35,1235.68
141,1166.49,1238.23
142,1171.64,1240.78
143,1176.78,1243.22
144,1181.93,1245.77
145,1186.98,1248.32
146,1192.12,1250.76
147,1197.27,1253.31
148,1202.41,1255.75
149,1207.56,1258.3
150,1212.7,1260.85
151,1217.85,1263.29
152,1222.9,1265.84
153,1228.04,1268.39
154,1233.19,1270.83
155,1238.33,1273.38
156,1246.24,1277.59
157,1254.05,1281.92
158,1261.96,1286.13
159,1269.77,1290.34
160,1277.68,1294.67
161,1285.59,1298.88
162,1293.4,1303.09
163,1301.31,1307.31
164,1309.12,1311.63
165,1317.03,1315.84
166,1327.99,1321.28
167,1338.95,1326.82
168,1350.0,1332.25
169,1360.95,1337.8
170,1371.91,1343.23
171,1382.87,1348.66
172,1393.83,1354.21
173,1404.88,1359.64
174,1415.83,1365.18
175,1426.79,1370.62
176,1440.61,1378.04
177,1454.33,1385.47
178,1468.14,1392.9
179,1481.86,1400.33
180,1495.58,1407.87
181,1509.4,1415.3
182,1523.12,1422.73
183,1536.93,1430.16
184,1550.65,1437.58
185,1564.47,1445.01
186,1575.52,1453.44
187,1586.57,1461.98
188,1597.72,1470.4
189,1608.77,1478.94
190,1619.83,1487.37
191,1630.88,1495.79
192,1641.93,1504.33
193,1653.08,1512.76
194,1664.13,1521.29
195,1675.18,1529.72
196,1684.33,1535.71
197,1693.48,1541.58
198,1702.53,1547.57
199,1711.67,1553.45
200,1720.82,1559.43
201,1729.97,1565.31
202,1739.11,1571.3
203,1748.17,1577.17
204,1757.31,1583.16
205,1766.46,1589.04
206,1775.61,1595.02
207,1784.75,1600.9
208,1793.8,1606.89
209,1802.95,1612.76
210,1812.1,1618.75
211,1821.24,1624.63
212,1830.39,1630.61
213,1839.44,1636.49
214,1848.59,1642.48
215,1857.74,1648.35
