34,1066.45,131.61
35,1069.88,145.69
36,1073.31,159.66
37,1076.74,173.74
38,1080.17,187.71
39,1083.6,201.79
40,1086.93,215.87
41,1090.36,229.84
42,1093.79,243.92
43,1097.22,257.89
44,1100.65,271.97
45,1103.99,285.72
46,1107.32,299.36
47,1110.56,313.11
48,1113.9,326.74
49,1117.23,340.49
50,1120.57,354.13
51,1123.81,367.88
52,1127.14,381.52
53,1130.48,395.26
54,1134.29,411.23
55,1138.19,427.19
56,1142.01,443.16
57,1145.82,459.13
58,1149.72,474.98
59,1153.53,490.95
60,1157.34,506.91
61,1161.25,522.88
62,1165.06,538.84
63,1166.97,554.81
64,1168.78,570.78
65,1170.68,586.74
66,1172.59,602.71
67,1174.4,618.56
68,1176.31,634.53
69,1178.21,650.49
70,1180.02,666.46
71,1181.93,682.43
72,1182.21,695.51
73,1178.69,702.38
74,1175.16,709.15
75,1171.64,716.02
76,1168.11,722.78
77,1164.59,729.66
78,1161.06,736.53
79,1157.54,743.29
80,1154.01,750.17
81,1150.48,757.04
82,1146.96,763.81
83,1143.34,770.68
84,1139.81,777.44
85,1136.29,784.32
86,1132.76,791.19
87,1129.24,797.96
88,1125.71,804.83
89,1122.19,811.59
90,1118.66,818.47
91,1115.14,825.34
92,1111.61,832.1
93,1108.09,838.98
94,1104.56,845.85
95,1101.04,852.62
96,1097.51,859.49
97,1093.98,866.25
98,1090.46,873.13
99,1086.93,880.0
100,1083.41,886.76
101,1079.88,893.64
102,1076.26,900.51
103,1072.74,907.28
104,1069.21,914.15
105,1065.69,920.91
106,1062.16,927.79
107,1058.64,934.66
108,1055.11,941.43
109,1051.59,948.3
110,1048.06,955.06
111,1044.54,961.94
112,1041.01,968.81
113,1037.48,975.57
114,1033.96,982.45
115,1030.43,989.32
116,1026.91,996.09
117,1023.38,1002.96
118,1019.86,1009.72
119,1016.33,1016.6
120,1012.81,1023.47
121,1009.28,1030.24
122,1005.76,1037.11
123,1002.14,1043.87
124,998.61,1050.75
125,995.09,1057.62
126,991.56,1064.38
127,988.04,1071.26
128,984.51,1078.13
129,980.98,1084.9
130,977.46,1091.77
131,973.93,1098.53
132,970.41,1105.41
133,757.75,1102.3
134,728.12,1100.86
135,698.48,1099.42
136,668.76,1098.09
137,639.13,1096.65
138,609.49,1095.21
139,596.06,1095.65
140,582.63,1095.98
141,569.19,1096.43
142,555.76,1096.76
143,542.32,1097.2
144,528.89,1097.65
145,515.46,1097.98
146,502.02,1098.42
147,488.59,1098.75
148,475.15,1099.2
149,461.72,1099.64
150,448.28,1099.97
151,434.85,1100.42
152,421.42,1100.75
153,407.98,1101.19
154,394.55,1101.64
155,381.11,1101.97
156,367.68,1102.41
157,354.24,1102.75
158,340.81,1103.19
159,333.09,1103.08
160,325.38,1102.86
161,317.75,1102.75
162,310.04,1102.64
163,302.32,1102.41
164,294.6,1102.3
165,286.98,1102.19
166,279.26,1102.08
167,271.54,1101.86
168,263.83,1101.75
169,256.2,1101.64
170,248.49,1101.42
171,240.77,1101.3
172,220.38,1100.97
173,200.08,1100.75
174,179.69,1100.42
175,159.4,1100.2
176,139.01,1099.86
177,118.72,1099.64
178,98.33,1099.31
179,98.23,1099.97
180,98.23,1100.75
181,98.14,1101.42
182,98.14,1102.19
183,98.04,1102.86
184,97.95,1103.52
185,97.95,1104.3
186,97.85,1104.96
187,97.85,1105.63
188,97.76,1106.41
189,97.76,1107.07
190,97.66,1107.85
191,97.56,1108.51
192,97.56,1109.18
193,97.47,1109.95
194,97.47,1110.62
195,97.37,1111.28
196,97.28,1112.06
197,97.28,1112.72
198,97.18,1113.5
199,97.18,1114.17
200,97.09,1114.83
201,97.09,1115.61
202,96.99,1116.27
203,96.9,1116.94
204,96.9,1117.71
205,96.8,1118.38
206,96.8,1119.16
207,96.71,1119.82
208,96.61,1120.49
209,96.61,1121.26
210,96.52,1121.93
211,96.52,1122.59
212,96.42,1123.37
213,96.33,1124.03
214,96.33,1124.81
215,96.23,1125.48
216,96.23,1126.14
217,96.14,1126.92
218,96.14,1127.58
219,96.04,1128.25
220,95.95,1129.02
221,95.95,1129.69
222,95.85,1130.46
223,95.85,1131.13
224,95.75,1131.8
225,95.66,1132.57
226,95.66,1133.24
227,95.56,1133.9
228,95.56,1134.68
229,95.47,1135.34
230,95.47,1136.12
231,95.37,1136.78
232,95.28,1137.45
233,95.28,1138.23
234,95.18,1138.89
235,95.18,1139.56
236,95.09,1140.33
237,94.99,1141.0
238,94.99,1141.77
239,94.9,1142.44
240,94.9,1143.1
241,94.8,1143.88
242,94.71,1144.55
243,94.71,1145.21
244,94.61,1145.99
245,94.61,1146.65
246,94.52,1147.43
247,94.52,1148.09
248,94.42,1148.76
249,94.33,1149.53
250,94.33,1150.2
251,94.23,1150.87
252,94.23,1151.64
253,94.13,1152.31
254,94.04,1153.08
255,94.04,1153.75
256,93.94,1154.41
257,93.94,1155.19
258,93.85,1155.85
259,93.85,1156.52
260,93.75,1157.3
261,93.66,1157.96
262,93.66,1158.74
263,93.56,1159.4
264,93.56,1160.07
265,93.47,1160.84
266,93.37,1161.51
267,93.37,1162.17
268,93.28,1162.95
269,93.28,1163.62
270,93.18,1164.39
271,93.09,1165.06
272,93.09,1165.72
273,92.99,1166.5
274,92.99,1167.16
275,92.9,1167.83
276,92.9,1168.6
277,92.8,1169.27
278,92.71,1170.05
279,92.71,1170.71
280,92.61,1171.38
281,92.61,1172.15
282,92.52,1172.82
283,92.42,1173.48
284,92.42,1174.26
285,92.32,1174.92
286,92.32,1175.7
287,92.23,1176.37
288,92.23,1177.03
289,92.13,1177.81
290,92.04,1178.47
291,92.04,1179.14
292,91.94,1179.91
293,91.94,1180.58
294,91.85,1181.36
295,91.75,1182.02
296,91.75,1182.69
297,91.66,1183.46
298,91.66,1184.13
299,91.56,1184.79
300,91.47,1185.57
301,91.47,1186.23
302,91.37,1187.01
303,91.37,1187.68
304,91.28,1188.34
305,91.28,1189.12
306,91.18,1189.78
307,91.09,1190.45
308,91.09,1191.22
309,90.99,1191.89
310,90.99,1192.66
311,90.9,1193.33
312,90.8,1193.99
313,90.8,1194.77
314,90.7,1195.44
315,90.7,1196.1
316,90.61,1196.88
317,90.51,1197.54
318,90.51,1198.32
319,90.42,1198.98
320,90.42,1199.65
321,90.32,1200.43
322,90.32,1201.09
323,90.23,1201.76
324,90.13,1202.53
325,90.13,1203.2
326,90.04,1203.97
327,90.04,1204.64
328,89.94,1205.3
329,89.85,1206.08
330,89.85,1206.75
331,89.75,1207.41
332,89.75,1208.19
333,89.66,1208.85
334,89.66,1209.63
335,89.56,1210.29
336,89.47,1210.96
337,89.47,1211.73
338,89.37,1212.4
339,89.37,1213.07
340,89.28,1213.84
341,89.18,1214.51
342,89.18,1215.28
343,89.09,1215.95
344,89.09,1216.61
345,88.99,1217.39
346,88.89,1218.05
347,88.89,1218.72
348,88.8,1219.5
349,88.8,1220.16
350,88.7,1220.94
351,88.7,1221.6
352,88.61,1222.27
353,88.51,1223.04
354,88.51,1223.71
355,88.42,1224.37
356,88.42,1225.15
357,88.32,1225.82
358,88.23,1226.59
359,88.23,1227.26
360,88.13,1227.92
361,88.13,1228.7
362,88.04,1229.36
363,88.04,1230.03
364,87.94,1230.8
365,87.85,1231.47
366,87.85,1232.25
367,87.75,1232.91
368,87.75,1233.58
369,87.66,1234.35
370,87.56,1235.02
371,87.56,1235.68
372,87.47,1236.46
373,87.47,1237.12
374,87.37,1237.9
375,87.27,1238.57
376,87.27,1239.23
377,87.18,1240.01
378,87.18,1240.67
379,87.08,1241.34
380,87.08,1242.11
381,86.99,1242.78
382,86.89,1243.56
383,86.89,1244.22
384,86.8,1244.89
385,86.8,1245.66
386,86.7,1246.33
387,86.61,1246.99
388,86.61,1247.77
389,86.51,1248.43
390,86.51,1249.21
391,86.42,1249.88
392,86.42,1250.54
393,86.32,1251.32
394,86.23,1251.98
395,86.23,1252.65
396,86.13,1253.42
397,86.13,1254.09
398,86.04,1254.86
399,85.94,1255.53
400,85.94,1256.19
401,85.85,1256.97
402,85.85,1257.64
403,85.75,1258.3
404,85.66,1259.08
405,85.66,1259.74
406,85.56,1260.52
407,85.56,1261.18
408,85.46,1261.85
409,85.46,1262.63
410,85.37,1263.29
411,85.27,1263.96
412,85.27,1264.73
413,85.18,1265.4
414,85.18,1266.17
415,85.08,1266.84
416,84.99,1267.5
417,84.99,1268.28
418,84.89,1268.95
419,84.89,1269.61
420,84.8,1270.39
421,84.8,1271.05
422,84.7,1271.83
423,84.61,1272.49
424,84.61,1273.16
425,84.51,1273.93
426,84.51,1274.6
427,84.42,1275.27
428,84.32,1276.04
429,84.32,1276.71
430,84.23,1277.48
431,84.23,1278.15
432,84.13,1278.81
433,84.04,1279.59
434,84.04,1280.25
435,83.94,1281.03
436,83.94,1281.7
437,83.84,1282.36
438,83.84,1283.14
439,83.75,1283.8
440,83.65,1284.47
441,83.65,1285.24
442,83.56,1285.91
443,83.56,1286.69
444,83.46,1287.35
445,83.37,1288.02
446,83.37,1288.79
447,83.27,1289.46
448,83.27,1290.12
449,83.18,1290.9
450,83.18,1291.56
451,83.08,1292.34
452,82.99,1293.0
453,82.99,1293.67
454,82.89,1294.45
455,82.89,1295.11
456,82.8,1295.78
457,82.7,1296.55
458,82.7,1297.22
459,82.61,1297.99
460,82.61,1298.66
461,82.51,1299.32
462,82.42,1300.1
463,82.42,1300.77
464,82.32,1301.43
465,82.32,1302.21
466,82.23,1302.87
467,82.23,1303.65
468,82.13,1304.31
469,82.03,1304.98
470,82.03,1305.76
471,81.94,1306.42
472,81.94,1307.09
473,81.84,1307.86
474,81.75,1308.53
475,81.75,1309.3
476,81.65,1309.97
477,81.65,1310.63
478,81.56,1311.41
479,81.56,1312.08
480,81.46,1312.74
481,81.37,1313.52
482,81.37,1314.18
483,81.27,1314.96
484,81.27,1315.62
485,81.18,1316.29
486,81.08,1317.06
487,81.08,1317.73
488,80.99,1318.39
489,80.99,1319.17
490,80.89,1319.84
491,80.8,1320.61
492,80.8,1321.28
493,80.7,1321.94
494,80.7,1322.72
495,80.61,1323.38
496,80.61,1324.05
497,80.51,1324.83
498,80.41,1325.49
499,80.41,1326.27
500,80.32,1326.93
501,80.32,1327.6
502,80.22,1328.37
503,80.13,1329.04
504,80.13,1329.7
505,80.03,1330.48
506,80.03,1331.15
507,79.94,1331.92
508,79.94,1332.59
509,79.84,1333.25
510,79.75,1334.03
511,79.75,1334.69
512,79.65,1335.36
513,79.65,1336.13
514,79.56,1336.8
515,79.46,1337.58
516,79.46,1338.24
517,79.37,1338.91
518,79.37,1339.68
519,79.27,1340.35
520,79.18,1341.01
521,79.18,1341.79
522,79.08,1342.45
523,79.08,1343.23
524,78.99,1343.9
525,78.99,1344.56
526,78.89,1345.34
527,78.8,1346.0
528,78.8,1346.67
529,78.7,1347.44
530,78.7,1348.11
531,78.6,1348.89
532,78.51,1349.55
533,78.51,1350.22
534,78.41,1350.99
535,78.41,1351.66
536,78.32,1352.32
537,78.32,1353.1
538,78.22,1353.76
539,78.13,1354.54
540,78.13,1355.2
541,78.03,1355.87
542,78.03,1356.65
543,77.94,1357.31
544,77.84,1357.98
545,77.84,1358.75
546,77.75,1359.42
547,77.75,1360.19
548,77.65,1360.86
549,77.56,1361.52
550,77.56,1362.3
551,77.46,1362.97
552,77.46,1363.63
553,77.37,1364.41
554,77.37,1365.07
555,77.27,1365.85
556,77.18,1366.51
557,77.18,1367.18
558,77.08,1367.96
559,77.08,1368.62
560,76.98,1369.29
561,76.89,1370.06
562,76.89,1370.73
563,76.79,1371.5
564,76.79,1372.17
565,76.7,1372.83
566,76.6,1373.61
567,76.6,1374.27
568,76.51,1374.94
569,76.51,1375.72
570,76.41,1376.38
571,76.41,1377.16
572,76.32,1377.82
573,76.22,1378.49
574,76.22,1379.26
575,76.13,1379.93
576,76.13,1380.59
577,76.03,1381.37
578,75.94,1382.04
579,75.94,1382.81
580,75.84,1383.48
581,75.84,1384.14
582,75.75,1384.92
583,75.75,1385.58
584,75.65,1386.25
585,75.56,1387.03
586,75.56,1387.69
587,75.46,1388.47
588,75.46,1389.13
589,75.37,1389.8
590,75.27,1390.57
591,75.27,1391.24
592,75.17,1391.9
593,75.17,1392.68
594,75.08,1393.35
595,74.98,1394.12
596,74.98,1394.79
597,74.89,1395.45
598,74.89,1396.23
599,74.79,1396.89
600,74.79,1397.56
601,74.7,1398.33
602,74.6,1399.0
603,74.6,1399.78
604,74.51,1400.44
605,74.51,1401.11
606,74.41,1401.88
607,74.32,1402.55
608,74.32,1403.21
609,74.22,1403.99
610,74.22,1404.65
611,74.13,1405.43
612,74.13,1406.1
613,74.03,1406.76
614,73.94,1407.54
615,73.94,1408.2
616,73.84,1408.87
617,73.84,1409.64
618,73.75,1410.31
619,73.65,1411.08
620,73.65,1411.75
621,73.55,1412.42
622,73.55,1413.19
623,73.46,1413.86
624,73.36,1414.52
625,73.36,1415.3
626,73.27,1415.96
627,73.27,1416.74
628,73.17,1417.4
629,73.17,1418.07
630,73.08,1418.85
631,72.98,1419.51
632,72.98,1420.18
633,72.89,1420.95
634,72.89,1421.62
635,72.79,1422.39
636,72.7,1423.06
637,72.7,1423.72
638,72.6,1424.5
639,72.6,1425.17
640,72.51,1425.83
641,72.51,1426.61
642,72.41,1427.27
643,72.32,1428.05
644,72.32,1428.71
645,72.22,1429.38
646,72.22,1430.16
647,72.13,1430.82
648,72.03,1431.49
649,72.03,1432.26
650,71.94,1432.93
651,71.94,1433.7
652,71.84,1434.37
653,71.74,1435.03
654,71.74,1435.81
655,71.65,1436.47
656,71.65,1437.14
657,71.55,1437.92
658,71.55,1438.58
659,71.46,1439.36
660,71.36,1440.02
661,71.36,1440.69
662,71.27,1441.46
663,71.27,1442.13
664,71.17,1442.79
665,71.08,1443.57
666,71.08,1444.24
667,70.98,1445.01
668,70.98,1445.68
669,70.89,1446.34
670,70.89,1447.12
671,70.79,1447.78
672,70.7,1448.45
673,70.7,1449.23
674,70.6,1449.89
675,70.6,1450.67
676,70.51,1451.33
677,70.41,1452.0
678,70.41,1452.77
679,70.32,1453.44
680,70.32,1454.21
681,70.22,1454.88
682,70.12,1455.55
683,70.12,1456.32
684,70.03,1456.99
685,70.03,1457.65
686,69.93,1458.43
687,69.93,1459.09
688,69.84,1459.87
689,69.74,1460.53
690,69.74,1461.2
691,69.65,1461.98
692,69.65,1462.64
693,69.55,1463.31
694,69.46,1464.08
695,69.46,1464.75
696,69.36,1465.52
697,69.36,1466.19
698,69.27,1466.85
699,69.27,1467.63
700,69.17,1468.3
701,69.08,1468.96
702,69.08,1469.74
703,68.98,1470.4
704,68.98,1471.18
705,68.89,1471.84
706,68.79,1472.51
707,68.79,1473.28
708,68.7,1473.95
709,68.7,1474.62
710,68.6,1475.39
711,68.51,1476.06
712,68.51,1476.83
713,68.41,1477.5
714,68.41,1478.16
715,68.31,1478.94
716,68.31,1479.6
717,68.22,1480.27
718,68.12,1481.05
719,68.12,1481.71
720,68.03,1482.49
721,68.03,1483.15
722,67.93,1483.82
723,67.84,1484.59
724,67.84,1485.26
725,67.74,1485.92
726,67.74,1486.7
727,67.65,1487.37
728,67.65,1488.14
729,67.55,1488.81
730,67.46,1489.47
731,67.46,1490.25
732,67.36,1490.91
733,67.36,1491.58
734,67.27,1492.36
735,67.17,1493.02
736,67.17,1493.8
737,67.08,1494.46
738,67.08,1495.13
739,66.98,1495.9
740,66.89,1496.57
741,66.89,1497.23
742,66.79,1498.01
743,66.79,1498.67
744,66.69,1499.45
745,66.69,1500.12
746,66.6,1500.78
747,66.5,1501.56
748,66.5,1502.22
749,66.41,1502.89
750,66.41,1503.66
751,66.31,1504.33
752,66.22,1505.11
753,66.22,1505.77
754,66.12,1506.44
755,66.12,1507.21
756,66.03,1507.88
757,66.03,1508.54
758,65.93,1509.32
759,65.84,1509.98
760,65.84,1510.76
761,65.74,1511.43
762,65.74,1512.09
763,65.65,1512.87
764,65.55,1513.53
765,65.55,1514.2
766,65.46,1514.97
767,65.46,1515.64
768,65.36,1516.41
769,65.27,1517.08
770,65.27,1517.75
771,65.17,1518.52
772,65.17,1519.19
773,65.08,1519.85
774,65.08,1520.63
775,64.98,1521.29
776,64.88,1522.07
777,64.88,1522.73
778,64.79,1523.4
779,64.79,1524.18
780,64.69,1524.84
781,64.6,1525.51
782,64.6,1526.28
783,64.5,1526.95
784,64.5,1527.72
785,64.41,1528.39
786,64.41,1529.05
787,64.31,1529.83
788,64.22,1530.5
789,64.22,1531.16
790,64.12,1531.94
791,64.12,1532.6
792,64.03,1533.38
793,63.93,1534.04
794,63.93,1534.71
795,63.84,1535.48
796,63.84,1536.15
797,63.74,1536.82
798,63.65,1537.59
799,63.65,1538.26
800,63.55,1539.03
801,63.55,1539.7
802,63.46,1540.36
803,63.46,1541.14
804,63.36,1541.8
805,63.26,1542.47
806,63.26,1543.25
807,63.17,1543.91
808,63.17,1544.69
809,63.07,1545.35
810,62.98,1546.02
811,62.98,1546.79
812,62.88,1547.46
813,62.88,1548.12
814,62.79,1548.9
815,62.69,1549.57
816,62.69,1550.34
817,62.6,1551.01
818,62.6,1551.67
819,62.5,1552.45
820,62.5,1553.11
821,62.41,1553.78
822,62.31,1554.56
823,62.31,1555.22
824,62.22,1556.0
825,62.22,1556.66
826,62.12,1557.33
827,62.03,1558.1
828,62.03,1558.77
829,61.93,1559.43
830,61.93,1560.21
831,61.84,1560.87
832,61.84,1561.65
833,61.74,1562.32
834,61.65,1562.98
835,61.65,1563.76
836,61.55,1564.42
837,61.55,1565.09
838,61.45,1565.86
839,61.36,1566.53
840,61.36,1567.31
841,61.26,1567.97
842,61.26,1568.64
843,61.17,1569.41
844,61.07,1570.08
845,61.07,1570.74
846,60.98,1571.52
847,60.98,1572.18
848,60.88,1572.96
849,60.88,1573.63
850,60.79,1574.29
851,60.69,1575.07
852,60.69,1575.73
853,60.6,1576.4
854,60.6,1577.17
855,60.5,1577.84
856,60.41,1578.61
857,60.41,1579.28
858,60.31,1579.95
859,60.31,1580.72
860,60.22,1581.39
861,60.22,1582.05
862,60.12,1582.83
863,60.03,1583.49
864,60.03,1584.27
865,59.93,1584.93
866,59.93,1585.6
867,59.83,1586.38
868,59.74,1587.04
869,59.74,1587.71
870,59.64,1588.48
871,59.64,1589.15
872,59.55,1589.92
873,59.45,1590.59
874,59.45,1591.25
875,59.36,1592.03
876,59.36,1592.7
877,59.26,1593.36
878,59.26,1594.14
879,59.17,1594.8
880,59.07,1595.58
881,59.07,1596.24
882,58.98,1596.91
883,58.98,1597.68
884,58.88,1598.35
885,58.79,1599.02
886,58.79,1599.79
887,58.69,1600.46
888,58.69,1601.23
889,58.6,1601.9
890,58.6,1602.56
891,58.5,1603.34
892,58.41,1604.0
893,58.41,1604.67
894,58.31,1605.45
895,58.31,1606.11
896,58.22,1606.89
897,58.12,1607.55
898,58.12,1608.22
899,58.02,1608.99
900,58.02,1609.66
901,57.93,1610.32
902,57.83,1611.1
903,57.83,1611.77
904,57.74,1612.54
905,57.74,1613.21
906,57.64,1613.87
907,57.64,1614.65
908,57.55,1615.31
909,57.45,1615.98
910,57.45,1616.75
911,57.36,1617.42
912,57.36,1618.2
913,57.26,1618.86
914,57.17,1619.53
915,57.17,1620.3
916,57.07,1620.97
917,57.07,1621.63
918,56.98,1622.41
919,56.98,1623.07
920,56.88,1623.85
921,56.79,1624.52
922,56.79,1625.18
923,56.69,1625.96
924,56.69,1626.62
925,56.6,1627.4
926,56.5,1628.06
927,56.5,1628.73
928,56.4,1629.51
929,56.4,1630.17
930,56.31,1630.84
931,56.21,1631.61
932,56.21,1632.28
933,56.12,1633.05
934,56.12,1633.72
935,56.02,1634.38
936,56.02,1635.16
937,55.93,1635.83
938,55.83,1636.49
939,55.83,1637.27
940,55.74,1637.93
941,55.74,1638.71
942,55.64,1639.37
943,55.55,1640.04
944,55.55,1640.81
945,55.45,1641.48
946,55.45,1642.14
947,55.36,1642.92
948,55.36,1643.59
949,55.26,1644.36
950,55.17,1645.03
951,55.17,1645.69
952,55.07,1646.47
953,55.07,1647.13
954,54.98,1647.8
955,54.88,1648.58
956,54.88,1649.24
957,54.78,1650.02
958,54.78,1650.68
959,54.69,1651.35
960,54.59,1652.12
961,54.59,1652.79
962,54.5,1653.45
963,54.5,1654.23
964,54.4,1654.9
965,54.4,1655.67
966,54.31,1656.34
967,54.21,1657.0
968,54.21,1657.78
969,54.12,1658.44
970,54.12,1659.11
971,54.02,1659.88
972,53.93,1660.55
973,53.93,1661.33
974,53.83,1661.99
975,53.83,1662.66
976,53.74,1663.43
977,53.74,1664.1
978,53.64,1664.76
979,53.55,1665.54
980,53.55,1666.2
981,53.45,1666.98
982,53.45,1667.65
983,53.36,1668.31
984,53.26,1669.09
985,53.26,1669.75
986,53.17,1670.42
987,53.17,1671.19
988,53.07,1671.86
989,52.97,1672.64
990,52.97,1673.3
991,52.88,1673.97
992,52.88,1674.74
993,52.78,1675.41
994,52.78,1676.07
995,52.69,1676.85
996,52.59,1677.51
997,52.59,1678.29
998,52.5,1678.95
999,52.5,1679.62
1000,52.4,1680.4
1001,52.31,1681.06
1002,52.31,1681.73
1003,52.21,1682.5
1004,52.21,1683.17
1005,52.12,1683.94
1006,52.12,1684.61
1007,52.02,1685.27
1008,51.93,1686.05
1009,51.93,1686.72
1010,51.83,1687.38
1011,51.83,1688.16
1012,51.74,1688.82
1013,51.64,1689.6
1014,51.64,1690.26
1015,51.55,1690.93
1016,51.55,1691.71
1017,51.45,1692.37
1018,51.35,1693.04
1019,51.35,1693.81
1020,51.26,1694.48
1021,51.26,1695.25
1022,51.16,1695.92
1023,51.16,1696.58
1024,51.07,1697.36
1025,50.97,1698.03
1026,50.97,1698.69
1027,50.88,1699.47
1028,50.88,1700.13
1029,50.78,1700.91
1030,50.69,1701.57
1031,50.69,1702.24
1032,50.59,1703.01
1033,50.59,1703.68
1034,50.5,1704.34
1035,50.5,1705.12
1036,50.4,1705.79
1037,50.31,1706.56
1038,50.31,1707.23
1039,50.21,1707.89
1040,50.21,1708.67
1041,50.12,1709.33
1042,50.02,1710.0
1043,50.02,1710.78
1044,49.93,1711.44
1045,49.93,1712.22
1046,49.83,1712.88
1047,49.74,1713.55
1048,49.74,1714.32
1049,49.64,1714.99
1050,49.64,1715.65
1051,49.54,1716.43
1052,49.54,1717.1
1053,49.45,1717.87
1054,49.35,1718.54
1055,49.35,1719.2
1056,49.26,1719.98
1057,49.26,1720.64
1058,49.16,1721.31
1059,49.07,1722.08
1060,49.07,1722.75
1061,48.97,1723.53
1062,48.97,1724.19
1063,48.88,1724.86
1064,48.78,1725.63
1065,48.78,1726.3
1066,48.69,1726.96
1067,48.69,1727.74
1068,48.59,1728.4
1069,48.59,1729.18
1070,48.5,1729.85
1071,48.4,1730.51
1072,48.4,1731.29
1073,48.31,1731.95
1074,48.31,1732.62
1075,48.21,1733.39
1076,48.12,1734.06
1077,48.12,1734.84
1078,48.02,1735.5
1079,48.02,1736.17
1080,47.92,1736.94
1081,47.92,1737.61
1082,47.83,1738.27
1083,47.73,1739.05
1084,47.73,1739.71
1085,47.64,1740.49
1086,47.64,1741.15
1087,47.54,1741.82
1088,47.45,1742.6
1089,47.45,1743.26
1090,47.35,1743.93
1091,47.35,1744.7
1092,47.26,1745.37
1093,47.16,1746.14
1094,47.16,1746.81
1095,47.07,1747.47
1096,47.07,1748.25
1097,46.97,1748.92
1098,46.97,1749.58
1099,46.88,1750.36
1100,46.78,1751.02
1101,46.78,1751.8
1102,46.69,1752.46
1103,46.69,1753.13
1104,46.59,1753.91
1105,46.5,1754.57
1106,46.5,1755.24
1107,46.4,1756.01
1108,46.4,1756.68
1109,46.31,1757.45
1110,46.31,1758.12
1111,46.21,1758.78
1112,46.11,1759.56
1113,46.11,1760.23
1114,46.02,1760.89
1115,46.02,1761.67
1116,45.92,1762.33
1117,45.83,1763.11
1118,45.83,1763.77
1119,45.73,1764.44
1120,45.73,1765.21
1121,45.64,1765.88
1122,45.54,1766.54
1123,45.54,1767.32
1124,45.45,1767.99
1125,45.45,1768.76
1126,45.35,1769.43
1127,45.35,1770.09
1128,45.26,1770.87
1129,45.16,1771.53
1130,45.16,1772.2
1131,45.07,1772.98
1132,45.07,1773.64
1133,44.97,1774.42
1134,44.88,1775.08
1135,44.88,1775.75
1136,44.78,1776.52
1137,44.78,1777.19
1138,44.69,1777.85
1139,44.69,1778.63
1140,44.59,1779.3
1141,44.49,1780.07
1142,44.49,1780.74
1143,44.4,1781.4
1144,44.4,1782.18
1145,44.3,1782.84
1146,44.21,1783.51
1147,44.21,1784.28
1148,44.11,1784.95
1149,44.11,1785.73
1150,44.02,1786.39
1151,43.92,1787.06
1152,43.92,1787.83
1153,43.83,1788.5
1154,43.83,1789.16
1155,43.73,1789.94
1156,43.73,1790.6
1157,43.64,1791.38
1158,43.54,1792.05
1159,43.54,1792.71
1160,43.45,1793.49
1161,43.45,1794.15
1162,43.35,1794.82
1163,43.26,1795.59
1164,43.26,1796.26
1165,43.16,1797.04
1166,43.16,1797.7
1167,43.07,1798.37
1168,43.07,1799.14
1169,42.97,1799.81
1170,42.88,1800.47
1171,42.88,1801.25
1172,42.78,1801.91
1173,42.78,1802.69
1174,42.68,1803.35
1175,46.59,1805.13
1176,50.4,1806.79
1177,54.31,1808.57
1178,58.22,1810.34
1179,62.12,1812.0
1180,65.93,1813.78
1181,69.84,1815.55
1182,73.75,1817.32
1183,77.56,1818.99
1184,81.46,1820.76
1185,87.56,1823.42
1186,93.75,1825.97
1187,99.85,1828.52
1188,105.95,1831.18
1189,112.05,1833.84
1190,118.24,1836.4
1191,124.34,1839.06
1192,130.44,1841.61
1193,136.63,1844.16
1194,142.73,1846.82
