60,534.51,7.98
61,534.51,7.98
62,534.51,7.98
63,534.51,7.98
64,534.51,7.98
65,534.51,7.98
66,534.51,7.98
67,534.51,7.98
68,534.51,7.98
69,534.51,7.98
70,534.51,7.98
71,534.51,7.98
72,534.51,7.98
73,534.51,7.98
74,534.51,7.98
75,534.51,7.98
76,534.51,7.98
77,534.51,7.98
78,534.51,7.98
79,534.51,7.98
80,534.51,7.98
81,534.51,7.98
82,534.51,7.98
83,534.51,7.98
84,534.51,7.98
85,534.51,7.98
86,534.51,7.98
87,534.51,7.98
88,534.51,7.98
89,534.51,7.98
90,534.51,7.98
91,533.56,11.42
92,532.61,14.86
93,531.56,18.29
94,530.6,21.73
95,529.65,25.17
96,528.7,28.61
97,527.75,32.04
98,526.7,35.48
99,525.75,38.92
100,524.79,42.35
101,523.55,48.78
102,522.32,55.33
103,521.08,61.76
104,519.84,68.19
105,518.5,74.62
106,517.27,81.16
107,516.03,87.59
108,514.79,94.02
109,513.55,100.56
110,512.31,106.99
111,511.26,111.54
112,510.31,116.2
113,509.36,120.74
114,508.31,125.29
115,507.26,129.83
116,506.31,134.49
117,505.26,139.04
118,504.31,143.58
119,503.36,148.24
120,502.31,152.78
121,501.16,157.77
122,500.02,162.76
123,498.88,167.75
124,497.73,172.74
125,496.69,177.62
126,495.54,182.61
127,494.4,187.6
128,493.26,192.59
129,492.11,197.58
130,490.97,202.57
131,490.3,205.56
132,489.63,208.55
133,489.06,211.55
134,488.4,214.54
135,487.73,217.53
136,487.06,220.53
137,486.4,223.52
138,485.82,226.51
139,485.16,229.51
140,484.49,232.5
141,483.82,235.49
142,483.16,238.49
143,482.58,241.48
144,481.92,244.48
145,481.25,247.47
146,480.58,250.46
147,479.92,253.46
148,479.34,256.45
149,478.68,259.44
150,478.01,262.44
151,476.68,267.87
152,475.34,273.41
153,474.01,278.85
154,472.68,284.28
155,471.34,289.82
156,470.01,295.26
157,468.67,300.69
158,467.34,306.12
159,466.01,311.66
160,464.67,317.1
161,463.91,321.09
162,463.15,325.19
163,462.39,329.29
164,461.62,333.29
165,460.86,337.39
166,460.19,341.38
167,459.43,345.37
168,458.67,349.47
169,457.91,353.46
170,457.15,357.57
171,456.38,361.56
172,455.62,365.66
173,453.62,373.75
174,451.71,381.74
175,449.81,389.83
176,447.81,397.92
177,445.9,406.02
178,443.9,414.11
179,442.0,422.09
180,439.99,430.19
181,438.95,434.96
182,437.8,439.83
183,436.76,444.6
184,435.71,449.37
185,434.66,454.25
186,433.52,459.02
187,432.47,463.78
188,431.42,468.55
189,430.28,473.43
190,429.23,478.2
191,429.23,478.2
192,429.23,478.31
193,429.32,478.31
194,429.32,478.42
195,429.32,478.42
196,429.32,478.53
197,429.42,478.53
198,429.42,478.64
199,429.42,478.64
200,429.51,478.75
201,429.51,478.75
202,429.51,478.75
203,429.51,478.86
204,429.51,478.86
205,429.61,478.97
206,429.61,478.97
207,429.61,479.08
208,429.61,479.08
209,429.7,479.19
210,429.7,479.19
211,429.7,479.19
212,429.7,479.19
213,429.7,479.19
214,429.7,479.19
215,429.7,479.19
216,429.7,479.19
217,429.7,479.19
218,429.7,479.19
219,429.7,479.19
220,429.7,479.19
221,429.7,479.19
222,429.7,479.19
223,429.7,479.19
224,429.7,479.19
225,429.7,479.19
226,429.7,479.19
227,429.7,479.19
228,429.7,479.19
229,429.7,479.19
230,429.7,479.19
231,429.7,479.19
232,429.7,479.19
233,429.7,479.19
234,429.7,479.19
235,429.7,479.19
236,429.7,479.19
237,429.7,479.19
238,429.7,479.19
239,429.7,479.19
240,429.7,479.19
241,429.7,479.19
242,429.7,479.19
243,429.7,479.19
244,429.7,479.19
245,429.7,479.19
246,429.7,479.19
247,429.7,479.19
248,429.7,479.19
249,429.7,479.19
250,429.7,479.19
251,429.7,479.19
252,429.7,479.19
253,429.61,480.19
254,429.61,481.19
255,429.51,482.19
256,429.42,483.19
257,429.32,484.07
258,429.32,485.07
259,429.23,486.07
260,429.13,487.07
261,429.04,488.06
262,429.04,489.06
263,428.94,490.06
264,428.85,491.06
265,428.85,492.06
266,428.75,492.94
267,428.66,493.94
268,428.56,494.94
269,428.56,495.94
270,428.47,496.93
271,428.47,496.93
272,428.47,496.93
273,428.47,496.93
274,428.47,496.93
275,428.47,496.93
276,428.47,496.93
277,428.47,496.93
278,428.47,496.93
279,428.47,496.93
280,428.47,496.93
281,428.47,496.93
282,428.47,496.93
283,428.47,496.93
284,428.47,496.93
285,428.47,496.93
286,428.47,496.93
287,428.47,496.93
288,428.47,496.93
289,428.47,496.93
290,428.47,496.93
291,428.47,497.05
292,428.37,497.16
293,428.37,497.27
294,428.28,497.38
295,428.28,497.6
296,428.18,497.71
297,428.09,497.82
298,428.09,497.93
299,427.99,498.04
300,427.99,498.15
301,426.75,501.15
302,425.42,504.14
303,424.18,507.13
304,422.94,510.13
305,421.61,513.12
306,420.37,516.12
307,415.32,515.56
308,410.17,515.01
309,401.5,510.68
310,392.83,506.25
311,384.16,501.92
312,375.49,497.49
313,366.82,493.05
314,358.15,488.73
315,349.48,484.29
316,340.81,479.97
317,332.14,475.54
318,323.47,471.21
319,315.94,468.0
320,308.32,464.78
321,300.79,461.57
322,293.27,458.46
323,285.74,455.25
324,278.21,452.03
325,270.59,448.82
326,263.06,445.6
327,255.54,442.38
328,248.01,439.28
329,240.39,436.06
330,232.86,432.85
331,225.33,429.63
332,217.71,426.42
333,210.18,423.2
334,202.66,419.99
335,195.13,416.88
336,187.6,413.67
337,179.98,410.45
338,172.45,407.24
339,167.4,404.91
340,162.26,402.58
341,157.21,400.25
342,152.16,397.81
343,147.01,395.49
344,141.96,393.16
345,136.91,390.83
346,131.87,388.5
347,126.72,386.17
348,121.67,383.73
349,116.62,381.4
350,111.48,379.08
351,106.43,376.75
352,98.99,372.42
353,91.56,368.1
354,84.23,363.78
355,76.79,359.45
356,69.36,355.13
357,61.93,350.8
358,54.59,346.48
359,47.16,342.16
360,39.73,337.83
