68,24.49,1414.97
69,25.92,1411.42
70,27.34,1407.87
71,28.77,1404.32
72,30.2,1400.77
73,31.63,1397.34
74,33.16,1393.79
75,34.59,1390.24
76,36.02,1386.69
77,37.44,1383.14
78,38.87,1379.6
79,39.54,1377.71
80,40.21,1375.83
81,40.87,1373.94
82,41.54,1372.06
83,42.21,1370.17
84,42.88,1368.18
85,43.54,1366.29
86,44.21,1364.41
87,44.88,1362.52
88,45.54,1360.64
89,46.21,1358.75
90,46.88,1356.87
91,47.54,1354.98
92,48.21,1353.1
93,48.88,1351.21
94,49.54,1349.33
95,50.21,1347.33
96,50.88,1345.45
97,51.55,1343.56
98,52.21,1341.68
99,52.88,1339.79
100,53.55,1337.91
101,53.64,1338.24
102,53.74,1338.57
103,53.83,1338.91
104,53.93,1339.24
105,54.02,1339.46
106,54.12,1339.79
107,54.21,1340.13
108,54.31,1340.46
109,54.69,1340.68
110,55.17,1340.79
111,55.55,1341.01
112,55.93,1341.12
113,56.31,1341.35
114,56.79,1341.46
115,57.17,1341.68
116,57.55,1341.79
117,58.02,1341.9
118,58.41,1342.12
119,58.41,1341.68
120,58.5,1341.12
121,58.5,1340.68
122,58.6,1340.24
123,58.6,1339.79
124,58.6,1339.24
125,58.69,1338.8
126,58.69,1338.35
127,58.79,1337.8
128,58.79,1337.35
129,58.69,1336.36
130,58.5,1335.36
131,58.41,1334.36
132,58.22,1333.36
133,58.12,1332.36
134,57.93,1331.48
135,57.83,1330.48
136,57.64,1329.48
137,57.45,1328.48
138,57.36,1327.49
139,57.93,1325.49
140,58.5,1323.38
141,59.17,1321.39
142,59.74,1319.39
143,60.31,1317.4
144,60.98,1315.29
145,61.55,1313.29
146,62.12,1311.3
147,62.69,1309.3
148,63.26,1307.2
149,63.93,1305.2
150,64.5,1303.21
151,65.08,1301.21
152,65.65,1299.21
153,66.31,1297.11
154,66.89,1295.11
155,67.46,1293.12
156,68.03,1291.12
157,68.7,1289.01
158,69.27,1287.02
159,70.12,1284.47
160,70.89,1281.92
161,71.74,1279.26
162,72.6,1276.71
163,73.46,1274.16
164,74.22,1271.61
165,75.08,1269.06
166,75.94,1266.51
167,76.79,1263.85
168,77.56,1261.3
169,78.41,1258.74
170,78.41,1258.74
171,78.41,1258.74
172,78.41,1258.74
173,78.41,1258.74
174,78.41,1258.74
175,78.41,1258.74
176,78.41,1258.74
177,78.41,1258.74
178,78.41,1258.74
179,78.41,1258.74
180,78.41,1258.74
181,78.41,1258.74
182,78.41,1258.74
183,78.41,1258.74
184,78.41,1258.74
185,78.41,1258.74
186,78.41,1258.74
187,78.41,1258.74
188,78.41,1258.74
189,78.41,1258.74
190,78.41,1258.74
191,78.41,1258.74
192,78.41,1258.74
193,78.41,1258.74
194,78.41,1258.74
195,78.41,1258.74
196,78.41,1258.74
197,78.41,1258.74
198,78.41,1258.74
199,78.41,1258.74
200,78.41,1258.74
201,78.41,1258.74
202,78.41,1258.74
203,78.41,1258.74
204,78.41,1258.74
205,78.41,1258.74
206,78.41,1258.74
207,78.41,1258.74
208,78.41,1258.74
209,78.41,1258.74
210,78.41,1258.74
211,78.41,1258.74
212,78.41,1258.74
213,78.41,1258.74
214,78.41,1258.74
215,78.41,1258.74
216,78.41,1258.74
217,78.41,1258.74
218,78.41,1258.74
219,78.41,1258.74
220,78.51,1258.63
221,78.51,1258.63
222,78.6,1258.52
223,78.7,1258.52
224,78.7,1258.41
225,78.8,1258.3
226,78.8,1258.3
227,78.8,1258.19
228,78.89,1258.19
229,78.89,1258.19
230,78.89,1258.19
231,78.89,1258.19
232,78.89,1258.19
233,78.89,1258.19
234,78.89,1258.19
235,78.89,1258.19
236,78.89,1258.19
237,78.89,1258.19
238,78.89,1258.19
239,78.89,1258.19
240,78.89,1258.19
241,78.89,1258.19
242,78.89,1258.19
243,78.89,1258.19
244,78.89,1258.19
245,78.89,1258.19
246,78.89,1258.19
247,78.89,1258.19
248,78.89,1258.19
249,78.89,1258.19
250,78.89,1258.19
251,78.89,1258.19
252,78.89,1258.19
253,78.89,1258.19
254,78.89,1258.19
255,78.89,1258.19
256,78.89,1258.19
257,78.89,1258.19
258,78.89,1258.19
259,78.89,1258.19
260,78.89,1258.19
261,78.89,1258.19
262,78.89,1258.19
263,78.89,1258.19
264,78.89,1258.19
265,78.89,1258.19
266,78.89,1258.19
267,78.89,1258.19
268,78.89,1258.19
269,78.89,1258.19
270,78.89,1258.19
271,78.89,1258.19
272,78.89,1258.19
273,78.89,1258.19
274,78.89,1258.19
275,78.89,1258.19
276,78.89,1258.19
277,78.89,1258.19
278,78.89,1258.19
279,79.37,1257.08
280,79.94,1255.97
281,80.41,1254.86
282,80.99,1253.76
283,81.46,1252.54
284,81.94,1251.43
285,82.51,1250.32
286,82.99,1249.21
287,83.56,1248.1
288,84.04,1246.99
289,85.66,1241.56
290,87.18,1236.02
291,88.8,1230.58
292,90.32,1225.04
293,91.85,1219.61
294,93.47,1214.17
295,94.99,1208.63
296,96.61,1203.2
297,98.14,1197.65
298,99.76,1192.22
299,100.33,1188.45
300,100.8,1184.68
301,101.38,1180.91
302,101.85,1177.14
303,102.42,1173.37
304,103.0,1169.6
305,103.47,1165.83
306,104.04,1162.06
307,104.52,1158.29
308,105.09,1154.52
309,105.76,1148.98
310,106.33,1143.44
311,107.0,1137.89
312,107.66,1132.24
313,108.24,1126.69
314,108.9,1121.15
315,106.04,1115.05
