75,1873.93,1496.01
76,1874.03,1497.46
77,1874.22,1498.9
78,1874.31,1500.34
79,1874.5,1501.78
80,1874.6,1503.33
81,1874.69,1504.77
82,1874.89,1506.21
83,1874.98,1507.66
84,1875.17,1509.1
85,1875.27,1510.54
86,1875.36,1511.98
87,1875.55,1513.42
88,1875.65,1514.86
89,1875.84,1516.3
90,1875.93,1517.86
91,1876.03,1519.3
92,1876.22,1520.74
93,1876.31,1522.18
94,1876.51,1523.62
95,1876.6,1525.06
96,1876.7,1526.5
97,1876.89,1527.95
98,1876.98,1529.39
99,1877.17,1530.83
100,1877.27,1532.38
101,1877.36,1533.82
102,1877.55,1535.26
103,1877.65,1536.7
104,1877.84,1538.15
105,1877.93,1539.59
106,1878.03,1541.03
107,1878.22,1542.47
108,1878.32,1543.91
109,1878.51,1545.35
110,1878.6,1546.9
111,1878.7,1548.35
112,1878.89,1549.79
113,1878.98,1551.23
114,1879.17,1552.67
115,1879.27,1554.11
116,1879.36,1555.55
117,1879.55,1556.99
118,1879.65,1558.44
119,1879.84,1559.88
120,1879.94,1561.43
121,1880.03,1562.87
122,1880.22,1564.31
123,1880.32,1565.75
124,1880.51,1567.19
125,1880.6,1568.64
126,1880.7,1570.08
127,1880.89,1571.52
128,1880.98,1572.96
129,1881.08,1574.51
130,1881.27,1575.95
131,1881.36,1577.39
132,1881.55,1578.84
133,1881.65,1580.28
134,1881.75,1581.72
135,1881.94,1583.16
136,1882.03,1584.6
137,1882.22,1586.04
138,1882.32,1587.48
139,1882.41,1589.04
140,1882.6,1590.48
141,1882.7,1591.92
142,1882.89,1593.36
143,1882.98,1594.8
144,1883.08,1596.24
145,1883.27,1597.68
146,1883.37,1599.13
147,1883.56,1600.57
148,1883.65,1602.01
149,1883.75,1603.56
150,1883.94,1605.0
151,1884.03,1606.44
152,1884.22,1607.89
153,1884.32,1609.33
154,1884.41,1610.77
155,1884.6,1612.21
156,1884.7,1613.65
157,1884.89,1615.09
158,1884.98,1616.53
159,1885.08,1618.09
160,1885.27,1619.53
161,1885.37,1620.97
162,1885.56,1622.41
163,1885.65,1623.85
164,1885.75,1625.29
165,1885.94,1626.73
166,1886.03,1628.17
167,1886.22,1629.62
168,1886.32,1631.06
169,1886.41,1632.61
170,1886.6,1634.05
171,1886.7,1635.49
172,1886.89,1636.93
173,1886.99,1638.38
174,1887.08,1639.82
175,1887.27,1641.26
176,1887.37,1642.7
177,1887.56,1644.14
178,1887.65,1645.58
179,1887.75,1647.13
180,1887.94,1648.58
181,1888.03,1650.02
182,1888.22,1651.46
183,1888.32,1652.9
184,1888.41,1654.34
185,1888.61,1655.78
186,1888.7,1657.22
187,1888.89,1658.67
188,1888.99,1660.22
189,1889.08,1661.66
190,1889.27,1663.1
191,1889.37,1664.54
192,1889.56,1665.98
193,1889.65,1667.42
194,1889.75,1668.87
195,1889.94,1670.31
196,1890.03,1671.75
197,1890.23,1673.19
198,1890.32,1674.74
199,1890.42,1676.18
200,1890.61,1677.62
201,1890.7,1679.07
202,1890.89,1680.51
203,1890.99,1681.95
204,1891.08,1683.39
205,1891.27,1684.83
206,1891.37,1686.27
207,1891.56,1687.71
208,1891.65,1689.27
209,1891.75,1690.71
210,1891.94,1692.15
211,1892.04,1693.59
212,1892.23,1695.03
213,1892.32,1696.47
214,1892.42,1697.91
215,1892.61,1699.36
216,1892.7,1700.8
217,1892.89,1702.24
218,1892.99,1703.79
219,1893.08,1705.23
220,1893.27,1706.67
221,1893.37,1708.11
222,1893.56,1709.56
223,1893.66,1711.0
224,1893.75,1712.44
225,1893.94,1713.88
226,1894.04,1715.32
227,1894.23,1716.76
228,1894.32,1718.31
229,1894.42,1719.76
230,1894.61,1721.2
231,1894.7,1722.64
232,1894.89,1724.08
233,1894.99,1725.52
234,1895.08,1726.96
235,1895.27,1728.4
236,1895.37,1729.85
237,1895.47,1731.4
238,1895.66,1732.84
239,1895.75,1734.28
240,1895.94,1735.72
241,1896.04,1737.16
242,1896.13,1738.6
243,1896.32,1740.05
244,1896.42,1741.49
245,1896.61,1742.93
246,1896.7,1744.37
247,1896.8,1745.92
248,1896.99,1747.36
249,1897.09,1748.81
250,1897.28,1750.25
251,1897.37,1751.69
252,1897.47,1753.13
253,1897.66,1754.57
254,1897.75,1756.01
255,1897.94,1757.45
256,1898.04,1758.89
257,1898.13,1760.45
258,1898.32,1761.89
259,1898.42,1763.33
260,1898.61,1764.77
261,1898.7,1766.21
262,1898.8,1767.65
263,1898.99,1769.09
264,1899.09,1770.54
265,1899.28,1771.98
266,1899.37,1773.42
267,1899.47,1774.97
268,1899.66,1776.41
269,1899.75,1777.85
270,1899.94,1779.3
271,1900.04,1780.74
272,1900.13,1782.18
273,1900.32,1783.62
274,1900.42,1785.06
275,1900.61,1786.5
276,1900.71,1787.94
277,1900.8,1789.5
278,1900.99,1790.94
279,1901.09,1792.38
280,1901.28,1793.82
281,1901.37,1795.26
282,1901.47,1796.7
283,1901.66,1798.14
284,1901.75,1799.59
285,1901.94,1801.03
286,1902.04,1802.47
287,1902.14,1804.02
288,1902.33,1805.46
289,1902.42,1806.9
290,1902.61,1808.34
291,1902.71,1809.79
292,1900.04,1814.33
293,1897.37,1818.77
294,1894.7,1823.2
295,1892.04,1827.75
296,1889.37,1832.29
297,1886.7,1836.73
298,1884.03,1841.27
299,1881.36,1845.71
300,1878.7,1850.25
301,1876.03,1854.69
302,1873.74,1859.12
303,1871.36,1863.56
304,1869.07,1867.99
305,1866.69,1872.43
306,1864.4,1876.86
307,1862.12,1881.3
308,1859.74,1885.73
309,1857.45,1890.17
310,1859.74,1893.83
311,1862.02,1897.49
312,1864.31,1901.15
