0,1890.32,1422.73
1,1890.32,1422.73
2,1890.32,1422.73
3,1890.32,1422.73
4,1890.32,1422.73
5,1890.32,1422.73
6,1890.32,1422.73
7,1890.32,1422.73
8,1890.32,1422.73
9,1890.32,1422.73
10,1890.32,1422.73
11,1890.32,1422.73
12,1890.32,1422.73
13,1890.32,1422.73
14,1890.32,1422.73
15,1890.32,1422.73
16,1890.32,1422.73
17,1890.32,1422.73
18,1890.32,1422.73
19,1890.32,1422.73
20,1890.32,1422.73
21,1890.32,1422.73
22,1890.32,1422.73
23,1890.32,1422.73
24,1890.32,1422.73
25,1890.32,1422.73
26,1890.32,1422.73
27,1890.32,1422.73
28,1890.32,1422.73
29,1890.32,1422.73
30,1890.32,1422.73
31,1890.32,1422.73
32,1890.32,1422.73
33,1890.32,1422.73
34,1890.32,1422.73
35,1890.32,1422.73
36,1890.32,1422.73
37,1890.32,1422.73
38,1890.32,1422.73
39,1890.32,1422.73
40,1890.32,1422.73
41,1890.42,1422.39
42,1890.61,1422.17
43,1890.7,1421.84
44,1890.89,1421.62
45,1890.99,1421.29
46,1891.08,1420.95
47,1891.27,1420.73
48,1891.37,1420.4
49,1891.46,1420.07
50,1891.65,1419.84
51,1891.75,1419.51
52,1891.94,1419.29
53,1892.04,1418.96
54,1892.04,1415.08
55,1891.94,1411.08
56,1891.94,1407.2
57,1891.94,1403.21
58,1891.84,1399.33
59,1891.84,1395.34
60,1891.84,1391.46
61,1891.75,1387.47
62,1891.75,1383.59
63,1891.75,1379.6
64,1891.65,1375.72
65,1891.65,1371.84
66,1891.56,1367.84
67,1891.56,1363.96
68,1891.56,1359.97
69,1891.46,1356.09
70,1891.46,1352.1
71,1891.46,1348.22
72,1891.37,1344.23
73,1891.37,1340.35
74,1891.37,1336.36
75,1891.27,1332.48
76,1891.27,1328.6
77,1891.27,1324.6
78,1891.18,1320.72
79,1891.18,1316.73
80,1891.18,1312.85
81,1891.08,1308.86
82,1891.08,1304.98
83,1891.08,1300.99
84,1890.99,1297.11
85,1890.99,1293.12
86,1890.99,1289.24
87,1890.89,1285.24
88,1890.89,1281.36
89,1890.8,1277.48
90,1890.8,1273.49
91,1890.8,1269.61
92,1890.7,1265.62
93,1890.7,1261.74
94,1890.7,1257.75
95,1890.61,1253.87
96,1890.61,1249.88
97,1890.61,1245.99
98,1890.51,1242.0
99,1890.51,1238.12
100,1889.27,1237.68
101,1888.13,1237.12
102,1886.89,1236.68
103,1885.65,1236.13
104,1884.41,1235.68
105,1883.27,1235.24
106,1882.03,1234.69
107,1880.79,1234.24
108,1879.65,1233.69
109,1878.41,1233.24
110,1878.41,1233.24
111,1878.41,1233.24
112,1878.41,1233.24
113,1878.41,1233.24
114,1878.41,1233.24
115,1878.41,1233.24
116,1878.41,1233.24
117,1878.41,1233.24
118,1878.41,1233.24
119,1878.41,1233.24
120,1878.41,1233.24
121,1873.65,1231.03
122,1868.88,1228.81
123,1864.12,1226.59
124,1859.36,1224.37
125,1854.69,1222.16
126,1849.92,1219.83
127,1845.16,1217.61
128,1840.39,1215.39
129,1835.63,1213.18
130,1830.87,1210.96
131,1826.1,1208.74
132,1821.34,1206.52
133,1816.58,1204.31
134,1811.81,1202.09
135,1807.14,1199.76
136,1802.38,1197.54
137,1797.61,1195.33
138,1792.85,1193.11
139,1788.09,1190.89
140,1783.32,1188.67
141,1778.56,1186.46
142,1773.8,1184.24
143,1769.03,1182.02
144,1764.27,1179.8
145,1759.5,1177.47
146,1754.83,1175.26
147,1750.07,1173.04
148,1745.31,1170.82
149,1740.54,1168.6
150,1735.78,1166.39
151,1734.92,1165.94
152,1734.16,1165.5
153,1733.4,1164.95
154,1732.54,1164.5
155,1731.68,1164.06
156,1730.92,1163.62
157,1730.16,1163.17
158,1729.3,1162.62
159,1728.44,1162.17
160,1727.68,1161.73
161,1727.68,1161.73
162,1727.68,1161.73
163,1727.68,1161.73
164,1727.68,1161.73
165,1727.68,1161.73
166,1727.68,1161.73
167,1727.68,1161.73
168,1727.68,1161.73
169,1727.68,1161.73
170,1727.68,1161.73
171,1727.68,1161.51
172,1727.68,1161.4
173,1727.68,1161.18
174,1727.68,1161.07
175,1727.68,1160.84
176,1727.68,1160.62
177,1727.68,1160.51
178,1727.68,1160.29
179,1727.68,1160.18
180,1727.68,1159.96
181,1722.73,1157.3
182,1717.87,1154.75
183,1712.91,1152.08
184,1708.05,1149.42
185,1703.1,1146.76
186,1698.14,1144.21
187,1693.29,1141.55
188,1688.33,1138.89
189,1683.47,1136.34
190,1678.52,1133.68
191,1675.56,1132.35
192,1672.61,1131.02
193,1669.66,1129.8
194,1666.7,1128.47
195,1663.65,1127.14
196,1660.7,1125.81
197,1657.75,1124.48
198,1654.79,1123.26
199,1651.84,1121.93
200,1648.89,1120.6
201,1645.93,1119.27
202,1642.98,1117.94
203,1639.93,1116.61
204,1636.98,1115.39
205,1634.02,1114.06
206,1631.07,1112.72
207,1628.11,1111.39
208,1625.16,1110.06
209,1622.21,1108.84
210,1619.25,1107.51
211,1616.3,1106.18
212,1613.25,1104.85
213,1610.3,1103.52
214,1607.34,1102.3
215,1604.39,1100.97
216,1601.44,1099.64
217,1601.44,1099.64
218,1601.44,1099.64
219,1601.44,1099.64
220,1601.44,1099.64
221,1601.44,1099.64
222,1601.44,1099.64
223,1601.44,1099.64
224,1601.44,1099.64
225,1601.44,1099.64
226,1601.44,1099.64
227,1601.44,1099.64
228,1601.44,1099.64
229,1601.44,1099.64
230,1601.44,1099.64
231,1601.44,1099.64
232,1601.25,1099.53
233,1600.96,1099.31
234,1600.77,1099.2
235,1600.58,1099.09
236,1600.29,1098.98
237,1600.1,1098.75
238,1599.91,1098.64
239,1599.72,1098.53
240,1599.44,1098.31
241,1599.25,1098.2
242,1596.2,1096.87
243,1593.15,1095.65
244,1590.1,1094.32
245,1587.05,1092.99
246,1584.0,1091.77
247,1580.95,1090.44
248,1577.9,1089.11
249,1574.85,1087.78
250,1571.81,1086.56
251,1568.76,1085.23
252,1566.09,1083.9
253,1563.52,1082.68
254,1560.85,1081.35
255,1558.28,1080.02
256,1555.61,1078.8
257,1552.94,1077.47
258,1550.37,1076.14
259,1547.7,1074.92
260,1545.13,1073.59
261,1542.46,1072.37
262,1539.79,1071.04
263,1537.22,1069.71
264,1534.55,1068.49
265,1531.98,1067.16
266,1529.31,1065.83
267,1526.64,1064.61
268,1524.07,1063.28
269,1521.4,1061.94
270,1518.83,1060.73
271,1516.16,1059.39
272,1513.5,1057.95
273,1510.83,1056.62
274,1508.16,1055.18
275,1505.49,1053.74
276,1502.82,1052.41
277,1500.16,1050.97
278,1497.49,1049.53
279,1494.82,1048.09
280,1492.15,1046.76
281,1489.48,1045.31
282,1489.2,1045.09
283,1488.91,1044.98
284,1488.72,1044.76
285,1488.44,1044.65
286,1488.15,1044.43
287,1487.87,1044.21
288,1487.58,1044.09
289,1487.39,1043.87
290,1487.1,1043.76
291,1486.82,1043.54
292,1486.82,1043.54
293,1486.82,1043.54
294,1486.82,1043.54
295,1486.82,1043.54
296,1486.82,1043.54
297,1486.82,1043.54
298,1486.82,1043.54
299,1486.82,1043.54
300,1486.82,1043.54
301,1486.82,1043.54
302,1486.82,1043.54
303,1486.82,1043.54
304,1486.82,1043.54
305,1486.82,1043.54
306,1486.82,1043.54
307,1486.82,1043.54
308,1486.82,1043.54
309,1486.82,1043.54
310,1486.82,1043.54
311,1486.82,1043.54
312,1486.91,1043.43
313,1486.91,1043.43
314,1487.01,1043.32
315,1487.1,1043.21
316,1487.1,1043.1
317,1487.2,1043.1
318,1487.29,1042.99
319,1487.29,1042.87
320,1487.39,1042.87
321,1487.39,1042.76
322,1487.48,1042.65
323,1487.58,1042.54
324,1487.58,1042.54
325,1487.67,1042.43
326,1487.77,1042.32
327,1487.77,1042.32
328,1487.87,1042.21
329,1487.96,1042.1
330,1487.96,1041.99
331,1488.06,1041.99
332,1488.15,1041.88
333,1488.15,1041.77
334,1488.25,1041.77
335,1488.25,1041.65
336,1488.34,1041.54
337,1488.44,1041.43
338,1488.44,1041.43
339,1488.53,1041.32
340,1488.53,1041.32
341,1488.53,1041.32
342,1488.53,1041.32
343,1488.53,1041.32
344,1488.53,1041.32
345,1488.53,1041.32
346,1488.53,1041.32
347,1488.53,1041.32
348,1488.53,1041.32
349,1488.53,1041.32
350,1488.53,1041.32
351,1488.53,1041.32
352,1488.53,1041.32
353,1488.53,1041.32
354,1488.53,1041.32
355,1488.53,1041.32
356,1488.53,1041.32
357,1488.53,1041.32
358,1488.53,1041.32
359,1488.53,1041.32
360,1488.53,1041.32
361,1488.53,1041.32
362,1488.53,1041.32
363,1488.53,1041.32
364,1488.53,1041.32
365,1488.53,1041.32
366,1488.53,1041.32
367,1488.53,1041.32
368,1488.53,1041.32
369,1488.53,1041.32
370,1488.53,1041.32
371,1488.53,1041.32
372,1488.53,1041.32
373,1488.53,1041.32
374,1488.53,1041.32
375,1488.53,1041.32
376,1488.53,1041.32
377,1488.53,1041.32
378,1488.53,1041.32
379,1488.53,1041.32
380,1488.53,1041.32
381,1488.53,1041.32
382,1488.53,1041.32
383,1488.53,1041.32
384,1488.53,1041.32
385,1488.53,1041.32
386,1488.53,1041.32
387,1488.53,1041.32
388,1488.53,1041.32
389,1488.53,1041.32
390,1488.53,1041.32
391,1488.53,1041.32
392,1486.53,1040.1
393,1484.53,1038.88
394,1482.62,1037.66
395,1480.62,1036.44
396,1478.62,1035.22
397,1476.62,1034.0
398,1474.62,1032.79
399,1472.72,1031.57
400,1470.72,1030.35
401,1468.71,1029.13
402,1462.9,1026.47
403,1457.19,1023.92
404,1451.47,1021.25
405,1445.66,1018.59
406,1439.84,1016.04
407,1434.13,1013.38
408,1428.32,1010.72
409,1422.6,1008.06
410,1416.79,1005.51
411,1411.07,1002.85
412,1408.31,1000.96
413,1405.64,999.08
414,1402.88,997.19
415,1400.21,995.31
416,1397.45,993.43
417,1394.78,991.54
418,1392.11,989.66
419,1389.35,987.77
420,1386.68,985.89
421,1383.92,984.0
422,1380.11,981.89
423,1376.29,979.79
424,1372.39,977.68
425,1368.58,975.57
426,1364.77,973.47
427,1360.95,971.36
428,1357.14,969.25
429,1353.24,967.15
430,1349.43,965.04
431,1345.61,962.93
432,1343.71,961.94
433,1341.9,960.83
434,1339.99,959.83
435,1338.18,958.83
436,1336.28,957.83
437,1334.37,956.73
438,1332.56,955.73
439,1330.66,954.73
440,1328.85,953.62
441,1326.94,952.62
442,1325.13,951.63
443,1323.22,950.52
444,1321.32,949.52
445,1319.51,948.52
446,1317.6,947.52
447,1315.79,946.41
448,1313.89,945.42
449,1315.6,940.87
450,1317.41,936.44
451,1319.22,931.89
452,1320.94,927.46
453,1322.75,923.02
454,1324.46,918.47
455,1326.18,914.04
456,1327.99,909.49
457,1329.8,905.06
458,1331.51,900.51
459,1332.94,897.52
460,1334.37,894.53
461,1335.8,891.64
462,1337.23,888.65
463,1338.75,885.66
464,1340.18,882.66
465,1341.61,879.67
466,1343.04,876.79
467,1344.47,873.79
468,1345.9,870.8
469,1347.33,867.81
470,1348.76,864.92
471,1350.19,861.93
472,1351.62,858.94
473,1353.14,855.94
474,1354.57,852.95
475,1356.0,850.07
476,1357.43,847.07
477,1358.86,844.08
478,1360.57,840.64
479,1362.38,837.32
480,1364.1,833.99
481,1365.91,830.55
482,1367.62,827.23
483,1369.34,823.79
484,1371.15,820.35
485,1372.86,817.03
486,1374.67,813.7
487,1376.39,810.26
488,1378.2,806.94
489,1379.91,803.5
490,1379.91,803.5
491,1379.91,803.5
492,1379.91,803.5
493,1379.91,803.5
494,1379.91,803.5
495,1379.91,803.5
496,1379.91,803.5
497,1379.91,803.5
498,1379.91,803.5
499,1379.91,803.5
500,1379.91,803.5
501,1379.91,803.5
502,1379.91,803.5
503,1379.91,803.5
504,1379.91,803.5
505,1379.91,803.5
506,1379.91,803.5
507,1379.91,803.5
508,1379.91,803.5
509,1379.91,803.5
510,1379.91,803.5
511,1379.91,803.5
512,1379.91,803.5
513,1379.91,803.5
514,1379.91,803.5
515,1379.91,803.5
516,1379.91,803.5
517,1379.91,803.5
518,1379.91,803.5
519,1379.91,803.5
520,1379.91,803.5
521,1379.91,803.5
522,1379.91,803.5
523,1379.82,803.5
524,1379.63,803.61
525,1379.53,803.61
526,1379.34,803.72
527,1379.25,803.72
528,1379.06,803.83
529,1378.96,803.83
530,1378.77,803.94
531,1378.68,803.94
532,1378.49,804.05
533,1378.39,804.05
534,1378.39,804.05
535,1378.39,804.05
536,1378.39,804.05
537,1378.39,804.05
538,1378.39,804.05
539,1378.39,804.05
540,1378.39,804.05
541,1378.39,804.05
542,1378.39,804.05
543,1378.39,804.05
544,1378.39,804.05
545,1379.25,803.72
546,1380.11,803.28
547,1380.96,802.94
548,1381.82,802.5
549,1382.68,802.17
550,1383.54,801.73
551,1384.39,801.39
552,1385.25,801.06
553,1386.11,800.62
554,1386.97,800.28
555,1387.82,799.84
556,1388.68,799.51
557,1389.54,799.18
558,1390.4,798.73
559,1391.25,798.4
560,1392.11,797.96
561,1392.97,797.62
562,1393.83,797.29
563,1394.68,796.85
564,1395.54,796.51
565,1396.4,796.07
566,1397.26,795.74
567,1398.11,795.29
568,1398.97,794.96
569,1399.07,794.96
570,1399.26,795.07
571,1399.35,795.07
572,1399.54,795.07
573,1399.64,795.07
574,1399.73,795.18
575,1399.92,795.18
576,1400.02,795.18
577,1400.21,795.29
578,1400.3,795.29
579,1400.3,795.29
580,1400.3,795.29
581,1400.3,795.29
582,1400.3,795.29
583,1400.3,795.29
584,1400.3,795.29
585,1400.3,795.29
586,1400.3,795.29
587,1400.3,795.29
588,1400.3,795.29
589,1400.3,795.29
590,1400.3,795.29
591,1400.3,795.29
592,1400.3,795.29
593,1400.3,795.29
594,1400.3,795.29
595,1400.3,795.29
596,1400.3,795.29
597,1400.3,795.29
598,1400.3,795.29
599,1401.26,795.74
600,1402.21,796.18
601,1403.07,796.74
602,1404.02,797.18
603,1404.97,797.62
604,1405.93,798.07
605,1406.88,798.51
606,1407.74,799.06
607,1408.69,799.51
608,1409.64,799.95
609,1410.21,800.51
610,1410.88,800.95
611,1411.45,801.5
612,1412.02,801.95
613,1412.6,802.5
614,1413.26,802.94
615,1413.83,803.5
616,1414.41,803.94
617,1415.07,804.5
618,1415.64,804.94
619,1416.22,805.49
620,1416.79,805.94
621,1417.45,806.49
622,1418.03,806.94
623,1418.6,807.49
624,1419.26,807.93
625,1419.84,808.49
626,1420.41,808.93
627,1420.98,809.49
628,1421.65,809.93
629,1422.22,810.48
630,1422.31,810.59
631,1422.41,810.59
632,1422.5,810.71
633,1422.6,810.82
634,1422.69,810.93
635,1422.89,810.93
636,1422.98,811.04
637,1423.08,811.15
638,1423.17,811.15
639,1423.27,811.26
640,1423.27,811.26
641,1423.27,811.26
642,1423.27,811.26
643,1423.27,811.26
644,1423.27,811.26
645,1423.27,811.26
646,1423.27,811.26
647,1423.27,811.26
648,1423.27,811.26
649,1423.27,811.26
650,1423.27,811.26
651,1423.27,811.26
652,1423.27,811.26
653,1423.27,811.26
654,1423.27,811.26
655,1423.27,811.26
656,1423.27,811.26
657,1423.27,811.26
658,1423.27,811.26
659,1423.27,811.26
660,1423.27,811.26
661,1423.27,811.26
662,1423.27,811.26
663,1423.27,811.26
664,1423.27,811.26
665,1423.27,811.26
666,1423.27,811.26
667,1423.27,811.26
668,1423.27,811.26
669,1423.27,811.26
670,1424.79,812.04
671,1426.32,812.92
672,1427.74,813.7
673,1429.27,814.59
674,1430.79,815.36
675,1432.32,816.25
676,1433.84,817.03
677,1435.27,817.8
678,1436.8,818.69
679,1438.32,819.46
680,1439.84,820.35
681,1441.37,821.13
682,1442.89,822.01
683,1444.32,822.79
684,1445.85,823.57
685,1447.37,824.45
686,1448.9,825.23
687,1450.42,826.12
688,1451.85,826.89
689,1453.37,827.78
690,1454.9,828.56
691,1457.95,829.89
692,1461.0,831.11
693,1464.14,832.44
694,1467.19,833.66
695,1470.24,834.99
696,1473.29,836.21
697,1476.43,837.54
698,1479.48,838.76
699,1482.53,840.09
700,1484.05,839.2
701,1485.48,838.42
702,1487.01,837.54
703,1488.53,836.65
704,1490.06,835.76
705,1491.49,834.99
706,1493.01,834.1
707,1494.25,831.55
708,1495.49,829.0
709,1496.73,826.45
710,1497.87,823.9
711,1499.11,821.35
712,1500.35,818.8
713,1506.73,793.52
714,1513.11,768.13
715,1519.5,742.85
716,1521.97,740.97
717,1524.55,739.19
718,1527.02,737.31
719,1529.6,735.53
720,1532.07,733.65
721,1539.03,732.87
722,1545.89,732.21
723,1552.84,731.43
724,1559.8,730.77
725,1566.66,729.99
726,1573.62,729.32
727,1580.57,728.66
728,1587.53,727.88
729,1594.39,727.22
730,1601.34,726.44
731,1603.91,725.11
732,1606.49,723.78
733,1609.06,722.34
734,1611.73,721.01
735,1614.3,719.68
736,1616.87,718.35
737,1619.44,716.91
738,1622.02,715.58
739,1624.59,714.25
740,1627.26,712.92
741,1629.83,711.47
742,1632.4,710.14
743,1634.97,708.81
744,1637.55,707.37
745,1640.12,706.04
746,1642.69,704.71
747,1645.36,703.38
748,1647.93,701.94
749,1650.51,700.61
750,1653.08,699.28
751,1658.22,696.28
752,1663.27,693.4
753,1668.42,690.41
754,1673.56,687.41
755,1678.71,684.53
756,1683.76,681.54
757,1688.9,678.54
758,1694.05,675.55
759,1699.1,672.67
760,1704.24,669.67
761,1708.62,669.12
762,1713.01,668.68
763,1717.49,668.12
764,1721.87,667.68
765,1726.25,667.12
766,1730.63,666.68
767,1735.02,666.13
768,1739.4,665.68
769,1743.88,665.13
770,1748.26,664.69
771,1752.64,664.13
772,1757.03,663.69
773,1761.41,663.13
774,1765.79,662.69
775,1770.27,662.14
776,1774.65,661.69
777,1779.04,661.14
778,1838.39,688.75
