104,1903.47,1442.68
105,1900.13,1448.45
106,1896.89,1454.33
107,1893.56,1460.2
108,1890.32,1465.97
109,1887.08,1471.84
110,1883.75,1477.61
111,1880.41,1483.49
112,1877.17,1489.25
113,1873.84,1495.13
114,1870.6,1500.89
115,1867.74,1505.99
116,1864.79,1511.09
117,1861.93,1516.19
118,1858.97,1521.29
119,1856.12,1526.39
120,1853.16,1531.49
121,1850.3,1536.48
122,1847.45,1541.58
123,1844.49,1546.68
124,1841.63,1551.78
125,1838.68,1556.88
126,1835.82,1561.98
127,1835.73,1562.09
128,1835.73,1562.32
129,1835.63,1562.43
130,1835.54,1562.54
131,1835.54,1562.76
132,1835.44,1562.87
133,1835.34,1562.98
134,1835.34,1563.2
135,1835.25,1563.31
136,1835.25,1563.31
137,1835.25,1563.31
138,1835.25,1563.31
139,1835.25,1563.31
140,1835.25,1563.31
141,1835.25,1563.31
142,1835.25,1563.31
143,1835.25,1563.31
144,1835.25,1563.31
145,1835.25,1563.31
146,1835.25,1563.31
147,1835.25,1563.31
148,1835.25,1563.31
149,1835.25,1563.31
150,1835.25,1563.31
151,1835.25,1563.31
152,1835.25,1563.31
153,1835.25,1563.31
154,1835.25,1563.31
155,1835.25,1563.31
156,1835.25,1563.31
157,1835.25,1563.31
158,1835.25,1563.31
159,1835.25,1563.31
160,1835.25,1563.31
161,1835.25,1563.31
162,1835.25,1563.31
163,1835.25,1563.31
164,1835.25,1563.31
165,1835.25,1563.31
166,1835.25,1563.31
167,1835.25,1563.31
168,1835.25,1563.31
169,1835.25,1563.31
170,1835.25,1563.31
171,1835.25,1563.31
172,1835.25,1563.31
173,1835.25,1563.31
174,1835.25,1563.31
175,1835.25,1563.31
176,1835.25,1563.31
177,1835.25,1563.31
178,1835.25,1563.31
179,1835.25,1563.31
180,1835.25,1563.31
181,1835.25,1563.31
182,1835.25,1563.31
183,1835.25,1563.31
184,1835.25,1563.31
185,1835.25,1563.31
186,1835.25,1563.31
187,1835.25,1563.31
188,1835.25,1563.31
189,1835.25,1563.31
190,1835.25,1563.31
191,1835.25,1563.31
192,1835.25,1563.31
193,1835.25,1563.31
194,1835.25,1563.31
195,1835.25,1563.31
196,1835.25,1563.31
197,1835.25,1563.31
198,1835.25,1563.31
199,1835.25,1563.31
200,1835.25,1563.31
201,1835.25,1563.31
202,1835.25,1563.31
203,1835.25,1563.31
204,1835.25,1563.31
205,1835.25,1563.31
206,1835.25,1563.31
207,1835.25,1563.31
208,1835.25,1563.31
209,1835.25,1563.31
210,1835.25,1563.31
211,1835.25,1563.31
212,1835.25,1563.31
213,1835.25,1563.31
214,1835.25,1563.31
215,1835.25,1563.31
216,1835.25,1563.31
217,1835.25,1563.31
218,1835.25,1563.31
219,1835.25,1563.31
220,1835.25,1563.31
221,1835.25,1563.31
222,1835.25,1563.31
223,1835.25,1563.31
224,1835.25,1563.31
225,1835.25,1563.31
226,1835.25,1563.31
227,1835.25,1563.31
228,1835.25,1563.31
229,1835.25,1563.31
230,1835.25,1563.31
231,1835.25,1563.31
232,1835.25,1563.31
233,1835.25,1563.31
234,1835.25,1563.31
235,1835.25,1563.31
236,1835.25,1563.31
237,1835.25,1563.42
238,1835.25,1563.42
239,1835.25,1563.42
240,1835.25,1563.54
241,1835.25,1563.54
242,1835.25,1563.54
243,1835.25,1563.65
244,1835.25,1563.65
245,1835.25,1563.65
246,1835.25,1563.65
247,1835.25,1563.65
248,1835.25,1563.65
249,1835.25,1563.65
250,1835.25,1563.65
251,1835.25,1563.65
252,1835.25,1563.65
253,1835.25,1563.65
254,1835.25,1563.65
255,1833.82,1566.09
256,1832.49,1568.53
257,1831.06,1570.96
258,1829.63,1573.4
259,1828.2,1575.84
260,1826.87,1578.28
261,1825.44,1580.72
262,1824.01,1583.16
263,1822.67,1585.6
264,1821.24,1588.04
265,1819.81,1590.48
266,1818.48,1592.92
267,1817.05,1595.36
268,1815.62,1597.8
269,1814.19,1600.23
270,1812.86,1602.67
271,1811.43,1605.11
272,1810.0,1607.55
273,1808.67,1609.99
274,1807.24,1612.43
275,1802.76,1620.08
276,1798.19,1627.62
277,1793.71,1635.27
278,1789.23,1642.81
279,1784.66,1650.35
280,1780.18,1658.0
281,1775.7,1665.65
282,1771.22,1673.19
283,1766.65,1680.84
284,1762.17,1688.38
285,1758.17,1694.92
286,1754.07,1701.46
287,1750.07,1708.11
288,1746.07,1714.66
289,1742.07,1721.2
290,1737.97,1727.74
291,1733.97,1734.28
292,1729.97,1740.93
293,1725.87,1747.47
294,1721.87,1754.02
295,1719.49,1758.01
296,1717.1,1762.11
297,1714.72,1766.1
298,1712.34,1770.2
299,1710.05,1774.31
300,1707.67,1778.3
301,1705.29,1782.4
302,1702.91,1786.39
303,1700.53,1790.49
304,1698.14,1794.48
305,1697.19,1796.04
306,1696.24,1797.59
307,1695.38,1799.03
308,1694.43,1800.58
309,1693.48,1802.14
310,1692.52,1803.69
311,1691.57,1805.24
312,1690.71,1806.68
313,1689.76,1808.23
314,1688.81,1809.79
315,1687.57,1811.89
316,1686.33,1814.0
317,1685.09,1816.11
318,1683.85,1818.21
319,1682.52,1820.43
320,1681.28,1822.54
321,1680.04,1824.64
322,1678.8,1826.75
323,1677.56,1828.86
324,1676.33,1830.96
325,1675.09,1833.07
326,1673.85,1835.18
327,1672.61,1837.28
328,1671.37,1839.39
329,1670.13,1841.5
330,1668.8,1843.71
331,1667.56,1845.82
332,1666.32,1847.93
333,1665.08,1850.03
334,1663.84,1852.14
335,1662.7,1853.91
336,1661.65,1855.69
337,1660.51,1857.35
338,1659.46,1859.12
339,1658.32,1860.9
340,1657.17,1862.67
341,1656.13,1864.45
342,1654.98,1866.11
343,1653.94,1867.88
344,1652.79,1869.66
345,1652.51,1870.1
346,1652.22,1870.54
347,1651.93,1871.1
348,1651.65,1871.54
349,1651.36,1871.99
350,1651.08,1872.43
351,1650.79,1872.87
352,1650.51,1873.43
353,1650.22,1873.87
354,1649.93,1874.31
355,1648.89,1875.87
356,1647.93,1877.53
357,1646.88,1879.08
358,1645.84,1880.63
359,1644.79,1882.19
360,1643.84,1883.85
361,1642.79,1885.4
362,1641.74,1886.95
363,1640.79,1888.62
364,1639.74,1890.17
365,1639.74,1890.17
366,1639.74,1890.17
367,1639.74,1890.17
368,1639.74,1890.17
369,1639.74,1890.17
370,1639.74,1890.17
371,1639.74,1890.17
372,1639.74,1890.17
373,1639.74,1890.17
374,1639.74,1890.17
375,1639.74,1890.17
376,1639.74,1890.17
377,1639.74,1890.17
378,1639.74,1890.17
379,1639.74,1890.17
380,1639.74,1890.17
381,1639.74,1890.17
382,1639.74,1890.17
383,1639.74,1890.17
384,1639.74,1890.17
385,1639.74,1890.17
386,1639.74,1890.17
387,1639.74,1890.17
388,1639.74,1890.17
389,1639.74,1890.17
390,1639.74,1890.17
391,1639.74,1890.17
392,1639.74,1890.17
393,1639.74,1890.17
394,1639.74,1890.17
395,1639.74,1890.17
396,1639.74,1890.17
397,1639.74,1890.17
398,1639.74,1890.17
399,1639.74,1890.17
400,1639.74,1890.17
401,1639.74,1890.17
402,1639.74,1890.17
403,1639.74,1890.17
404,1639.74,1890.17
405,1639.74,1890.17
406,1639.74,1890.17
407,1639.74,1890.17
408,1639.74,1890.17
409,1639.74,1890.17
410,1639.74,1890.17
411,1639.74,1890.17
412,1639.74,1890.17
413,1639.74,1890.17
414,1639.74,1890.17
415,1639.07,1891.28
416,1638.4,1892.39
417,1637.83,1893.61
418,1637.17,1894.71
419,1636.5,1895.82
420,1635.83,1896.93
421,1635.17,1898.04
422,1634.59,1899.26
423,1633.93,1900.37
424,1633.26,1901.48
425,1630.69,1905.36
426,1628.11,1909.24
427,1625.45,1913.23
428,1622.87,1917.11
429,1620.3,1920.99
430,1617.73,1924.87
431,1615.16,1928.75
432,1612.49,1932.74
433,1609.92,1936.62
434,1607.34,1940.51
435,1603.44,1947.82
436,1599.53,1955.14
437,1595.62,1962.35
438,1591.81,1969.66
439,1587.91,1976.98
440,1584.0,1984.3
441,1580.09,1991.62
442,1576.19,1998.82
443,1572.28,2006.14
444,1568.47,2013.46
445,1564.56,2020.78
446,1560.66,2028.1
447,1556.75,2035.3
448,1552.84,2042.62
449,1548.94,2049.94
450,1545.03,2057.25
451,1541.22,2064.57
452,1537.31,2071.78
453,1533.41,2079.1
454,1529.5,2086.41
455,1528.45,2088.63
456,1527.41,2090.74
457,1526.36,2092.85
458,1525.31,2095.06
459,1524.26,2097.17
460,1523.21,2099.39
461,1522.17,2101.6
462,1521.12,2103.71
463,1520.07,2105.82
464,1519.02,2108.03
465,1519.02,2108.03
466,1519.02,2108.03
467,1519.02,2108.03
468,1519.02,2108.03
469,1519.02,2108.03
470,1519.02,2108.03
471,1519.02,2108.03
472,1519.02,2108.03
473,1519.02,2108.03
474,1519.02,2108.03
475,1518.35,2109.25
476,1517.69,2110.47
477,1517.02,2111.69
478,1516.35,2113.02
479,1515.69,2114.24
480,1514.92,2115.46
481,1514.26,2116.68
482,1513.59,2117.9
483,1512.92,2119.23
484,1512.26,2120.45
485,1511.59,2121.67
486,1510.92,2122.89
487,1506.35,2131.65
488,1501.78,2140.41
489,1497.2,2149.06
490,1492.53,2157.82
491,1487.96,2166.58
492,1483.39,2175.22
493,1478.81,2183.98
494,1474.24,2192.74
