123,1854.31,2208.6
124,1855.64,2205.38
125,1856.88,2202.06
126,1858.21,2198.84
127,1859.55,2195.51
128,1860.88,2192.3
129,1862.12,2188.97
130,1863.45,2185.76
131,1864.79,2182.43
132,1866.12,2179.22
133,1867.36,2175.89
134,1868.69,2172.67
135,1870.03,2169.35
136,1871.36,2166.13
137,1872.6,2162.81
138,1873.93,2159.59
139,1874.31,2157.93
140,1874.69,2156.26
141,1875.08,2154.6
142,1875.46,2152.94
143,1875.84,2151.28
144,1876.22,2149.61
145,1876.6,2147.95
146,1876.89,2146.29
147,1877.27,2144.62
148,1877.65,2142.96
149,1878.03,2141.3
150,1878.41,2139.63
151,1878.79,2137.97
152,1879.17,2136.31
153,1879.55,2134.64
154,1879.55,2134.64
155,1879.55,2134.64
156,1879.55,2134.64
157,1879.55,2134.64
158,1879.55,2134.64
159,1879.55,2134.64
160,1879.55,2134.64
161,1879.55,2134.64
162,1879.55,2134.64
163,1879.55,2134.64
164,1879.55,2134.64
165,1879.55,2134.64
166,1879.55,2134.64
167,1879.55,2134.64
168,1879.55,2134.64
169,1879.55,2134.64
170,1879.55,2134.64
171,1879.55,2134.64
172,1879.55,2134.64
173,1879.55,2134.64
174,1879.55,2134.64
175,1879.55,2134.64
176,1879.55,2134.64
177,1879.55,2134.64
178,1879.55,2134.64
179,1879.55,2134.64
180,1879.55,2134.64
181,1879.55,2134.64
182,1879.55,2134.64
183,1879.55,2134.64
184,1879.55,2134.64
185,1879.55,2134.64
186,1879.55,2134.64
187,1879.55,2134.64
188,1879.55,2134.64
189,1879.55,2134.64
190,1879.55,2134.64
191,1879.55,2134.64
192,1879.55,2134.64
193,1879.55,2134.64
194,1879.65,2134.2
195,1879.74,2133.76
196,1879.84,2133.31
197,1879.94,2132.87
198,1879.94,2132.32
199,1880.03,2131.87
200,1880.13,2131.43
201,1880.22,2130.99
202,1880.32,2130.54
203,1880.41,2130.1
204,1880.51,2129.66
205,1880.6,2129.21
206,1880.7,2128.77
207,1880.7,2128.21
208,1880.79,2127.77
209,1880.89,2127.33
210,1880.98,2126.88
211,1881.08,2126.44
212,1881.17,2126.0
213,1881.27,2125.55
214,1881.36,2125.11
215,1881.46,2124.67
216,1881.55,2124.22
217,1881.55,2123.67
218,1881.65,2123.22
219,1881.75,2122.78
220,1881.84,2122.34
221,1881.94,2121.89
222,1885.75,2109.25
223,1889.56,2096.61
224,1889.84,2095.17
225,1890.23,2093.73
226,1890.51,2092.4
227,1890.8,2090.96
228,1891.18,2089.52
229,1891.46,2088.08
230,1891.75,2086.64
231,1892.04,2085.31
232,1892.42,2083.86
233,1892.7,2082.42
234,1891.46,2080.43
235,1890.23,2078.54
236,1888.89,2076.66
237,1887.65,2074.66
238,1884.79,2073.11
239,1881.94,2071.56
240,1879.08,2070.01
241,1876.22,2068.45
242,1873.36,2066.9
243,1870.5,2065.35
244,1867.64,2063.8
245,1864.79,2062.24
246,1861.93,2060.69
247,1859.07,2059.14
248,1859.07,2059.14
249,1859.07,2059.14
250,1859.07,2059.14
251,1859.07,2059.14
252,1859.07,2059.14
253,1859.07,2059.14
254,1859.07,2059.14
255,1859.07,2059.14
256,1859.07,2059.14
257,1859.07,2059.14
258,1859.07,2059.14
259,1859.07,2059.14
260,1859.07,2059.14
261,1859.07,2059.14
262,1859.07,2059.14
263,1859.07,2059.14
264,1859.07,2059.14
265,1859.07,2059.14
266,1859.07,2059.14
267,1859.07,2059.14
268,1859.07,2059.14
269,1859.07,2059.14
270,1859.07,2059.14
271,1859.07,2059.14
272,1859.07,2059.14
273,1859.07,2059.14
274,1859.07,2059.14
275,1859.07,2059.14
276,1859.07,2059.14
277,1859.07,2059.14
278,1859.07,2059.14
279,1859.07,2059.14
280,1859.07,2059.14
281,1859.07,2059.14
282,1859.07,2059.14
283,1859.07,2059.14
284,1859.07,2059.14
285,1859.07,2059.14
286,1859.07,2059.14
287,1859.07,2059.14
288,1858.02,2057.48
289,1857.07,2055.81
290,1856.02,2054.15
291,1852.88,2051.38
292,1845.54,2047.28
293,1838.11,2043.17
294,1830.77,2038.96
295,1823.34,2034.86
296,1816.0,2030.76
297,1808.67,2026.65
298,1801.24,2022.55
299,1793.9,2018.34
300,1786.47,2014.24
301,1779.13,2010.13
302,1776.08,2009.02
303,1772.94,2007.92
304,1769.89,2006.7
305,1766.74,2005.59
306,1763.7,2004.48
307,1760.55,2003.37
308,1757.41,2002.26
309,1754.36,2001.04
310,1751.31,1999.93
311,1748.17,1998.82
312,1744.45,1997.05
313,1740.64,1995.39
314,1736.92,1993.61
315,1733.21,1991.95
316,1729.49,1990.18
317,1725.68,1988.51
318,1721.96,1986.74
319,1718.25,1985.08
320,1714.44,1983.3
321,1710.72,1981.53
322,1707.01,1979.87
323,1703.19,1978.09
324,1699.48,1976.43
325,1695.76,1974.65
326,1691.95,1972.99
327,1688.24,1971.22
328,1684.52,1969.55
329,1680.8,1967.78
330,1676.99,1966.12
331,1673.28,1964.34
332,1667.75,1960.68
333,1662.32,1957.03
334,1656.79,1953.37
335,1651.36,1949.71
336,1645.84,1946.16
337,1640.41,1942.5
338,1634.97,1938.84
339,1629.45,1935.18
340,1623.92,1931.52
341,1618.49,1927.87
342,1618.49,1920.33
343,1618.49,1912.68
344,1618.49,1905.14
345,1623.83,1895.82
346,1629.16,1886.51
347,1634.5,1877.31
348,1639.83,1867.99
349,1645.26,1858.68
350,1650.6,1849.37
351,1655.94,1840.05
352,1661.27,1830.85
353,1666.61,1821.54
354,1671.94,1812.22
355,1676.33,1803.91
356,1680.8,1795.48
357,1685.28,1787.17
358,1689.66,1778.85
359,1694.05,1770.54
360,1698.53,1762.11
361,1702.91,1753.79
362,1707.39,1745.48
363,1711.77,1737.05
364,1716.25,1728.74
365,1717.68,1726.41
366,1719.11,1723.97
367,1720.53,1721.64
368,1721.96,1719.2
369,1723.39,1716.87
370,1724.82,1714.55
371,1726.25,1712.11
372,1727.68,1709.78
373,1729.11,1707.34
374,1730.54,1705.01
375,1732.35,1701.68
376,1734.25,1698.36
377,1736.07,1695.03
378,1737.88,1691.71
379,1739.78,1688.38
380,1741.59,1685.05
381,1743.4,1681.73
382,1745.31,1678.4
383,1747.12,1675.07
384,1748.93,1671.75
385,1750.83,1668.42
386,1752.64,1665.1
387,1754.55,1661.77
388,1756.36,1658.44
389,1758.17,1655.12
390,1760.08,1651.79
391,1761.89,1648.46
392,1763.7,1645.14
393,1765.6,1641.81
394,1767.41,1638.49
395,1767.41,1634.61
396,1767.41,1630.61
397,1767.41,1626.73
398,1763.22,1621.63
399,1759.03,1616.64
400,1754.83,1611.54
401,1746.36,1606.22
402,1737.88,1601.01
403,1729.49,1595.69
404,1721.01,1590.37
405,1712.53,1585.16
406,1704.05,1579.83
407,1695.57,1574.51
408,1687.19,1569.19
409,1678.71,1563.98
410,1670.23,1558.66
411,1662.13,1552.23
412,1653.94,1545.69
413,1645.84,1539.25
414,1637.74,1532.82
415,1629.64,1526.39
416,1621.45,1519.85
417,1613.35,1513.42
418,1605.25,1506.99
419,1597.05,1500.45
420,1588.96,1494.02
421,1581.43,1488.92
422,1573.81,1483.71
423,1566.28,1478.61
424,1558.75,1473.51
425,1551.13,1468.41
426,1543.6,1463.2
427,1536.08,1458.1
428,1528.45,1453.0
429,1520.93,1447.89
430,1513.4,1442.68
431,1505.78,1437.58
432,1498.25,1432.48
433,1485.67,1425.94
434,1473.0,1419.51
435,1460.43,1412.97
436,1447.85,1406.43
437,1435.18,1399.89
438,1422.6,1393.46
439,1410.02,1386.91
440,1397.35,1380.37
441,1384.77,1373.94
442,1372.2,1367.4
443,1359.53,1360.86
444,1346.95,1354.32
445,1334.37,1347.89
446,1321.7,1341.35
447,1309.12,1334.8
448,1296.55,1328.26
449,1283.87,1321.83
450,1271.3,1315.29
451,1256.82,1307.97
452,1242.33,1300.77
453,1227.85,1293.45
454,1213.37,1286.24
455,1198.89,1278.92
456,1184.4,1271.61
457,1169.92,1264.4
458,1155.44,1257.08
459,1140.96,1249.88
460,1126.47,1242.56
461,1108.66,1234.02
462,1090.84,1225.48
463,1073.12,1216.95
464,1055.3,1208.41
465,1037.48,1199.98
466,1019.67,1191.44
467,1001.85,1182.91
468,984.13,1174.37
469,966.31,1165.83
470,948.49,1157.3
471,929.15,1150.87
472,909.81,1144.43
473,890.57,1138.0
474,871.22,1131.57
475,851.88,1125.14
476,832.54,1118.6
477,813.2,1112.17
478,793.95,1105.74
479,774.61,1099.31
480,755.27,1092.88
481,734.21,1092.55
482,713.16,1092.1
483,692.01,1091.77
484,670.95,1091.33
485,649.89,1090.99
486,628.84,1090.66
487,607.78,1090.22
488,586.63,1089.88
489,565.57,1089.44
490,544.52,1089.11
491,525.65,1089.44
492,506.88,1089.88
493,488.02,1090.22
494,469.15,1090.55
495,450.38,1090.99
496,431.52,1091.33
497,412.65,1091.66
498,393.88,1092.1
499,375.02,1092.43
500,356.15,1092.77
501,337.38,1093.21
502,318.52,1093.54
503,299.75,1093.99
504,280.88,1094.32
505,262.02,1094.65
506,243.25,1095.1
507,224.38,1095.43
508,205.52,1095.76
509,186.75,1096.2
510,167.88,1096.54
