131,137.87,2158.15
132,138.63,2156.15
133,139.39,2154.05
134,140.15,2152.05
135,140.92,2150.06
136,141.58,2147.95
137,142.35,2145.95
138,143.11,2143.96
139,143.87,2141.85
140,144.63,2139.86
141,145.39,2137.75
142,146.16,2135.75
143,146.92,2133.76
144,147.68,2131.65
145,148.44,2129.66
146,149.11,2127.66
147,149.87,2125.55
148,150.63,2123.56
149,151.4,2121.56
150,152.16,2119.45
151,152.92,2117.46
152,152.92,2117.46
153,152.92,2117.46
154,152.92,2117.46
155,152.92,2117.46
156,152.92,2117.46
157,152.92,2117.46
158,152.92,2117.46
159,152.92,2117.46
160,152.92,2117.46
161,152.92,2117.46
162,152.92,2117.46
163,152.92,2117.46
164,152.92,2117.46
165,152.92,2117.46
166,152.92,2117.46
167,152.92,2117.46
168,152.92,2117.46
169,152.92,2117.46
170,152.92,2117.46
171,152.92,2117.46
172,152.92,2117.46
173,152.92,2117.46
174,152.92,2117.46
175,152.92,2117.46
176,152.92,2117.46
177,152.92,2117.46
178,152.92,2117.46
179,152.92,2117.46
180,152.92,2117.46
181,152.92,2117.46
182,152.92,2117.46
183,152.83,2117.57
184,152.83,2117.68
185,152.83,2117.68
186,152.73,2117.79
187,152.73,2117.79
188,152.73,2117.79
189,152.73,2117.9
190,152.64,2117.9
191,152.64,2118.01
192,158.45,2118.35
193,164.35,2118.57
194,170.17,2118.9
195,176.07,2119.12
196,181.89,2119.45
197,187.79,2119.68
198,193.61,2120.01
199,199.51,2120.34
200,205.32,2120.56
201,211.23,2120.9
202,217.04,2121.12
203,222.95,2121.45
204,228.76,2121.67
205,234.67,2122.0
206,240.48,2122.34
207,246.39,2122.56
208,252.2,2122.89
209,258.11,2123.11
210,263.92,2123.45
211,269.83,2123.67
212,275.64,2124.0
213,283.07,2127.66
214,290.6,2131.21
215,298.03,2134.76
216,305.56,2138.41
217,312.99,2142.07
218,320.42,2145.62
219,327.95,2149.28
220,335.38,2152.83
221,342.91,2156.49
222,350.34,2160.03
223,352.05,2160.7
224,353.77,2161.25
225,355.39,2161.92
226,357.1,2162.47
227,358.82,2163.03
228,360.53,2163.69
229,362.25,2164.25
230,363.87,2164.91
231,365.58,2165.58
232,367.3,2166.13
233,368.54,2166.69
234,369.68,2167.24
235,370.92,2167.68
236,372.16,2168.24
237,373.4,2168.79
238,374.54,2169.35
239,375.78,2169.9
240,377.02,2170.35
241,378.16,2170.9
242,379.4,2171.45
243,385.59,2172.9
244,391.78,2174.34
245,397.88,2175.67
246,404.08,2177.11
247,410.27,2178.55
248,416.46,2179.99
249,422.65,2181.43
250,428.75,2182.76
251,434.95,2184.2
252,441.14,2185.65
253,446.47,2184.43
254,451.71,2183.1
255,457.05,2181.88
256,462.29,2180.66
257,467.63,2179.33
258,472.87,2178.11
259,478.2,2176.89
260,483.54,2175.56
261,488.78,2174.34
262,494.11,2173.12
263,499.35,2171.79
264,504.69,2170.57
265,509.93,2169.35
266,515.26,2168.02
267,520.6,2166.8
268,525.84,2165.58
269,531.18,2164.25
270,536.42,2163.03
271,541.75,2161.81
272,547.09,2160.59
273,552.33,2159.26
274,557.66,2158.04
275,562.9,2156.82
276,568.24,2155.49
277,573.48,2154.27
278,578.82,2153.05
279,584.15,2151.72
280,589.39,2150.5
281,594.73,2149.28
282,599.97,2147.95
283,605.3,2146.73
284,610.54,2145.51
285,615.88,2144.18
286,621.21,2142.96
287,626.45,2141.74
288,631.79,2140.41
289,637.03,2139.19
290,642.37,2137.97
291,647.61,2136.64
292,652.94,2135.42
293,655.9,2121.34
294,658.94,2107.26
295,661.9,2093.07
296,664.95,2078.99
297,667.9,2064.91
298,670.85,2050.82
299,673.9,2036.74
300,676.86,2022.55
301,679.91,2008.47
302,682.86,1994.39
303,683.05,1982.97
304,683.34,1971.66
305,683.53,1960.24
306,683.72,1948.93
307,683.91,1937.51
308,684.19,1926.2
309,684.38,1914.78
310,684.57,1903.47
311,684.76,1892.05
312,685.05,1880.74
313,685.24,1869.32
314,697.82,1869.77
315,710.3,1870.21
316,722.88,1870.54
317,735.45,1870.99
318,747.93,1871.43
319,760.51,1871.87
320,772.99,1872.21
321,785.57,1872.65
322,798.15,1873.09
323,810.63,1873.54
324,823.2,1873.98
325,835.78,1874.31
326,848.26,1874.76
327,860.84,1875.2
328,873.7,1876.09
329,886.66,1876.97
330,899.52,1877.86
331,912.38,1878.75
332,925.25,1879.64
333,938.2,1880.52
334,951.07,1881.41
335,963.93,1882.3
336,976.89,1883.18
337,989.75,1884.07
338,998.04,1886.73
339,1006.33,1889.39
340,1014.62,1892.05
341,1022.91,1894.71
342,1031.2,1897.38
343,1039.49,1900.04
344,1042.82,1904.69
345,1046.16,1909.35
346,1049.49,1914.12
347,1052.82,1918.77
348,1056.16,1923.43
349,1059.49,1928.09
350,1062.83,1932.74
351,1066.16,1937.51
352,1069.5,1942.17
353,1072.83,1946.82
354,1076.17,1951.48
355,1079.5,1956.25
356,1082.84,1960.91
357,1086.17,1965.56
358,1097.03,1991.29
359,1107.8,2017.01
360,1118.66,2042.84
361,1129.52,2068.56
362,1131.24,2071.22
363,1132.95,2073.89
364,1134.67,2076.66
365,1136.38,2079.32
366,1138.1,2081.98
367,1139.72,2084.64
368,1141.43,2087.3
369,1143.15,2089.96
370,1144.86,2092.62
371,1146.58,2095.4
372,1148.29,2098.06
373,1150.01,2100.72
374,1151.15,2101.71
375,1152.2,2102.71
376,1153.34,2103.71
377,1154.39,2104.71
378,1155.53,2105.71
379,1156.58,2106.7
380,1157.73,2107.7
381,1158.77,2108.7
382,1159.92,2109.7
383,1161.06,2110.81
384,1162.11,2111.8
385,1163.25,2112.8
386,1164.3,2113.8
387,1165.44,2114.8
388,1166.49,2115.8
389,1167.63,2116.79
390,1168.68,2117.79
391,1169.83,2118.79
392,1178.69,2121.01
393,1187.55,2123.22
394,1196.5,2125.44
395,1205.37,2127.66
396,1214.23,2129.88
397,1223.09,2132.09
398,1231.95,2134.31
399,1240.9,2136.53
400,1249.76,2138.75
401,1258.63,2140.96
402,1265.1,2142.18
403,1271.58,2143.4
404,1278.06,2144.51
405,1284.54,2145.73
406,1291.02,2146.95
407,1297.5,2148.17
408,1303.98,2149.39
409,1310.46,2150.5
410,1316.94,2151.72
411,1323.41,2152.94
412,1328.18,2154.05
413,1332.94,2155.05
414,1337.71,2156.04
415,1342.47,2157.15
416,1347.23,2158.26
417,1352.0,2159.26
418,1356.76,2160.37
419,1361.53,2161.36
420,1366.29,2162.47
421,1371.05,2163.47
422,1371.82,2163.58
423,1372.67,2163.69
424,1373.44,2163.8
425,1374.2,2163.91
426,1374.96,2164.03
427,1375.82,2164.14
428,1376.58,2164.25
429,1377.34,2164.36
430,1378.2,2164.47
431,1378.96,2164.58
432,1383.15,2165.13
433,1387.25,2165.69
434,1391.44,2166.24
435,1395.64,2166.8
436,1399.73,2167.35
437,1403.93,2167.91
438,1408.12,2168.46
439,1412.31,2169.02
440,1416.41,2169.57
441,1420.6,2170.12
442,1424.79,2170.68
443,1428.89,2171.23
444,1433.08,2171.79
445,1437.27,2172.34
446,1441.46,2172.9
447,1445.56,2173.45
448,1449.75,2174.0
449,1453.95,2174.56
450,1458.04,2175.11
451,1462.24,2175.67
452,1468.52,2177.33
453,1474.72,2178.88
454,1481.01,2180.55
455,1487.2,2182.21
456,1493.49,2183.76
457,1499.77,2185.42
458,1505.97,2187.09
459,1512.26,2188.75
460,1518.45,2190.3
461,1524.74,2191.97
