132,521.17,41.02
133,516.79,41.91
134,512.41,42.8
135,508.02,43.57
136,503.64,44.46
137,499.35,45.35
138,494.97,46.23
139,490.59,47.12
140,486.2,47.9
141,481.82,48.78
142,477.44,49.67
143,473.06,50.56
144,468.67,51.33
145,464.29,52.22
146,459.91,53.11
147,455.62,54.0
148,451.24,54.88
149,446.85,55.66
150,442.47,56.55
151,438.09,57.43
152,431.61,55.77
153,425.13,54.11
154,418.65,52.44
155,412.17,50.89
156,405.69,49.23
157,399.22,47.56
158,392.83,45.9
159,386.35,44.24
160,379.87,42.58
161,373.4,41.02
162,366.92,39.36
163,360.44,37.7
164,353.96,36.03
165,346.24,31.27
166,338.52,26.5
167,330.81,21.73
168,323.09,16.85
169,315.37,12.09
170,307.65,7.32
171,299.94,2.55
172,299.36,3.88
173,298.89,5.1
174,298.32,6.43
175,297.84,7.76
176,297.27,9.09
177,296.79,10.31
178,296.22,11.64
179,295.65,12.97
180,295.17,14.19
181,294.6,15.52
182,294.12,16.85
183,293.55,18.07
184,292.98,19.4
185,292.5,20.73
186,291.93,22.06
187,291.46,23.28
188,290.88,24.61
189,290.41,25.94
190,289.84,27.16
191,289.26,28.49
192,288.79,29.82
193,288.22,31.04
194,287.74,32.38
195,287.17,33.71
196,286.69,35.04
197,286.12,36.26
198,285.55,37.59
199,285.07,38.92
200,284.5,40.14
201,284.02,41.47
202,283.45,42.8
203,282.88,44.13
204,282.4,45.35
205,281.83,46.68
206,281.36,48.01
207,280.79,49.23
208,280.31,50.56
209,279.74,51.89
210,279.17,53.11
211,278.69,54.44
212,278.12,55.77
213,277.64,57.1
214,277.07,58.32
215,276.59,59.65
216,276.02,60.98
217,275.45,62.2
218,274.97,63.53
219,274.4,64.86
220,273.92,66.08
221,273.35,67.41
222,272.88,68.74
223,272.31,70.07
224,271.73,71.29
225,271.26,72.62
226,270.69,73.95
227,270.21,75.17
228,269.64,76.5
229,269.07,77.83
230,268.59,79.16
231,268.02,80.38
232,267.54,81.71
233,266.97,83.04
234,266.49,84.26
235,265.92,85.59
236,265.35,86.92
237,264.87,88.14
238,264.3,89.47
239,263.83,90.81
240,263.25,92.14
241,262.78,93.36
242,262.21,94.69
243,261.63,96.02
244,261.16,97.24
245,260.59,98.57
246,260.11,99.9
247,259.54,101.12
248,258.97,102.45
249,258.49,103.78
250,257.92,105.11
251,257.44,106.33
252,256.87,107.66
253,256.39,108.99
254,255.82,110.21
255,255.25,111.54
256,254.77,112.87
257,254.2,114.2
258,253.73,115.42
259,253.15,116.75
260,252.68,118.08
261,252.11,119.3
262,251.53,120.63
263,251.06,121.96
264,250.49,123.18
265,250.01,124.51
266,249.44,125.84
267,248.87,127.17
268,248.39,128.39
269,247.82,129.72
270,247.34,131.05
271,246.77,132.27
272,246.29,133.6
273,245.72,134.93
274,245.15,136.15
275,244.67,137.48
276,244.1,138.81
277,243.63,140.14
278,243.05,141.36
279,242.58,142.69
280,242.01,144.02
281,241.44,145.24
282,240.96,146.57
283,240.39,147.91
284,239.91,149.24
285,239.34,150.46
286,238.86,151.79
287,238.29,153.12
288,237.72,154.34
289,237.24,155.67
290,236.67,157.0
291,236.19,158.22
292,235.62,159.55
293,235.05,160.88
294,234.58,162.21
295,234.0,163.43
296,233.53,164.76
297,232.96,166.09
298,232.48,167.31
299,231.91,168.64
300,231.34,169.97
301,230.86,171.19
302,230.29,172.52
303,229.81,173.85
304,229.24,175.18
305,228.76,176.4
306,228.19,177.73
307,227.62,179.06
308,227.14,180.28
309,226.57,181.61
310,226.1,182.94
311,225.52,184.27
312,224.95,185.49
313,224.48,186.82
314,223.9,188.15
315,223.43,189.37
316,222.86,190.7
317,222.38,192.03
318,221.81,193.25
319,221.24,194.58
320,220.76,195.91
321,220.19,197.24
322,219.71,198.46
323,219.14,199.79
324,218.66,201.12
325,218.09,202.34
326,217.52,203.67
327,217.04,205.0
328,216.47,206.22
329,216.0,207.55
330,215.42,208.89
331,214.85,210.22
332,214.38,211.44
333,213.8,212.77
334,213.33,214.1
335,212.76,215.32
336,212.28,216.65
337,211.71,217.98
338,211.14,219.31
339,210.66,220.53
340,210.09,221.86
341,209.61,223.19
342,209.04,224.41
343,208.56,225.74
344,207.99,227.07
345,207.42,228.29
346,206.94,229.62
347,206.37,230.95
348,205.9,232.28
349,205.32,233.5
350,204.85,234.83
351,204.28,236.16
352,203.7,237.38
353,203.23,238.71
354,202.66,240.04
355,202.18,241.26
356,201.61,242.59
357,201.04,243.92
358,200.56,245.25
359,199.99,246.47
360,199.51,247.8
361,198.94,249.13
362,198.46,250.35
363,197.89,251.68
364,197.32,253.01
365,196.84,254.34
366,196.27,255.56
367,195.8,256.89
368,195.23,258.22
369,194.75,259.44
370,194.18,260.77
371,193.61,262.1
372,193.13,263.32
373,192.56,264.65
374,192.08,265.99
375,191.51,267.32
376,190.94,268.54
377,190.46,269.87
378,189.89,271.2
379,189.41,272.42
380,188.84,273.75
381,188.37,275.08
382,187.79,276.3
383,187.22,277.63
384,186.75,278.96
385,186.17,280.29
386,185.7,281.51
387,185.13,282.84
388,184.65,284.17
389,184.08,285.39
390,183.51,286.72
391,183.03,288.05
392,182.46,289.38
393,181.98,290.6
394,181.41,291.93
395,180.84,293.26
396,180.36,294.48
397,179.79,295.81
398,179.31,297.14
399,178.74,298.36
400,178.27,299.69
401,177.69,301.02
402,177.12,302.35
403,176.65,303.57
404,176.07,304.9
405,175.6,306.23
406,175.03,307.45
407,174.55,308.78
408,173.98,310.11
409,173.41,311.33
410,172.93,312.66
411,172.36,313.99
412,171.88,315.32
413,171.31,316.54
414,170.83,317.87
415,170.26,319.2
416,169.69,320.42
417,169.21,321.75
418,168.64,323.08
419,168.17,324.42
420,167.59,325.63
421,167.02,326.97
422,166.55,328.3
423,165.97,329.52
424,165.5,330.85
425,164.93,332.18
426,164.45,333.4
427,163.88,334.73
428,163.31,336.06
429,162.83,337.39
430,162.26,338.61
431,161.78,339.94
432,161.21,341.27
433,160.73,342.49
434,160.16,343.82
435,159.59,345.15
436,159.11,346.37
437,158.54,347.7
438,158.07,349.03
439,157.49,350.36
440,156.92,351.58
441,156.45,352.91
442,155.88,354.24
443,155.4,355.46
444,154.83,356.79
445,154.35,358.12
446,153.78,359.45
447,153.21,360.67
448,152.73,362.0
449,152.16,363.33
450,151.68,364.55
451,151.11,365.88
452,150.63,367.21
453,150.06,368.43
454,149.49,369.76
455,149.02,371.09
456,148.44,372.42
457,147.97,373.64
458,147.4,374.97
459,146.82,376.3
460,146.35,377.52
461,145.78,378.85
462,145.3,380.18
463,144.73,381.4
464,144.25,382.73
465,143.68,384.07
466,143.11,385.4
467,142.63,386.62
468,142.06,387.95
469,141.58,389.28
470,141.01,390.5
471,140.54,391.83
472,139.96,393.16
473,139.39,394.38
474,138.92,395.71
475,138.34,397.04
476,137.87,398.37
477,137.3,399.59
478,136.72,400.92
479,136.25,402.25
480,135.68,403.47
481,135.2,404.8
482,134.63,406.13
483,134.15,407.46
484,133.58,408.68
485,133.01,410.01
486,132.53,411.34
487,131.96,412.56
488,131.48,413.89
489,130.91,415.22
490,130.44,416.44
491,129.86,417.77
492,129.29,419.1
493,128.82,420.43
494,128.24,421.65
495,127.77,422.98
496,127.2,424.31
497,126.72,425.53
498,126.15,426.86
499,125.58,428.19
500,125.1,429.41
501,124.53,430.74
502,124.05,432.07
503,123.48,433.4
504,122.91,434.62
505,122.43,435.95
506,121.86,437.28
507,121.38,438.5
508,120.81,439.83
509,120.34,441.17
510,119.76,442.5
511,119.19,443.72
512,118.72,445.05
513,118.15,446.38
514,117.67,447.6
515,117.1,448.93
516,116.62,450.26
517,116.05,451.48
518,115.48,452.81
519,115.0,454.14
520,114.43,455.47
521,113.95,456.69
522,113.38,458.02
523,112.81,459.35
524,112.33,460.57
525,111.76,461.9
526,111.28,463.23
527,110.71,464.45
528,110.24,465.78
529,109.67,467.11
530,109.09,468.44
531,108.62,469.66
532,108.05,470.99
533,107.57,472.32
534,107.0,473.54
535,106.52,474.87
536,105.95,476.2
537,105.38,477.53
538,104.9,478.75
539,104.33,480.08
540,103.85,481.41
541,103.28,482.63
542,102.71,483.96
543,102.23,485.29
544,101.66,486.51
545,101.19,487.84
546,100.61,489.17
547,100.14,490.5
548,99.57,491.72
549,98.99,493.05
550,98.52,494.38
551,97.95,495.6
552,97.47,496.93
553,96.9,498.26
554,96.42,499.48
555,95.85,500.81
556,95.28,502.15
557,94.8,503.48
558,94.23,504.7
559,93.75,506.03
560,93.18,507.36
561,92.71,508.58
562,92.13,509.91
563,91.56,511.24
564,91.09,512.57
565,90.51,513.79
566,90.04,515.12
567,89.47,516.45
568,88.89,517.67
569,88.42,519.0
570,87.85,520.33
571,87.37,521.55
572,86.8,522.88
573,86.32,524.21
574,85.75,525.54
575,85.18,526.76
576,84.7,528.09
577,84.13,529.42
578,83.65,530.64
579,83.08,531.97
580,82.61,533.3
581,82.03,534.52
582,81.46,535.85
583,80.99,537.18
584,80.41,538.51
585,79.94,539.73
586,79.37,541.06
587,78.8,542.39
588,78.32,543.61
589,77.75,544.94
590,77.27,546.27
591,76.7,547.6
592,76.22,548.82
593,75.65,550.15
594,75.08,551.48
595,74.6,552.7
596,74.03,554.03
597,73.55,555.36
598,72.98,556.58
599,72.51,557.91
600,71.94,559.25
601,71.36,560.58
602,70.89,561.8
603,70.32,563.13
604,69.84,564.46
605,69.27,565.68
606,68.7,567.01
607,68.22,568.34
608,67.65,569.56
609,67.17,570.89
610,66.6,572.22
611,66.12,573.55
612,65.55,574.77
613,64.98,576.1
614,64.5,577.43
615,63.93,578.65
616,63.46,579.98
617,62.88,581.31
618,62.41,582.64
619,61.84,583.86
620,61.26,585.19
621,60.79,586.52
622,60.22,587.74
623,59.74,589.07
624,59.17,590.4
625,58.69,591.62
626,58.12,592.95
627,57.55,594.28
628,57.07,595.61
629,56.5,596.83
630,56.02,598.16
631,55.45,599.49
632,54.88,600.71
633,54.4,602.04
634,53.83,603.37
635,53.36,604.59
636,52.78,605.92
637,52.31,607.25
638,51.74,608.58
639,51.16,609.8
640,50.69,611.13
641,50.12,612.46
642,49.64,613.68
643,49.07,615.01
644,48.59,616.34
645,48.02,617.68
646,47.45,618.89
647,46.97,620.23
648,46.4,621.56
649,45.92,622.78
650,45.35,624.11
651,44.78,625.44
652,44.3,626.66
653,43.73,627.99
654,43.26,629.32
655,42.68,630.65
656,42.21,631.87
657,41.64,633.2
658,41.06,634.53
659,40.59,635.75
660,40.02,637.08
661,39.54,638.41
662,38.97,639.63
663,38.49,640.96
664,37.92,642.29
665,37.35,643.62
666,36.87,644.84
667,36.3,646.17
668,35.82,647.5
669,35.25,648.72
670,34.68,650.05
671,34.2,651.38
672,33.63,652.71
673,33.16,653.93
674,32.59,655.26
675,32.11,656.59
676,31.54,657.81
677,30.97,659.14
678,30.49,660.47
679,29.92,661.69
680,29.44,663.02
681,28.87,664.35
682,28.39,665.68
683,27.82,666.9
684,27.25,668.23
685,26.77,669.56
686,26.2,670.78
687,25.73,672.11
688,25.15,673.44
689,24.68,674.66
690,24.11,675.99
691,23.53,677.33
692,23.06,678.66
693,22.49,679.88
694,22.01,681.21
695,21.44,682.54
696,20.87,683.76
697,20.39,685.09
698,19.82,686.42
699,19.34,687.75
700,18.77,688.97
701,18.29,690.3
702,17.72,691.63
703,17.15,692.85
704,16.67,694.18
705,16.1,695.51
706,15.63,696.73
707,15.05,698.06
708,14.58,699.39
709,14.01,700.72
710,13.43,701.94
711,12.96,703.27
712,12.39,704.6
713,11.91,705.82
714,11.34,707.15
715,10.77,708.48
716,10.29,709.7
717,9.72,711.03
718,9.24,712.36
719,8.67,713.69
720,8.19,714.91
721,7.62,716.24
722,7.62,716.24
723,7.62,716.24
724,7.62,716.24
725,7.62,716.24
726,7.62,716.24
727,7.62,716.24
728,7.62,716.24
729,7.62,716.24
730,7.62,716.24
731,7.62,716.24
732,7.62,716.24
733,7.62,716.24
734,7.62,716.24
735,7.62,716.24
736,7.62,716.24
737,7.62,716.24
738,7.62,716.24
739,7.62,716.24
740,7.62,716.24
741,7.62,716.24
742,7.62,716.24
743,7.62,716.24
744,7.62,716.24
745,7.62,716.24
746,7.62,716.24
747,7.62,716.24
748,7.62,716.24
749,7.62,716.24
750,7.62,716.24
751,7.62,716.24
752,7.62,716.24
753,7.62,716.24
754,7.62,716.24
755,7.62,716.24
756,7.62,716.24
757,7.62,716.24
758,7.62,716.24
759,7.62,716.24
760,7.72,716.24
761,7.81,716.24
762,7.91,716.35
763,8.0,716.35
764,8.1,716.35
765,8.19,716.35
766,8.29,716.35
767,8.38,716.46
768,8.48,716.46
769,8.58,716.46
770,10.29,717.02
771,12.01,717.57
772,13.82,718.02
773,15.53,718.57
774,17.25,719.12
775,18.96,719.68
776,20.68,720.23
777,22.49,720.68
778,24.2,721.23
779,25.92,721.79
780,29.82,722.89
781,33.73,723.89
782,37.63,725.0
783,41.54,726.11
784,45.45,727.11
785,49.35,728.22
786,53.26,729.32
787,57.17,730.43
788,61.07,731.43
789,64.98,732.54
790,70.98,733.98
791,76.98,735.42
792,82.99,736.75
793,88.99,738.19
794,94.99,739.64
795,101.09,741.08
796,107.09,742.41
797,113.1,743.85
798,119.1,745.29
799,125.1,746.73
800,131.1,748.06
801,137.11,749.5
802,143.11,750.95
803,149.11,752.39
804,155.11,753.72
805,161.21,755.16
806,167.21,756.6
807,173.22,758.04
808,179.22,759.37
809,185.22,760.81
810,191.22,762.25
811,192.65,762.59
812,194.18,762.81
813,195.61,763.14
814,197.04,763.47
815,198.56,763.7
816,199.99,764.03
817,201.51,764.25
818,202.94,764.58
819,204.37,764.92
820,205.9,765.14
821,207.33,765.47
822,208.75,765.8
823,210.28,766.02
824,211.71,766.36
825,213.14,766.69
826,214.66,766.91
827,216.09,767.24
828,217.62,767.47
829,219.04,767.8
830,220.47,768.13
831,222.0,768.35
832,223.43,768.68
833,230.76,772.23
834,232.38,772.9
835,234.0,773.67
836,235.62,774.34
837,237.24,775.0
838,238.86,775.78
839,240.48,776.45
840,242.1,777.11
841,243.72,777.89
842,245.34,778.55
843,245.91,778.77
844,246.58,778.89
845,247.15,779.11
846,247.72,779.22
847,248.3,779.44
848,248.96,779.66
849,249.53,779.77
850,250.11,779.99
851,250.77,780.1
852,251.34,780.33
853,253.06,780.66
854,254.68,781.1
855,256.39,781.44
856,258.11,781.77
857,259.82,782.1
858,261.54,782.43
859,263.16,782.88
860,264.87,783.21
861,266.59,783.54
862,268.3,783.87
863,269.92,784.32
864,271.64,784.65
865,273.35,784.98
866,275.07,785.32
867,276.69,785.76
868,278.4,786.09
869,280.12,786.42
870,281.83,786.76
871,283.45,787.2
872,285.17,787.53
873,286.98,787.98
874,288.79,788.42
875,290.6,788.86
876,292.41,789.31
877,294.22,789.64
878,296.03,790.08
879,297.84,790.53
880,299.65,790.97
881,301.46,791.41
882,303.27,791.86
883,306.51,792.41
884,309.65,792.97
885,312.89,793.52
886,316.04,794.07
887,319.18,794.63
888,322.42,795.29
889,325.57,795.85
890,328.81,796.4
891,331.95,796.96
892,335.19,797.51
893,335.95,797.73
894,336.71,797.96
895,337.48,798.18
896,338.24,798.4
897,339.0,798.51
898,339.76,798.73
899,340.52,798.95
900,341.29,799.18
901,342.05,799.4
902,342.81,799.62
903,342.81,799.62
904,342.81,799.62
905,342.81,799.62
906,342.81,799.62
907,342.81,799.62
908,342.81,799.62
909,342.81,799.62
910,342.81,799.62
911,342.81,799.62
912,342.81,799.62
913,342.81,799.62
914,342.81,799.62
915,342.81,799.62
916,342.81,799.62
917,342.81,799.62
918,342.81,799.62
919,342.81,799.62
920,342.81,799.62
921,342.81,799.62
922,342.81,799.62
923,342.81,799.62
924,342.81,799.62
925,342.81,799.62
926,342.81,799.62
927,342.81,799.62
928,342.81,799.62
929,342.81,799.62
930,342.81,799.62
931,342.81,799.62
932,342.81,799.62
933,342.81,799.62
934,342.81,799.62
935,342.81,799.62
936,342.81,799.62
937,342.81,799.62
938,342.81,799.62
939,342.81,799.62
940,342.81,799.62
941,342.81,799.62
942,342.81,799.62
943,342.81,799.62
944,342.81,799.62
945,342.81,799.62
946,342.81,799.62
947,342.81,799.62
948,342.81,799.62
949,342.81,799.62
950,342.81,799.62
951,342.81,799.62
952,342.81,799.62
953,342.81,799.62
954,342.81,799.62
955,342.81,799.62
956,342.81,799.62
957,342.81,799.62
958,342.81,799.62
959,342.81,799.62
960,342.81,799.62
961,342.81,799.62
962,342.81,799.62
963,342.81,799.62
964,342.81,799.62
965,342.81,799.62
966,342.81,799.62
967,342.81,799.62
968,342.81,799.62
969,342.81,799.62
970,342.81,799.62
971,342.81,799.62
972,342.81,799.62
973,343.48,799.84
974,344.24,800.06
975,344.91,800.28
976,345.57,800.51
977,346.24,800.73
978,346.91,800.95
979,347.67,801.17
980,348.34,801.39
981,349.0,801.61
982,349.67,801.95
983,350.43,802.17
984,351.1,802.39
985,351.77,802.61
986,352.43,802.83
987,353.2,803.06
988,353.86,803.28
989,354.53,803.5
990,355.2,803.72
991,355.96,803.94
992,356.63,804.16
993,357.1,806.38
994,357.58,808.71
995,357.96,810.93
996,358.44,813.26
997,358.91,815.47
998,357.96,821.35
999,357.1,827.34
1000,356.15,833.21
1001,355.2,839.09
1002,354.34,845.08
1003,353.39,850.95
1004,352.43,856.83
1005,351.48,862.71
1006,350.62,868.69
1007,349.67,874.57
1008,349.19,878.12
1009,348.81,881.66
1010,348.43,885.32
1011,347.96,888.87
1012,347.48,892.42
1013,347.1,895.97
1014,346.62,899.52
1015,346.24,903.17
1016,345.86,906.72
1017,345.38,910.27
1018,344.81,914.04
1019,344.24,917.81
1020,343.57,921.47
1021,343.0,925.24
1022,342.43,929.01
1023,341.86,932.78
1024,341.29,936.55
1025,340.62,940.21
1026,340.05,943.98
1027,339.48,947.75
1028,337.95,950.07
1029,336.52,952.51
1030,335.0,954.84
1031,333.57,957.28
1032,332.04,959.61
1033,330.52,962.05
1034,329.09,964.38
1035,327.57,966.82
1036,326.14,969.25
1037,324.61,971.58
1038,316.8,973.02
1039,308.89,974.35
1040,301.08,975.8
1041,293.27,977.24
1042,285.45,978.68
1043,277.55,980.01
1044,269.73,981.45
1045,261.92,982.89
1046,254.11,984.33
1047,246.2,985.77
1048,238.39,987.11
1049,230.57,988.55
1050,222.76,989.99
1051,214.95,991.32
1052,207.04,992.76
1053,199.23,994.2
1054,191.41,995.64
1055,183.51,996.97
1056,175.69,998.41
1057,167.88,999.86
1058,163.5,999.86
1059,159.11,999.74
1060,154.64,999.74
1061,150.25,999.74
1062,145.87,999.63
1063,141.49,999.63
1064,137.11,999.63
1065,132.63,999.63
1066,128.24,999.52
1067,123.86,999.52
1068,123.86,999.52
1069,123.86,999.52
1070,123.86,999.52
1071,123.86,999.52
1072,123.86,999.52
1073,123.86,999.52
1074,123.86,999.52
1075,123.86,999.52
1076,123.86,999.52
1077,123.86,999.52
1078,123.86,999.52
1079,123.86,999.52
1080,123.86,999.52
1081,123.86,999.52
1082,123.86,999.52
1083,123.86,999.52
1084,123.86,999.52
1085,123.86,999.52
1086,123.86,999.52
1087,123.86,999.52
1088,123.86,999.52
1089,123.86,999.52
1090,123.86,999.52
1091,123.86,999.52
1092,123.86,999.52
1093,123.86,999.52
1094,123.86,999.52
1095,123.86,999.52
1096,123.86,999.52
1097,123.86,999.52
1098,123.86,999.52
1099,123.86,999.52
1100,123.86,999.52
1101,123.86,999.52
1102,123.86,999.52
1103,123.86,999.52
1104,123.86,999.52
1105,123.86,999.52
1106,123.86,999.52
1107,123.86,999.52
1108,123.86,999.52
1109,123.86,999.52
1110,123.86,999.52
1111,123.86,999.52
1112,123.86,999.52
1113,123.86,999.52
1114,123.86,999.52
1115,123.86,999.52
1116,123.86,999.52
1117,123.86,999.52
1118,121.19,998.64
1119,118.53,997.75
1120,115.86,996.97
1121,113.19,996.09
1122,110.52,995.2
1123,107.85,994.31
1124,105.19,993.43
1125,102.52,992.65
1126,99.85,991.76
1127,97.18,990.88
1128,96.04,990.21
1129,94.9,989.54
1130,93.66,988.88
1131,92.52,988.21
1132,91.37,987.55
1133,90.23,986.88
1134,89.09,986.22
1135,87.85,985.55
1136,86.7,984.89
1137,85.56,984.22
1138,83.46,979.34
1139,81.27,974.35
1140,79.18,969.48
1141,76.98,964.49
1142,74.89,959.61
1143,72.7,954.73
1144,70.6,949.74
1145,68.41,944.86
1146,66.31,939.87
1147,64.12,934.99
1148,64.12,934.33
1149,64.22,933.66
1150,64.22,932.89
1151,64.22,932.22
1152,64.31,931.56
1153,64.31,930.89
1154,64.31,930.23
1155,64.41,929.45
1156,64.41,928.79
1157,64.41,928.12
1158,64.5,927.46
1159,64.5,926.79
1160,64.5,926.01
1161,64.6,925.35
1162,64.6,924.68
1163,64.6,924.02
1164,64.69,923.35
1165,64.69,922.58
1166,64.69,921.91
1167,64.79,921.25
1168,64.79,920.58
1169,64.79,919.92
1170,64.88,919.14
1171,64.88,918.47
1172,64.88,917.81
1173,64.98,917.14
1174,64.98,916.48
1175,64.98,915.7
1176,65.08,915.04
1177,65.08,914.37
1178,65.17,914.15
1179,65.27,913.93
1180,65.36,913.71
1181,65.46,913.49
1182,65.55,913.26
1183,65.65,913.04
1184,65.74,912.82
1185,65.84,912.6
1186,65.93,912.38
1187,66.03,912.15
1188,65.65,909.6
1189,65.36,907.05
1190,64.98,904.5
1191,64.69,901.95
1192,64.31,899.52
1193,64.03,896.97
1194,63.74,894.42
1195,63.36,891.87
1196,63.07,889.32
1197,62.69,886.76
