193,1460.14,2199.95
194,1464.24,2192.08
195,1468.24,2184.2
196,1472.24,2176.33
197,1476.34,2168.46
198,1480.43,2160.59
199,1484.44,2152.72
200,1488.44,2144.84
201,1492.53,2136.97
202,1496.63,2129.1
203,1500.63,2121.23
204,1504.63,2113.36
205,1508.73,2105.48
206,1513.88,2096.28
207,1519.02,2087.19
208,1524.17,2077.99
209,1529.22,2068.9
210,1534.36,2059.69
211,1539.51,2050.6
212,1544.65,2041.4
213,1545.6,2039.63
214,1546.56,2037.85
215,1547.6,2036.08
216,1548.56,2034.3
217,1549.51,2032.53
218,1550.46,2030.76
219,1551.51,2028.98
220,1552.46,2027.21
221,1553.42,2025.43
222,1554.37,2023.66
223,1555.42,2021.89
224,1556.37,2020.11
225,1556.37,2020.11
226,1556.37,2020.11
227,1556.37,2020.11
228,1556.37,2020.11
229,1556.37,2020.11
230,1556.37,2020.11
231,1556.37,2020.11
232,1556.37,2020.11
233,1556.37,2020.11
234,1556.66,2019.56
235,1557.04,2019.0
236,1557.32,2018.56
237,1557.61,2018.01
238,1557.89,2017.45
239,1558.28,2016.9
240,1558.56,2016.34
241,1558.85,2015.9
242,1559.23,2015.34
243,1559.51,2014.79
244,1560.66,2012.68
245,1561.8,2010.47
246,1563.04,2008.36
247,1564.18,2006.25
248,1565.33,2004.04
249,1566.47,2001.93
250,1567.71,1999.82
251,1568.85,1997.6
252,1570.0,1995.5
253,1572.47,1991.06
254,1574.95,1986.74
255,1577.43,1982.3
256,1579.9,1977.87
257,1582.38,1973.55
258,1584.86,1969.11
259,1587.34,1964.68
260,1589.81,1960.35
261,1592.29,1955.92
262,1594.77,1951.48
263,1597.15,1947.16
264,1599.63,1942.72
265,1602.1,1938.29
266,1604.58,1933.96
267,1607.06,1929.53
268,1609.54,1925.09
269,1612.01,1920.77
270,1614.49,1916.33
271,1616.97,1911.9
272,1619.44,1907.58
273,1621.92,1903.14
274,1627.73,1893.27
275,1633.55,1883.41
276,1639.45,1873.65
277,1645.26,1863.78
278,1651.08,1853.91
279,1656.89,1844.05
280,1662.7,1834.18
281,1668.61,1824.42
282,1674.42,1814.55
283,1680.23,1804.69
284,1684.81,1796.92
285,1689.47,1789.05
286,1694.05,1781.29
287,1698.72,1773.53
288,1703.29,1765.66
289,1707.96,1757.9
290,1712.53,1750.02
291,1717.1,1742.26
292,1721.77,1734.5
293,1726.35,1726.63
294,1731.02,1718.87
295,1735.59,1711.11
296,1740.26,1703.24
297,1744.83,1695.48
298,1750.83,1685.83
299,1756.93,1676.07
300,1762.93,1666.43
301,1769.03,1656.67
302,1775.03,1647.02
303,1775.03,1647.02
304,1775.03,1647.02
305,1775.03,1647.02
306,1775.03,1647.02
307,1775.03,1647.02
308,1775.03,1647.02
309,1775.03,1647.02
310,1775.03,1647.02
311,1775.03,1647.02
312,1775.03,1647.02
313,1775.03,1647.02
314,1775.03,1647.02
315,1775.03,1647.02
316,1775.03,1647.02
317,1775.03,1647.02
318,1775.03,1647.02
319,1775.03,1647.02
320,1775.03,1647.02
321,1775.03,1647.02
322,1775.03,1647.02
323,1775.03,1647.02
324,1775.03,1647.02
325,1775.03,1647.02
326,1775.03,1647.02
327,1775.03,1647.02
328,1775.03,1647.02
329,1775.03,1647.02
330,1775.03,1647.02
331,1775.03,1647.02
332,1775.03,1647.02
333,1775.03,1647.02
334,1775.03,1647.02
335,1775.03,1647.02
336,1775.03,1647.02
337,1775.03,1647.02
338,1775.03,1647.02
339,1775.03,1647.02
340,1775.03,1647.02
341,1775.03,1647.02
342,1775.03,1647.02
343,1775.03,1647.02
344,1775.03,1647.02
345,1775.03,1647.02
346,1775.03,1647.02
347,1775.03,1647.02
348,1775.03,1647.02
349,1775.03,1647.02
350,1775.03,1647.02
351,1775.03,1647.02
352,1775.03,1647.02
353,1775.03,1647.02
354,1775.03,1647.13
355,1775.03,1647.25
356,1774.94,1647.36
357,1774.94,1647.47
358,1774.94,1647.69
359,1774.94,1647.8
360,1774.84,1647.91
361,1774.84,1648.02
362,1774.84,1648.13
363,1774.84,1648.13
364,1774.84,1648.13
365,1774.84,1648.13
366,1774.84,1648.13
367,1774.84,1648.13
368,1774.84,1648.13
369,1774.84,1648.13
370,1774.84,1648.13
371,1774.84,1648.13
372,1774.84,1648.13
373,1774.84,1648.13
374,1774.84,1648.13
375,1774.84,1648.13
376,1774.84,1648.13
377,1774.84,1648.13
378,1774.84,1648.13
379,1774.84,1648.13
380,1774.84,1648.13
381,1774.84,1648.13
382,1774.84,1648.13
383,1774.84,1648.13
384,1774.84,1648.13
385,1774.84,1648.13
386,1774.84,1648.13
387,1774.84,1648.13
388,1774.84,1648.13
389,1774.84,1648.13
390,1774.84,1648.13
391,1774.84,1648.13
392,1774.84,1648.13
393,1774.84,1648.13
394,1774.84,1648.13
395,1774.84,1648.13
396,1774.84,1648.13
397,1774.84,1648.13
398,1774.84,1648.13
399,1774.84,1648.13
400,1774.84,1648.13
401,1774.84,1648.13
402,1774.84,1648.13
403,1774.84,1648.13
404,1774.84,1648.13
405,1774.84,1648.13
406,1774.84,1648.13
407,1774.84,1648.13
408,1774.84,1648.13
409,1774.84,1648.13
410,1774.84,1648.13
411,1774.84,1648.13
412,1774.84,1648.13
413,1774.84,1648.13
414,1775.13,1647.36
415,1775.41,1646.47
416,1775.7,1645.69
417,1775.99,1644.92
418,1776.27,1644.14
419,1776.65,1643.25
420,1776.94,1642.48
421,1777.23,1641.7
422,1777.51,1640.93
423,1777.8,1640.04
424,1778.08,1639.26
425,1778.18,1639.04
426,1778.18,1638.82
427,1778.27,1638.6
428,1778.37,1638.38
429,1778.37,1638.04
430,1778.46,1637.82
431,1778.46,1637.6
432,1778.56,1637.38
433,1778.75,1636.82
434,1779.04,1636.38
435,1779.23,1635.83
436,1779.42,1635.27
437,1779.7,1634.83
438,1779.89,1634.27
439,1780.08,1633.72
440,1780.37,1633.28
441,1780.56,1632.72
442,1780.75,1632.17
443,1780.94,1631.61
444,1781.23,1631.17
445,1781.42,1630.61
446,1781.61,1630.06
447,1781.89,1629.62
448,1782.08,1629.06
449,1782.27,1628.51
450,1782.56,1628.06
451,1782.75,1627.51
452,1782.94,1626.96
453,1783.23,1626.51
454,1783.42,1625.96
455,1787.9,1617.53
456,1792.37,1608.99
457,1796.76,1600.57
458,1801.24,1592.14
459,1805.71,1583.6
460,1810.19,1575.18
461,1814.67,1566.64
462,1819.15,1558.21
463,1823.53,1549.79
464,1828.01,1541.25
465,1832.49,1532.82
466,1836.77,1525.4
467,1840.97,1517.97
468,1845.25,1510.43
469,1849.54,1503.0
470,1853.83,1495.57
471,1858.12,1488.14
472,1862.31,1480.6
473,1866.6,1473.17
474,1870.88,1465.75
475,1875.17,1458.32
476,1879.36,1450.78
477,1883.65,1443.35
