206,33.35,1379.82
207,36.49,1374.61
208,39.54,1369.29
209,42.68,1364.07
210,44.02,1360.64
211,45.35,1357.2
212,46.69,1353.76
213,48.02,1350.33
214,49.35,1346.89
215,50.69,1343.45
216,52.02,1340.02
217,53.36,1336.58
218,54.69,1333.14
219,56.02,1329.7
220,57.36,1326.27
221,57.36,1326.16
222,57.36,1326.05
223,57.26,1326.05
224,57.26,1325.93
225,57.26,1325.82
226,57.26,1325.71
227,57.17,1325.71
228,57.17,1325.6
229,57.17,1325.49
230,57.17,1325.49
231,57.17,1325.49
232,57.17,1325.49
233,57.17,1325.49
234,57.17,1325.49
235,57.17,1325.49
236,57.17,1325.49
237,57.17,1325.49
238,57.17,1325.49
239,57.17,1325.49
240,57.17,1325.49
241,57.17,1325.49
242,57.17,1325.49
243,57.17,1325.49
244,57.17,1325.49
245,57.17,1325.49
246,57.17,1325.49
247,57.17,1325.49
248,57.17,1325.49
249,57.17,1325.49
250,57.17,1325.49
251,57.17,1325.49
252,57.17,1325.49
253,57.17,1325.49
254,57.17,1325.49
255,57.17,1325.49
256,57.17,1325.49
257,57.17,1325.49
258,57.17,1325.49
259,57.17,1325.49
260,57.17,1325.49
261,57.17,1325.49
262,57.17,1325.49
263,57.17,1325.49
264,57.17,1325.49
265,57.17,1325.49
266,57.17,1325.49
267,57.17,1325.49
268,57.17,1325.49
269,57.17,1325.49
270,57.17,1325.49
271,57.17,1325.49
272,57.17,1325.49
273,57.17,1325.49
274,57.17,1325.49
275,57.17,1325.49
276,57.17,1325.49
277,57.17,1325.49
278,57.17,1325.49
279,57.17,1325.49
280,57.45,1326.93
281,57.74,1328.37
282,57.93,1329.93
283,58.22,1331.37
284,58.5,1332.81
285,58.79,1334.25
286,59.07,1335.69
287,59.26,1337.24
288,59.55,1338.68
289,59.83,1340.13
290,59.83,1340.13
291,59.83,1340.13
292,59.83,1340.13
293,59.83,1340.13
294,59.83,1340.13
295,59.83,1340.13
296,59.83,1340.13
297,59.83,1340.13
298,59.83,1340.13
299,59.83,1340.13
300,60.12,1337.91
301,60.41,1335.58
302,60.79,1333.36
303,61.07,1331.03
304,61.36,1328.82
305,61.65,1326.6
306,61.93,1324.27
307,62.31,1322.05
308,62.6,1319.73
309,62.88,1317.51
310,63.65,1314.85
311,64.31,1312.19
312,65.08,1309.41
313,65.74,1306.75
314,66.5,1304.09
315,67.27,1301.32
316,67.93,1298.66
317,68.7,1296.0
318,69.36,1293.34
319,70.12,1290.57
320,70.89,1287.9
321,71.55,1285.24
322,72.32,1282.58
323,72.98,1279.81
324,73.75,1277.15
325,74.51,1274.49
326,75.17,1271.83
327,75.94,1269.06
328,76.6,1266.4
329,77.37,1263.73
330,79.65,1256.53
331,81.94,1249.32
332,84.13,1242.22
333,86.42,1235.02
334,88.7,1227.81
335,90.99,1220.6
336,93.28,1213.4
337,95.47,1206.3
338,97.76,1199.1
339,100.04,1191.89
340,101.09,1187.23
341,102.04,1182.57
342,103.09,1177.92
343,104.14,1173.26
344,105.19,1168.6
345,106.14,1163.95
346,107.19,1159.29
347,108.24,1154.63
348,109.19,1149.98
349,110.24,1145.32
350,110.43,1144.21
351,110.52,1143.1
352,110.71,1142.11
353,110.81,1141.0
354,111.0,1139.89
355,111.19,1138.78
356,111.28,1137.67
357,111.48,1136.67
358,111.57,1135.56
359,111.76,1134.46
360,111.76,1134.46
361,111.76,1134.46
362,111.76,1134.46
363,111.76,1134.46
364,111.76,1134.46
365,111.76,1134.46
366,111.76,1134.46
367,111.76,1134.46
368,111.76,1134.46
369,111.76,1134.46
370,111.76,1134.46
371,111.76,1134.46
372,111.76,1134.46
373,111.76,1134.46
374,111.76,1134.46
375,111.76,1134.46
376,111.76,1134.46
377,111.76,1134.46
378,111.76,1134.46
379,111.76,1134.46
380,111.76,1134.46
381,111.76,1134.46
382,111.76,1134.46
383,111.76,1134.46
384,111.76,1134.46
385,111.76,1134.46
386,111.76,1134.46
387,111.76,1134.46
388,111.76,1134.46
389,111.76,1134.46
390,111.76,1134.46
391,111.76,1134.46
392,111.76,1134.46
393,111.76,1134.46
394,111.76,1134.46
395,111.76,1134.46
396,111.76,1134.46
397,111.76,1134.46
398,111.76,1134.46
399,111.76,1134.46
400,111.76,1134.46
401,111.76,1134.46
402,111.76,1134.46
403,111.76,1134.46
404,111.76,1134.46
405,111.76,1134.46
406,111.76,1134.46
407,111.76,1134.46
408,111.76,1134.46
409,111.76,1134.46
410,111.76,1134.46
411,111.76,1134.46
412,111.76,1134.46
413,111.76,1134.46
414,111.76,1134.46
415,111.76,1134.46
416,111.76,1134.46
417,111.76,1134.46
418,111.76,1134.46
419,111.76,1134.46
420,111.76,1134.46
421,111.76,1134.46
422,111.76,1134.46
423,111.76,1134.46
424,111.76,1134.46
425,111.76,1134.46
426,111.76,1134.46
427,111.76,1134.46
428,111.76,1134.46
429,111.76,1134.46
430,112.14,1132.79
431,112.62,1131.13
432,113.0,1129.47
433,113.38,1127.8
434,113.86,1126.14
435,114.24,1124.48
436,114.62,1122.81
437,115.1,1121.15
438,115.48,1119.49
439,115.95,1117.82
440,116.33,1116.16
441,116.72,1114.5
442,117.19,1112.84
443,117.57,1111.17
444,117.95,1109.51
445,118.43,1107.85
446,118.81,1106.18
447,119.19,1104.52
448,119.67,1102.86
449,120.05,1101.19
450,123.0,1097.98
451,125.96,1094.76
452,128.82,1091.55
453,131.77,1088.33
454,134.72,1085.23
455,137.68,1082.01
456,140.63,1078.8
457,143.49,1075.58
458,146.44,1072.37
459,149.4,1069.15
460,157.4,1068.93
461,165.5,1068.82
462,173.5,1068.6
463,181.6,1068.49
464,189.6,1068.26
465,197.61,1068.04
466,205.71,1067.93
467,213.71,1067.71
468,221.81,1067.6
469,229.81,1067.38
470,235.43,1067.49
471,241.05,1067.6
472,246.68,1067.6
473,252.3,1067.71
474,257.92,1067.82
475,263.63,1067.93
476,269.26,1068.04
477,274.88,1068.04
478,280.5,1068.15
479,286.12,1068.26
480,286.88,1068.26
481,287.55,1068.26
482,288.31,1068.38
483,289.07,1068.38
484,289.84,1068.38
485,290.5,1068.38
486,291.27,1068.38
487,292.03,1068.49
488,292.69,1068.49
489,293.46,1068.49
490,293.46,1068.49
491,293.46,1068.49
492,293.46,1068.49
493,293.46,1068.49
494,293.46,1068.49
495,293.46,1068.49
496,293.46,1068.49
497,293.46,1068.49
498,293.46,1068.49
499,293.46,1068.49
500,293.46,1068.49
501,293.46,1068.49
502,293.46,1068.49
503,293.46,1068.49
504,293.46,1068.49
505,293.46,1068.49
506,293.46,1068.49
507,293.46,1068.49
508,293.46,1068.49
509,293.46,1068.49
510,293.46,1068.49
511,293.46,1068.49
512,293.46,1068.49
513,293.46,1068.49
514,293.46,1068.49
515,293.46,1068.49
516,293.46,1068.49
517,293.46,1068.49
518,293.46,1068.49
519,293.46,1068.49
520,295.17,1068.26
521,296.98,1068.15
522,298.7,1067.93
523,300.41,1067.71
524,302.13,1067.49
525,303.94,1067.38
526,305.65,1067.16
527,307.37,1066.93
528,309.18,1066.82
529,310.89,1066.6
530,319.66,1066.38
531,328.42,1066.16
532,337.19,1065.94
533,345.96,1065.71
534,354.72,1065.49
535,363.49,1065.27
536,372.25,1065.05
537,381.02,1064.83
538,389.78,1064.61
539,398.55,1064.38
540,412.17,1063.61
541,425.7,1062.94
542,439.33,1062.17
543,452.95,1061.5
544,466.48,1060.84
545,480.11,1060.06
546,493.73,1059.39
547,507.36,1058.62
548,520.89,1057.95
549,534.51,1057.18
550,548.8,1058.73
551,563.09,1060.28
552,577.48,1061.72
553,591.77,1063.28
554,606.06,1064.83
555,620.45,1066.27
556,634.74,1067.82
557,649.04,1069.37
558,663.33,1070.93
559,677.71,1072.48
560,692.01,1073.92
561,706.3,1075.47
562,720.59,1077.02
563,734.98,1078.46
564,749.27,1080.02
565,763.56,1081.57
566,777.85,1083.12
567,792.24,1084.67
568,806.53,1086.12
569,820.82,1087.67
570,833.11,1092.77
571,845.4,1097.87
572,857.79,1102.86
573,870.08,1107.96
574,882.37,1113.06
575,894.66,1118.16
576,906.95,1123.26
577,919.34,1128.25
578,931.63,1133.35
579,943.92,1138.45
580,954.59,1144.21
581,965.26,1150.09
582,975.94,1155.85
583,986.61,1161.73
584,997.28,1167.5
585,1007.95,1173.26
586,1018.72,1179.14
587,1029.39,1184.9
588,1040.06,1190.78
589,1050.73,1196.55
590,1061.4,1202.42
591,1072.07,1208.19
592,1088.08,1215.84
593,1104.08,1223.6
594,1120.09,1231.36
595,1136.19,1239.01
596,1152.2,1246.77
597,1168.21,1254.42
598,1184.21,1262.18
599,1200.22,1269.83
600,1217.27,1277.26
601,1234.23,1284.69
602,1251.29,1292.12
603,1268.34,1299.55
604,1285.3,1307.09
605,1302.36,1314.51
606,1319.41,1321.94
607,1336.37,1329.37
608,1353.43,1336.8
609,1364.48,1342.57
610,1375.53,1348.44
611,1386.68,1354.21
612,1397.73,1360.08
613,1408.78,1365.85
614,1419.84,1371.61
615,1430.89,1377.49
616,1442.04,1383.26
617,1453.09,1389.02
618,1464.14,1394.9
619,1475.19,1400.66
620,1486.25,1406.54
621,1497.3,1412.3
622,1508.45,1418.07
623,1519.5,1423.95
624,1530.55,1429.71
625,1541.6,1435.48
626,1552.65,1441.35
627,1563.8,1447.12
628,1574.85,1453.0
629,1585.91,1458.76
630,1597.82,1468.07
631,1609.73,1477.39
632,1621.73,1486.59
633,1633.64,1495.9
634,1645.55,1505.22
635,1657.46,1514.53
636,1669.37,1523.84
637,1681.38,1533.05
638,1693.29,1542.36
639,1705.19,1551.67
640,1715.39,1557.88
641,1725.58,1563.98
642,1735.78,1570.19
643,1745.97,1576.4
644,1756.26,1582.5
645,1766.46,1588.7
646,1776.65,1594.91
647,1786.85,1601.12
648,1797.04,1607.22
649,1807.24,1613.43
