233,1451.09,2198.95
234,1451.47,2198.51
235,1451.75,2198.17
236,1452.14,2197.73
237,1452.42,2197.4
238,1452.71,2196.96
239,1453.09,2196.51
240,1453.37,2196.18
241,1453.76,2195.74
242,1454.04,2195.4
243,1454.42,2194.96
244,1454.33,2195.18
245,1454.33,2195.4
246,1454.23,2195.51
247,1454.14,2195.74
248,1454.04,2195.96
249,1454.04,2196.18
250,1453.95,2196.4
251,1453.85,2196.51
252,1453.85,2196.73
253,1453.76,2196.96
254,1453.76,2197.07
255,1453.66,2197.18
256,1453.66,2197.29
257,1453.57,2197.4
258,1453.57,2197.51
259,1453.57,2197.73
260,1453.47,2197.84
261,1453.47,2197.95
262,1453.37,2198.06
263,1453.37,2198.17
264,1453.37,2198.29
265,1453.28,2198.4
266,1453.28,2198.51
267,1453.18,2198.62
268,1453.18,2198.73
269,1453.18,2198.95
270,1453.09,2199.06
271,1453.09,2199.17
272,1452.99,2199.28
273,1452.99,2199.39
274,1452.9,2199.51
275,1452.9,2199.62
276,1452.8,2199.73
277,1452.8,2199.84
278,1452.71,2199.95
279,1452.71,2200.06
280,1452.71,2200.17
281,1452.61,2200.28
282,1452.61,2200.39
283,1452.52,2200.5
284,1452.52,2200.61
285,1452.42,2200.61
286,1452.42,2200.72
287,1452.42,2200.72
288,1452.42,2200.84
289,1452.33,2200.95
290,1452.33,2200.95
291,1452.33,2201.06
292,1452.23,2201.06
293,1452.23,2201.17
294,1452.23,2201.28
295,1452.23,2201.39
296,1452.14,2201.5
297,1452.14,2201.61
298,1452.14,2201.72
299,1452.14,2201.72
300,1452.14,2201.83
301,1452.04,2201.94
302,1452.04,2202.06
303,1452.04,2202.17
304,1452.04,2202.28
305,1452.04,2202.39
306,1451.95,2202.39
307,1451.95,2202.5
308,1451.95,2202.61
309,1451.95,2202.72
310,1451.95,2202.83
311,1451.85,2202.83
312,1451.85,2202.94
313,1451.85,2203.05
314,1454.23,2198.51
315,1456.61,2193.85
316,1459.0,2189.3
317,1461.38,2184.65
318,1463.76,2180.1
319,1466.24,2175.56
320,1468.62,2170.9
321,1471.0,2166.35
322,1473.38,2161.7
323,1475.76,2157.15
324,1478.15,2152.61
325,1480.53,2147.95
326,1482.91,2143.4
327,1485.29,2138.75
328,1487.77,2134.2
329,1490.15,2129.66
330,1492.53,2125.0
331,1494.92,2120.45
332,1497.3,2115.8
333,1499.68,2111.25
334,1504.16,2103.16
335,1508.64,2095.06
336,1513.11,2086.97
337,1517.59,2078.88
338,1522.07,2070.78
339,1526.55,2062.58
340,1531.03,2054.48
341,1535.5,2046.39
342,1539.98,2038.3
343,1544.46,2030.2
344,1548.94,2022.11
345,1550.65,2018.89
346,1552.46,2015.79
347,1554.18,2012.57
348,1555.99,2009.36
349,1557.7,2006.25
350,1559.51,2003.04
351,1561.23,1999.93
352,1563.04,1996.72
353,1564.75,1993.5
354,1566.57,1990.4
355,1568.28,1987.18
356,1568.38,1987.07
357,1568.38,1986.96
358,1568.47,1986.85
359,1568.57,1986.74
360,1568.57,1986.63
361,1568.66,1986.52
362,1568.66,1986.41
363,1568.76,1986.3
364,1568.85,1986.18
365,1568.85,1986.07
366,1568.95,1985.96
367,1568.95,1985.96
368,1569.04,1985.85
369,1569.04,1985.85
370,1569.14,1985.85
371,1569.14,1985.74
372,1569.23,1985.74
373,1569.23,1985.63
374,1569.33,1985.63
375,1569.33,1985.63
376,1569.42,1985.52
377,1569.42,1985.52
378,1569.52,1985.52
379,1569.52,1985.52
380,1569.61,1985.52
381,1569.71,1985.52
382,1569.71,1985.52
383,1569.8,1985.52
384,1569.9,1985.52
385,1570.0,1985.52
386,1570.0,1985.52
387,1570.09,1985.52
388,1570.19,1985.52
389,1570.19,1985.52
390,1570.28,1985.52
391,1570.38,1985.52
392,1570.38,1985.52
393,1570.47,1985.52
394,1570.47,1985.52
395,1570.47,1985.52
396,1570.57,1985.63
397,1570.57,1985.63
398,1570.57,1985.63
399,1570.57,1985.63
400,1570.57,1985.63
401,1570.66,1985.74
402,1570.66,1985.74
403,1570.66,1985.74
404,1570.66,1985.74
405,1570.66,1985.74
406,1570.66,1985.85
407,1570.57,1985.85
408,1570.57,1985.85
409,1570.57,1985.85
410,1570.57,1985.85
411,1570.57,1985.96
412,1570.57,1985.96
413,1570.57,1985.96
414,1570.57,1985.96
415,1570.47,1985.96
416,1570.47,1986.07
417,1570.47,1986.07
418,1570.47,1986.07
419,1570.47,1986.07
420,1570.47,1986.18
421,1570.47,1986.18
422,1570.47,1986.3
423,1570.47,1986.3
424,1570.66,1985.96
425,1570.85,1985.63
426,1571.14,1985.19
427,1571.33,1984.85
428,1571.52,1984.52
429,1571.71,1984.19
430,1571.9,1983.86
431,1572.19,1983.41
432,1572.38,1983.08
433,1572.57,1982.75
434,1573.43,1981.2
435,1574.38,1979.53
436,1575.24,1977.98
437,1576.19,1976.43
438,1577.14,1974.88
439,1578.0,1973.21
440,1578.86,1971.66
441,1579.81,1970.11
442,1580.67,1968.56
443,1581.62,1966.89
444,1582.48,1965.34
445,1583.43,1963.79
446,1584.29,1962.24
447,1585.24,1960.68
448,1586.1,1959.02
449,1587.05,1957.47
450,1587.91,1955.92
451,1588.86,1954.25
452,1589.72,1952.7
453,1590.67,1951.15
454,1593.53,1945.94
455,1596.39,1940.73
456,1599.25,1935.63
457,1602.1,1930.42
458,1604.96,1925.2
459,1607.82,1919.99
460,1610.68,1914.78
461,1613.54,1909.57
462,1616.4,1904.47
463,1619.25,1899.26
464,1622.11,1894.05
465,1624.02,1890.72
466,1626.02,1887.4
467,1627.92,1884.07
468,1629.93,1880.74
469,1631.83,1877.42
470,1633.74,1874.09
471,1635.74,1870.77
472,1637.64,1867.44
473,1639.64,1864.11
474,1641.55,1860.79
475,1643.45,1857.46
476,1645.46,1854.13
477,1647.36,1850.81
478,1649.36,1847.48
479,1651.27,1844.16
480,1653.17,1840.83
481,1655.17,1837.5
482,1657.08,1834.18
483,1659.08,1830.85
484,1660.99,1827.53
485,1670.7,1810.01
486,1680.52,1792.49
487,1690.24,1775.08
488,1700.05,1757.56
489,1709.77,1740.05
490,1719.49,1722.53
491,1729.3,1705.01
492,1739.02,1687.6
493,1748.83,1670.09
494,1758.55,1652.57
495,1753.31,1647.8
496,1748.17,1643.03
497,1742.93,1638.26
498,1737.68,1633.5
499,1732.54,1628.73
500,1727.3,1623.85
501,1722.15,1619.08
502,1716.91,1614.32
503,1711.67,1609.55
504,1706.53,1604.78
505,1701.29,1600.01
506,1696.05,1595.25
507,1690.9,1590.48
508,1685.66,1585.71
509,1680.42,1580.94
510,1675.28,1576.18
511,1670.04,1571.3
512,1664.89,1566.53
513,1659.65,1561.76
514,1654.41,1556.99
515,1649.27,1552.23
516,1644.03,1547.46
517,1635.93,1542.03
518,1627.83,1536.59
519,1619.73,1531.16
520,1611.63,1525.73
521,1603.53,1520.3
522,1595.43,1514.86
523,1587.34,1509.43
524,1579.24,1504.0
525,1571.14,1498.45
526,1563.04,1493.02
527,1554.94,1487.59
528,1546.84,1482.15
529,1538.74,1476.72
530,1530.65,1471.29
531,1522.55,1465.86
532,1514.45,1460.42
533,1506.35,1454.99
534,1489.96,1455.88
535,1473.57,1456.76
536,1457.19,1457.54
537,1440.8,1458.43
538,1424.41,1459.31
539,1416.12,1460.31
540,1407.83,1461.2
541,1399.64,1462.2
542,1391.35,1463.2
543,1383.06,1464.19
544,1374.77,1465.08
545,1366.48,1466.08
546,1358.19,1467.08
547,1350.0,1468.07
548,1341.71,1468.96
549,1333.42,1469.96
550,1333.23,1470.07
551,1332.94,1470.07
552,1332.75,1470.18
553,1332.47,1470.18
554,1332.28,1470.29
555,1332.09,1470.29
556,1331.8,1470.29
557,1331.61,1470.4
558,1331.32,1470.51
559,1331.13,1470.51
560,1330.85,1470.62
561,1330.66,1470.62
562,1330.47,1470.62
563,1330.18,1470.73
564,1329.99,1470.85
565,1329.7,1470.85
566,1329.51,1470.96
567,1329.32,1470.96
568,1329.04,1470.96
569,1328.85,1471.07
570,1328.56,1471.07
571,1328.37,1471.18
572,1328.08,1471.29
573,1327.89,1471.29
574,1327.89,1471.29
575,1327.89,1471.29
576,1327.89,1471.4
577,1327.89,1471.4
578,1327.89,1471.4
579,1327.89,1471.4
580,1327.89,1471.4
581,1327.89,1471.51
582,1327.89,1471.51
583,1327.89,1471.51
584,1327.89,1471.51
585,1327.89,1471.51
586,1327.89,1471.51
587,1327.89,1471.51
588,1327.89,1471.62
589,1327.89,1471.62
590,1327.89,1471.62
591,1327.89,1471.62
592,1327.89,1471.62
593,1327.89,1471.62
594,1327.89,1471.62
595,1327.89,1471.62
596,1327.89,1471.73
597,1327.89,1471.73
598,1327.89,1471.73
599,1327.99,1471.73
600,1327.99,1471.73
601,1327.99,1471.84
602,1327.99,1471.84
603,1327.99,1471.84
604,1327.99,1471.84
605,1327.99,1471.84
606,1327.99,1471.95
607,1327.99,1471.95
608,1327.99,1471.95
609,1327.99,1471.95
610,1327.99,1471.95
611,1327.99,1472.07
612,1327.99,1472.07
613,1327.99,1472.07
614,1327.99,1472.07
615,1327.99,1472.07
616,1327.99,1472.07
617,1327.99,1472.07
618,1327.99,1472.07
619,1328.08,1472.07
620,1328.08,1472.07
621,1328.08,1472.07
622,1328.08,1472.07
623,1328.08,1472.18
624,1328.08,1472.18
625,1328.08,1472.18
626,1328.08,1472.18
627,1328.08,1472.18
628,1328.18,1472.18
629,1328.18,1472.18
630,1328.18,1472.18
631,1328.18,1472.18
632,1328.18,1472.18
633,1328.18,1472.18
634,1328.18,1472.18
635,1328.18,1472.18
636,1328.18,1472.29
637,1328.18,1472.29
638,1328.18,1472.29
639,1328.18,1472.29
640,1328.18,1472.29
641,1328.18,1472.4
642,1328.18,1472.4
643,1328.18,1472.4
644,1328.18,1472.4
645,1328.18,1472.4
646,1328.18,1472.4
647,1328.18,1472.4
648,1328.18,1472.4
649,1328.18,1472.4
650,1328.18,1472.4
651,1328.18,1472.4
652,1328.18,1472.4
653,1328.18,1472.4
654,1328.18,1472.4
655,1328.18,1472.4
656,1328.27,1472.4
657,1328.27,1472.4
658,1328.27,1472.4
659,1328.27,1472.4
660,1328.27,1472.4
661,1328.37,1472.4
662,1328.37,1472.4
663,1328.37,1472.4
664,1328.37,1472.4
665,1328.37,1472.4
666,1328.46,1472.4
667,1328.46,1472.4
668,1328.46,1472.4
669,1328.46,1472.4
670,1328.46,1472.4
671,1328.46,1472.4
672,1328.56,1472.4
673,1328.56,1472.4
674,1328.56,1472.4
675,1328.56,1472.4
676,1328.56,1472.4
677,1328.56,1472.4
678,1328.66,1472.4
679,1328.66,1472.4
680,1328.66,1472.4
681,1328.66,1472.4
682,1328.66,1472.4
683,1328.66,1472.4
684,1328.75,1472.4
685,1328.75,1472.4
686,1328.75,1472.4
687,1328.75,1472.4
688,1328.75,1472.4
689,1328.75,1472.4
690,1328.85,1472.4
691,1328.85,1472.4
692,1328.85,1472.4
693,1328.94,1472.18
694,1328.94,1472.18
695,1328.94,1472.18
696,1329.04,1472.29
697,1329.04,1472.29
698,1329.04,1472.29
699,1329.04,1472.29
700,1329.04,1472.29
701,1329.13,1472.4
702,1329.13,1472.4
703,1329.13,1472.4
704,1328.94,1472.4
705,1328.75,1472.51
706,1328.56,1472.51
707,1328.37,1472.51
708,1328.18,1472.51
709,1327.99,1472.62
710,1327.8,1472.62
711,1327.61,1472.62
712,1327.42,1472.73
713,1327.23,1472.73
714,1324.18,1472.73
715,1321.13,1472.62
716,1318.08,1472.51
717,1315.03,1472.51
718,1311.98,1472.51
719,1308.93,1472.4
720,1305.88,1472.4
721,1302.83,1472.29
722,1299.79,1472.18
723,1296.74,1472.18
724,1293.21,1472.84
725,1289.69,1473.51
726,1286.26,1474.28
727,1282.73,1474.95
728,1279.21,1475.61
729,1275.68,1476.28
730,1272.16,1476.94
731,1268.73,1477.72
732,1265.2,1478.39
733,1261.67,1479.05
734,1261.48,1479.05
735,1261.29,1479.05
736,1261.01,1478.94
737,1260.82,1478.94
738,1260.63,1478.94
739,1260.44,1478.94
740,1260.25,1478.83
741,1259.96,1478.83
742,1259.77,1478.83
743,1259.58,1478.72
744,1259.39,1478.72
745,1259.2,1478.72
746,1258.91,1478.72
747,1258.72,1478.61
748,1258.53,1478.61
749,1258.34,1478.61
750,1258.15,1478.61
751,1257.86,1478.5
752,1257.67,1478.5
753,1257.48,1478.5
754,1257.58,1478.39
755,1257.58,1478.39
756,1257.67,1478.27
757,1257.67,1478.16
758,1257.77,1478.16
759,1257.77,1478.05
760,1257.86,1477.94
761,1257.96,1477.94
762,1257.96,1477.83
763,1258.05,1477.72
764,1258.05,1477.72
765,1258.15,1477.61
766,1258.24,1477.5
767,1258.24,1477.39
768,1258.34,1477.28
769,1258.44,1477.17
770,1258.44,1476.94
771,1258.53,1476.83
772,1258.53,1476.72
773,1258.63,1476.61
774,1258.63,1476.5
775,1258.63,1476.5
776,1258.72,1476.39
777,1258.72,1476.39
778,1258.72,1476.28
779,1258.72,1476.17
780,1258.72,1476.17
781,1258.82,1476.06
782,1258.82,1476.06
783,1258.82,1475.95
784,1258.82,1475.95
785,1258.82,1475.83
786,1258.82,1475.83
787,1258.82,1475.72
788,1258.82,1475.72
789,1258.82,1475.72
790,1258.82,1475.61
791,1258.82,1475.61
792,1258.82,1475.5
793,1258.82,1475.5
794,1258.82,1475.5
795,1258.82,1475.5
796,1258.82,1475.5
797,1258.82,1475.5
798,1258.82,1475.61
799,1258.82,1475.61
800,1258.82,1475.61
801,1258.82,1475.61
802,1258.82,1475.61
803,1258.82,1475.61
804,1258.82,1475.61
805,1258.82,1475.61
806,1258.82,1475.61
807,1258.82,1475.61
808,1258.82,1475.61
809,1258.82,1475.72
810,1258.82,1475.72
811,1258.82,1475.72
812,1258.82,1475.72
813,1258.82,1475.72
814,1258.72,1475.95
815,1258.72,1476.06
816,1258.63,1476.28
817,1258.53,1476.39
818,1258.53,1476.61
819,1258.44,1476.72
820,1258.34,1476.94
821,1258.24,1477.05
822,1258.24,1477.17
823,1258.15,1477.39
824,1258.05,1477.61
825,1257.96,1477.94
826,1257.77,1478.16
827,1257.67,1478.39
828,1257.58,1478.72
829,1257.48,1478.94
830,1257.39,1479.16
831,1257.2,1479.38
832,1257.1,1479.72
833,1257.01,1479.94
834,1256.91,1480.16
835,1256.82,1480.27
836,1256.72,1480.49
837,1256.72,1480.71
838,1256.62,1480.82
839,1256.53,1481.05
840,1256.43,1481.27
841,1256.34,1481.38
842,1256.24,1481.6
843,1256.24,1481.82
844,1256.15,1482.04
845,1256.05,1482.15
846,1255.96,1482.38
847,1255.86,1482.6
848,1255.77,1482.71
849,1255.77,1482.93
850,1255.67,1483.15
851,1255.58,1483.26
852,1255.48,1483.49
853,1250.05,1486.59
854,1248.81,1484.7
855,1247.67,1482.82
856,1246.43,1480.94
857,1245.19,1479.05
858,1244.05,1477.05
859,1242.81,1475.17
860,1241.67,1473.28
861,1240.43,1471.4
862,1239.19,1469.52
863,1238.05,1467.63
864,1236.81,1465.75
865,1235.57,1463.86
866,1234.43,1461.98
867,1233.19,1460.09
868,1232.04,1458.1
869,1230.8,1456.21
870,1229.57,1454.33
871,1228.42,1452.44
872,1227.18,1450.56
873,1232.71,1434.15
874,1238.14,1417.74
875,1236.14,1414.52
876,1234.14,1411.2
877,1227.85,1408.87
878,1221.56,1406.54
879,1215.27,1404.1
880,1208.99,1401.77
881,1202.6,1399.44
882,1196.31,1397.11
883,1190.03,1394.68
884,1183.74,1392.35
885,1177.45,1390.02
886,1169.16,1387.14
887,1160.87,1384.25
888,1152.58,1381.26
889,1144.29,1378.38
890,1136.0,1375.49
891,1127.71,1372.61
892,1119.42,1369.73
893,1111.13,1366.74
894,1102.85,1363.85
895,1094.56,1360.97
896,1086.74,1357.09
897,1078.93,1353.21
898,1071.21,1349.22
899,1063.4,1345.34
900,1055.59,1341.46
901,1047.77,1337.58
902,1039.96,1333.7
903,1032.24,1329.7
904,1024.43,1325.82
905,1016.62,1321.94
906,1014.43,1321.61
907,1012.33,1321.39
908,1010.14,1321.06
909,1007.95,1320.83
910,1005.76,1320.5
911,1003.66,1320.28
912,1001.47,1319.95
913,999.28,1319.73
914,997.09,1319.39
915,994.99,1319.17
916,992.8,1318.84
917,988.42,1318.06
918,984.03,1317.29
919,979.65,1316.62
920,975.27,1315.84
921,970.89,1315.07
922,966.41,1314.29
923,962.02,1313.63
924,957.64,1312.85
925,953.26,1312.08
926,948.88,1311.3
927,944.49,1310.63
928,940.11,1309.86
929,935.73,1309.08
930,931.34,1308.31
931,926.96,1307.64
932,922.48,1306.86
933,918.1,1306.09
934,913.72,1305.31
935,909.34,1304.65
936,904.95,1303.87
937,900.57,1303.09
938,892.57,1303.09
939,884.56,1303.09
940,876.56,1303.09
941,868.56,1303.09
942,860.65,1303.09
943,852.65,1303.09
944,844.64,1303.09
945,836.64,1303.09
946,828.63,1303.09
947,820.63,1303.09
948,815.49,1310.3
949,810.44,1317.51
950,805.29,1324.6
951,800.24,1331.81
952,795.1,1339.02
953,791.95,1347.0
954,788.81,1354.87
955,785.57,1362.86
956,782.43,1370.73
957,779.28,1378.71
958,776.14,1386.69
959,772.99,1394.56
960,769.75,1402.55
961,766.61,1410.42
962,763.46,1418.4
963,763.27,1419.51
964,763.08,1420.51
965,762.99,1421.51
966,762.8,1422.62
967,762.61,1423.72
968,762.42,1424.72
969,762.23,1425.83
970,762.13,1426.83
971,761.94,1427.94
972,761.75,1428.94
973,761.65,1429.71
974,761.46,1430.49
975,761.37,1431.26
976,761.18,1431.93
977,760.99,1432.71
978,760.89,1433.48
979,760.8,1434.26
980,760.61,1435.03
981,760.42,1435.81
982,760.32,1436.59
983,760.23,1437.25
984,760.03,1438.03
985,759.84,1438.8
986,759.75,1439.58
987,759.65,1440.36
988,759.46,1441.13
989,759.27,1441.8
990,759.18,1442.57
991,758.99,1443.35
992,758.89,1444.13
993,758.8,1448.56
994,758.7,1452.88
995,758.7,1457.32
996,758.61,1461.75
997,758.51,1466.08
998,758.41,1470.51
999,758.32,1474.95
1000,758.32,1479.38
1001,758.22,1483.71
1002,758.13,1488.14
1003,758.13,1496.12
1004,758.13,1504.11
1005,758.13,1512.2
1006,758.13,1520.18
1007,758.22,1528.17
1008,758.22,1536.15
1009,758.22,1544.24
1010,758.22,1552.23
1011,758.22,1560.21
1012,757.94,1568.41
1013,757.65,1576.62
1014,757.46,1584.71
1015,757.18,1592.92
1016,756.89,1601.12
1017,756.6,1609.33
1018,756.32,1617.53
1019,756.13,1625.62
1020,755.84,1633.83
1021,755.56,1642.03
1022,755.46,1647.58
1023,755.27,1653.23
1024,755.18,1658.78
1025,754.98,1664.43
1026,754.89,1669.97
1027,754.41,1680.06
1028,753.94,1690.26
1029,753.56,1700.35
1030,753.08,1710.55
1031,752.6,1720.64
1032,752.13,1730.84
1033,751.75,1740.93
1034,751.27,1751.13
1035,750.79,1761.22
1036,748.7,1772.09
1037,746.7,1783.06
1038,744.6,1793.93
1039,742.5,1804.8
1040,740.41,1815.77
1041,738.41,1826.64
1042,736.31,1837.5
1043,734.21,1848.48
1044,732.12,1859.35
1045,730.12,1870.21
1046,728.02,1881.08
1047,725.92,1892.05
1048,723.92,1902.92
1049,721.83,1913.78
1050,719.73,1924.76
1051,717.64,1935.63
1052,715.63,1946.49
1053,713.54,1957.47
1054,711.44,1968.33
1055,709.35,1979.2
1056,707.35,1990.18
1057,705.25,2001.04
1058,701.06,2020.56
1059,696.87,2040.18
1060,692.77,2059.8
1061,688.58,2079.32
1062,684.38,2098.94
1063,680.29,2118.46
1064,676.09,2138.08
1065,671.9,2157.6
