242,1065.88,131.72
243,1069.02,145.47
244,1072.07,159.21
245,1075.22,172.85
246,1078.36,186.6
247,1081.41,200.35
248,1084.55,214.1
249,1087.7,227.73
250,1090.84,241.48
251,1093.89,255.23
252,1097.03,268.98
253,1100.18,282.62
254,1103.23,296.36
255,1106.37,310.11
256,1110.75,331.51
257,1115.14,352.91
258,1119.52,374.2
259,1123.9,395.6
260,1128.29,416.99
261,1132.67,438.39
262,1137.05,459.79
263,1141.43,481.19
264,1145.72,502.48
265,1150.1,523.88
266,1154.49,545.28
267,1158.87,566.67
268,1163.25,588.07
269,1167.63,609.36
270,1172.02,630.76
271,1176.4,652.16
272,1176.21,657.15
273,1176.11,662.14
274,1175.92,667.12
275,1175.73,672.11
276,1175.64,677.1
277,1175.45,682.09
278,1170.11,710.37
279,1164.68,738.64
280,1159.35,767.02
281,1153.91,795.29
282,1148.58,823.57
283,1142.58,835.98
284,1136.48,848.4
285,1130.38,860.82
286,1124.38,873.24
287,1118.28,885.55
288,1112.28,897.96
289,1106.28,910.38
290,1100.18,922.8
291,1094.08,935.22
292,1088.08,947.63
293,1078.93,958.72
294,1069.88,969.7
295,1060.73,980.79
296,1051.68,991.76
297,1042.53,1002.85
298,1033.48,1013.83
299,1024.34,1024.91
300,1015.29,1035.89
301,1006.14,1046.98
302,998.99,1055.18
303,991.85,1063.39
304,984.7,1071.48
305,977.55,1079.68
306,970.41,1087.89
307,963.26,1096.09
308,956.12,1104.3
309,948.97,1112.5
310,941.83,1120.6
311,934.68,1128.8
312,927.53,1137.01
313,921.53,1148.2
314,915.43,1159.4
315,909.43,1170.6
316,903.43,1181.8
317,897.33,1193.0
318,891.33,1204.2
319,885.23,1215.39
320,879.23,1226.59
321,873.23,1237.79
322,867.13,1248.99
323,861.12,1260.19
324,855.12,1271.38
325,849.02,1282.58
326,843.02,1293.78
327,836.92,1304.98
328,830.92,1316.18
329,824.92,1327.49
330,818.82,1338.68
331,812.82,1349.88
332,806.72,1361.08
333,800.72,1372.28
334,794.72,1383.48
335,788.62,1394.68
336,782.62,1405.87
337,776.61,1417.07
338,770.52,1428.27
339,764.51,1439.47
340,758.41,1450.67
341,752.41,1461.86
342,746.41,1473.06
343,740.31,1484.26
344,734.31,1495.46
345,733.93,1513.2
346,733.55,1530.94
347,733.26,1548.68
348,732.88,1566.42
349,732.5,1584.16
350,732.12,1601.9
351,731.83,1619.64
352,731.45,1637.38
353,730.4,1651.13
354,729.36,1664.87
355,728.31,1678.62
356,727.26,1692.37
357,726.21,1706.12
358,725.26,1719.98
359,724.21,1733.73
360,723.16,1747.47
361,722.11,1761.22
362,721.07,1774.97
363,720.02,1788.72
364,719.35,1795.93
365,718.78,1803.02
366,718.11,1810.23
367,717.45,1817.32
368,716.78,1824.53
369,716.21,1831.63
370,715.54,1838.83
371,714.87,1845.93
372,714.21,1853.14
373,713.63,1860.23
374,712.97,1867.44
375,712.3,1874.54
376,711.63,1881.74
377,711.06,1888.84
378,710.39,1896.04
379,709.73,1903.14
380,709.06,1910.35
381,708.49,1917.44
382,707.82,1924.65
383,707.16,1931.75
384,706.49,1938.95
385,705.92,1946.05
386,705.25,1953.26
387,704.58,1960.35
388,703.92,1967.56
389,703.34,1974.65
390,702.68,1981.86
391,687.72,2028.1
392,672.86,2074.44
393,657.9,2120.67
394,656.18,2130.21
395,654.56,2139.74
396,652.85,2149.39
397,651.23,2158.93
398,649.51,2168.46
399,647.89,2178.0
400,646.18,2187.64
401,644.56,2197.18
402,642.84,2206.71
403,644.08,2206.71
404,645.32,2206.6
405,646.56,2206.6
406,647.89,2206.6
407,649.13,2206.49
408,650.37,2206.49
409,651.61,2206.49
410,652.85,2206.38
411,654.09,2206.38
412,655.32,2206.38
413,656.56,2206.27
414,657.9,2206.27
415,659.13,2206.27
416,660.37,2206.16
417,661.61,2206.16
418,662.85,2206.16
419,664.09,2206.05
420,665.33,2206.05
421,666.66,2206.05
422,667.9,2205.94
423,669.14,2205.94
424,670.38,2205.94
425,671.62,2205.83
426,672.86,2205.83
427,674.09,2205.83
428,675.43,2205.71
429,676.67,2205.71
430,677.9,2205.71
431,679.14,2205.6
432,680.38,2205.6
433,681.62,2205.6
434,682.86,2205.49
435,684.1,2205.49
436,685.43,2205.49
437,686.67,2205.38
438,687.91,2205.38
439,689.15,2205.38
440,690.39,2205.27
441,691.62,2205.27
442,692.86,2205.27
443,694.2,2205.16
444,695.44,2205.16
445,696.67,2205.16
446,697.91,2205.05
447,699.15,2205.05
448,700.39,2205.05
449,701.63,2204.94
450,702.87,2204.94
451,704.2,2204.94
452,705.44,2204.83
453,706.68,2204.83
454,707.92,2204.83
455,709.16,2204.72
456,710.39,2204.72
457,711.63,2204.72
458,712.97,2204.61
459,714.21,2204.61
460,715.44,2204.61
461,716.68,2204.49
462,717.92,2204.49
463,719.16,2204.49
464,720.4,2204.38
465,721.73,2204.38
466,722.97,2204.38
467,724.21,2204.27
468,725.45,2204.27
469,726.69,2204.27
470,727.93,2204.16
471,729.16,2204.16
472,730.4,2204.16
473,731.74,2204.05
474,732.98,2204.05
475,734.21,2204.05
476,735.45,2203.94
477,736.69,2203.94
478,737.93,2203.94
479,739.17,2203.83
480,740.5,2203.83
481,741.74,2203.83
482,742.98,2203.72
483,744.22,2203.72
484,745.46,2203.72
485,746.7,2203.61
486,747.93,2203.61
487,749.27,2203.61
488,750.51,2203.5
489,751.75,2203.5
490,752.98,2203.5
491,754.22,2203.39
492,755.46,2203.39
493,756.7,2203.39
494,757.94,2203.27
495,759.27,2203.27
496,760.51,2203.27
497,761.75,2203.16
498,762.99,2203.16
499,764.23,2203.16
500,765.47,2203.05
501,766.7,2203.05
502,768.04,2202.94
503,769.28,2202.94
504,770.52,2202.94
505,771.75,2202.83
506,772.99,2202.83
507,774.23,2202.83
508,775.47,2202.72
509,776.71,2202.72
510,778.04,2202.72
511,779.28,2202.61
512,780.52,2202.61
513,781.76,2202.61
514,783.0,2202.5
515,784.24,2202.5
516,785.47,2202.5
517,786.81,2202.39
518,788.05,2202.39
519,789.29,2202.39
520,790.52,2202.28
521,791.76,2202.28
522,793.0,2202.28
523,794.24,2202.17
524,795.57,2202.17
525,796.81,2202.17
526,798.05,2202.06
527,799.29,2202.06
528,800.53,2202.06
529,801.77,2201.94
530,803.01,2201.94
531,804.24,2201.94
532,805.58,2201.83
533,806.82,2201.83
534,808.05,2201.83
535,809.29,2201.72
536,810.53,2201.72
537,811.77,2201.72
538,813.01,2201.61
539,814.34,2201.61
540,815.58,2201.61
541,816.82,2201.5
542,818.06,2201.5
543,819.3,2201.5
544,820.54,2201.39
545,821.77,2201.39
546,823.01,2201.39
547,824.35,2201.28
548,825.59,2201.28
549,826.82,2201.28
550,828.06,2201.17
551,829.3,2201.17
552,830.54,2201.17
553,831.78,2201.06
554,833.11,2201.06
555,834.35,2201.06
556,835.59,2200.95
557,836.83,2200.95
558,838.07,2200.95
559,839.31,2200.84
560,840.54,2200.84
561,841.88,2200.84
562,843.12,2200.72
563,844.36,2200.72
564,845.59,2200.72
565,846.83,2200.61
566,848.07,2200.61
567,849.31,2200.61
568,850.55,2200.5
569,851.88,2200.5
570,853.12,2200.5
571,854.36,2200.39
572,855.6,2200.39
573,856.84,2200.39
574,858.08,2200.28
575,859.31,2200.28
576,860.65,2200.28
577,861.89,2200.17
578,863.13,2200.17
579,864.36,2200.17
580,865.6,2200.06
581,866.84,2200.06
582,868.08,2200.06
583,869.41,2199.95
584,870.65,2199.95
585,871.89,2199.95
586,873.13,2199.84
587,874.37,2199.84
588,875.61,2199.84
589,876.85,2199.73
590,878.08,2199.73
591,879.42,2199.73
592,880.66,2199.62
593,881.9,2199.62
594,883.13,2199.62
595,884.37,2199.51
596,885.61,2199.51
597,886.85,2199.51
598,888.18,2199.39
599,889.42,2199.39
600,890.66,2199.39
601,891.9,2199.28
602,893.14,2199.28
603,894.38,2199.28
604,895.62,2199.17
605,896.85,2199.17
606,898.19,2199.17
607,899.43,2199.06
608,900.67,2199.06
609,901.9,2199.06
610,903.14,2198.95
611,904.38,2198.95
612,905.62,2198.95
613,906.95,2198.84
614,908.19,2198.84
615,909.43,2198.84
616,910.67,2198.73
617,911.91,2198.73
618,913.15,2198.73
619,914.39,2198.62
620,915.72,2198.62
621,916.96,2198.62
622,918.2,2198.51
623,919.44,2198.51
624,920.67,2198.51
625,921.91,2198.4
626,923.15,2198.4
627,924.39,2198.4
628,925.72,2198.29
629,926.96,2198.29
630,928.2,2198.29
631,929.44,2198.17
632,930.68,2198.17
633,931.92,2198.17
634,933.16,2198.06
635,934.49,2198.06
636,935.73,2198.06
637,936.97,2197.95
638,938.2,2197.95
639,939.44,2197.95
640,940.68,2197.84
641,941.92,2197.84
642,943.16,2197.84
643,944.49,2197.73
644,945.73,2197.73
645,946.97,2197.73
646,948.21,2197.62
647,949.45,2197.62
648,950.69,2197.62
649,951.93,2197.51
650,953.26,2197.51
651,954.5,2197.51
652,955.74,2197.4
653,956.97,2197.4
654,958.21,2197.4
655,959.45,2197.29
656,960.69,2197.29
657,962.02,2197.29
658,963.26,2197.18
659,964.5,2197.18
660,965.74,2197.18
661,966.98,2197.07
662,968.22,2197.07
663,969.46,2197.07
664,970.69,2196.96
665,972.03,2196.96
666,973.27,2196.96
667,974.51,2196.84
668,975.74,2196.84
669,976.98,2196.84
670,978.22,2196.73
671,979.46,2196.73
672,980.79,2196.73
673,982.03,2196.62
674,983.27,2196.62
675,984.51,2196.62
676,985.75,2196.51
677,986.99,2196.51
678,988.23,2196.51
679,989.46,2196.4
680,990.8,2196.4
681,992.04,2196.4
682,993.28,2196.29
683,994.51,2196.29
684,995.75,2196.29
685,996.99,2196.18
686,998.23,2196.18
687,999.56,2196.18
688,1000.8,2196.07
689,1002.04,2196.07
690,1003.28,2196.07
691,1004.52,2195.96
692,1005.76,2195.96
693,1007.0,2195.96
694,1008.33,2195.85
695,1009.57,2195.85
696,1010.81,2195.85
697,1012.05,2195.74
698,1013.28,2195.74
699,1014.52,2195.62
700,1015.76,2195.62
701,1017.0,2195.62
702,1018.33,2195.51
703,1019.57,2195.51
704,1020.81,2195.51
705,1022.05,2195.4
706,1023.29,2195.4
707,1024.53,2195.4
708,1025.77,2195.29
709,1027.1,2195.29
710,1028.34,2195.29
711,1029.58,2195.18
712,1030.82,2195.18
713,1032.05,2195.18
714,1033.29,2195.07
715,1034.53,2195.07
716,1035.87,2195.07
717,1037.1,2194.96
718,1038.34,2194.96
719,1039.58,2194.96
720,1040.82,2194.85
721,1042.06,2194.85
722,1043.3,2194.85
723,1044.54,2194.74
724,1045.87,2194.74
725,1047.11,2194.74
726,1048.35,2194.63
727,1049.59,2194.63
728,1050.82,2194.63
729,1052.06,2194.52
730,1053.3,2194.52
731,1054.63,2194.52
732,1055.87,2194.41
733,1057.11,2194.41
734,1058.35,2194.41
735,1059.59,2194.29
736,1060.83,2194.29
737,1062.07,2194.29
738,1063.31,2194.18
739,1064.64,2194.18
740,1065.88,2194.18
741,1067.12,2194.07
742,1068.36,2194.07
743,1069.59,2194.07
744,1070.83,2193.96
745,1072.07,2193.96
746,1073.4,2193.96
747,1074.64,2193.85
748,1075.88,2193.85
749,1077.12,2193.85
750,1078.36,2193.74
751,1079.6,2193.74
752,1080.84,2193.74
753,1082.17,2193.63
754,1083.41,2193.63
755,1084.65,2193.63
756,1085.89,2193.52
757,1087.12,2193.52
758,1088.36,2193.52
759,1089.6,2193.41
760,1090.84,2193.41
761,1092.17,2193.41
762,1093.41,2193.3
763,1094.65,2193.3
764,1095.89,2193.3
765,1097.13,2193.19
766,1098.37,2193.19
767,1099.61,2193.19
768,1100.94,2193.07
769,1102.18,2193.07
770,1103.42,2193.07
771,1104.66,2192.96
772,1105.89,2192.96
773,1107.13,2192.96
774,1108.37,2192.85
775,1109.61,2192.85
776,1110.94,2192.85
777,1112.18,2192.74
778,1113.42,2192.74
779,1114.66,2192.74
780,1115.9,2192.63
781,1117.14,2192.63
782,1118.38,2192.63
783,1119.71,2192.52
784,1120.95,2192.52
785,1122.19,2192.52
786,1123.43,2192.41
787,1124.66,2192.41
788,1125.9,2192.41
789,1127.14,2192.3
790,1128.48,2192.3
791,1129.71,2192.3
792,1130.95,2192.19
793,1132.19,2192.19
794,1133.43,2192.19
795,1134.67,2192.08
796,1135.91,2192.08
797,1137.15,2192.08
798,1138.48,2191.97
799,1139.72,2191.97
800,1140.96,2191.97
801,1142.2,2191.85
802,1143.43,2191.85
803,1144.67,2191.85
804,1145.91,2191.74
805,1147.25,2191.74
806,1148.48,2191.74
807,1149.72,2191.63
808,1150.96,2191.63
809,1152.2,2191.63
810,1153.44,2191.52
811,1154.68,2191.52
812,1155.92,2191.52
813,1157.25,2191.41
814,1158.49,2191.41
815,1159.73,2191.41
816,1160.97,2191.3
817,1162.2,2191.3
818,1163.44,2191.3
819,1164.68,2191.19
820,1166.02,2191.19
821,1167.25,2191.19
822,1168.49,2191.08
823,1169.73,2191.08
824,1170.97,2191.08
825,1172.21,2190.97
826,1173.45,2190.97
827,1174.78,2190.97
828,1176.02,2190.86
829,1177.26,2190.86
830,1178.5,2190.86
831,1179.74,2190.75
832,1180.97,2190.75
833,1182.21,2190.75
834,1183.45,2190.64
835,1184.79,2190.64
836,1186.02,2190.64
837,1187.26,2190.52
838,1188.5,2190.52
839,1189.74,2190.52
840,1190.98,2190.41
841,1192.22,2190.41
842,1193.55,2190.41
843,1194.79,2190.3
844,1196.03,2190.3
845,1197.27,2190.3
846,1198.51,2190.19
847,1199.74,2190.19
848,1200.98,2190.19
849,1202.32,2190.08
850,1203.55,2190.08
851,1204.79,2190.08
852,1206.03,2189.97
853,1207.27,2189.97
854,1208.51,2189.97
855,1209.75,2189.86
856,1210.99,2189.86
857,1212.32,2189.86
858,1213.56,2189.75
859,1214.8,2189.75
860,1216.04,2189.75
861,1217.27,2189.64
862,1218.51,2189.64
863,1219.75,2189.64
864,1221.09,2189.53
865,1222.32,2189.53
866,1223.56,2189.53
867,1224.8,2189.42
868,1226.04,2189.42
869,1227.28,2189.42
870,1228.52,2189.3
871,1229.76,2189.3
872,1231.09,2189.3
873,1232.33,2189.19
874,1233.57,2189.19
875,1234.81,2189.19
876,1236.04,2189.08
877,1237.28,2189.08
878,1238.52,2189.08
879,1239.86,2188.97
880,1241.09,2188.97
881,1242.33,2188.97
882,1243.57,2188.86
883,1244.81,2188.86
884,1246.05,2188.86
885,1247.29,2188.75
886,1248.62,2188.75
887,1249.86,2188.75
888,1251.1,2188.64
889,1252.34,2188.64
890,1253.58,2188.64
891,1254.81,2188.53
892,1256.05,2188.53
893,1257.29,2188.53
894,1258.63,2188.42
895,1259.86,2188.42
896,1261.1,2188.31
897,1262.34,2188.31
898,1263.58,2188.31
899,1264.82,2188.2
900,1266.06,2188.2
901,1267.39,2188.2
902,1268.63,2188.09
903,1269.87,2188.09
904,1271.11,2188.09
905,1272.35,2187.97
906,1273.58,2187.97
907,1274.82,2187.97
908,1276.06,2187.86
909,1277.4,2187.86
910,1278.63,2187.86
911,1279.87,2187.75
912,1281.11,2187.75
913,1282.35,2187.75
914,1283.59,2187.64
915,1284.83,2187.64
916,1286.16,2187.64
917,1287.4,2187.53
918,1288.64,2187.53
919,1289.88,2187.53
920,1291.12,2187.42
921,1292.35,2187.42
922,1293.59,2187.42
923,1294.93,2187.31
924,1296.17,2187.31
925,1297.4,2187.31
926,1298.64,2187.2
927,1299.88,2187.2
928,1301.12,2187.2
929,1302.36,2187.09
930,1303.6,2187.09
931,1304.93,2187.09
932,1306.17,2186.98
933,1307.41,2186.98
934,1308.65,2186.98
935,1309.89,2186.87
936,1311.12,2186.87
937,1312.36,2186.87
938,1313.7,2186.75
939,1314.94,2186.75
940,1316.17,2186.75
941,1317.41,2186.64
942,1318.65,2186.64
943,1319.89,2186.64
944,1321.13,2186.53
945,1322.46,2186.53
946,1323.7,2186.53
947,1324.94,2186.42
948,1326.18,2186.42
949,1327.42,2186.42
950,1328.66,2186.31
951,1329.89,2186.31
952,1331.13,2186.31
953,1332.47,2186.2
954,1333.7,2186.2
955,1334.94,2186.2
956,1336.18,2186.09
957,1337.42,2186.09
958,1338.66,2186.09
959,1339.9,2185.98
960,1341.23,2185.98
961,1342.47,2185.98
962,1343.71,2185.87
963,1344.95,2185.87
964,1346.19,2185.87
965,1347.43,2185.76
966,1348.66,2185.76
967,1349.9,2185.76
968,1351.24,2185.65
969,1352.47,2185.65
970,1353.71,2185.65
971,1354.95,2185.54
972,1356.19,2185.54
973,1357.43,2185.54
974,1358.67,2185.42
975,1360.0,2185.42
976,1361.24,2185.42
977,1362.48,2185.31
978,1363.72,2185.31
979,1364.96,2185.31
980,1366.19,2185.2
981,1367.43,2185.2
982,1368.77,2185.2
983,1370.01,2185.09
984,1371.24,2185.09
985,1372.48,2185.09
986,1373.72,2184.98
987,1374.96,2184.98
988,1376.2,2184.98
989,1377.44,2184.87
990,1378.77,2184.87
991,1380.01,2184.87
992,1381.25,2184.76
993,1382.49,2184.76
994,1375.72,2185.98
995,1368.96,2187.2
996,1362.19,2188.42
997,1355.43,2189.64
998,1348.57,2190.97
999,1341.8,2192.19
1000,1335.04,2193.41
1001,1328.27,2194.63
1002,1321.51,2195.85
1003,1318.17,2178.11
1004,1314.84,2160.37
1005,1311.41,2142.52
1006,1308.08,2124.78
1007,1304.74,2107.04
1008,1301.41,2089.3
1009,1297.98,2071.45
1010,1294.64,2053.71
1011,1291.31,2035.97
1012,1291.21,2031.64
1013,1291.12,2027.21
1014,1291.02,2022.88
1015,1290.93,2018.56
1016,1290.73,2014.24
1017,1290.64,2009.8
1018,1290.54,2005.48
1019,1290.45,2001.15
1020,1290.35,1996.72
1021,1290.26,1992.39
1022,1294.07,1994.39
1023,1297.88,1996.5
1024,1301.79,1998.49
1025,1305.6,2000.49
1026,1309.41,2002.59
1027,1313.22,2004.59
1028,1317.03,2006.59
1029,1320.84,2008.69
1030,1324.75,2010.69
1031,1328.56,2012.68
1032,1332.37,2014.79
1033,1336.18,2016.79
1034,1339.99,2018.78
1035,1343.8,2020.89
1036,1347.71,2022.88
1037,1351.52,2024.99
1038,1355.33,2026.99
1039,1359.14,2028.98
1040,1362.96,2031.09
1041,1366.77,2033.08
1042,1370.67,2035.08
1043,1374.48,2037.19
1044,1378.3,2039.18
1045,1382.11,2041.18
1046,1385.92,2043.28
1047,1389.73,2045.28
1048,1393.63,2047.28
1049,1397.45,2049.38
1050,1401.26,2051.38
1051,1401.26,2051.38
1052,1401.26,2051.38
1053,1401.26,2051.38
1054,1401.26,2051.38
1055,1401.26,2051.38
1056,1401.26,2051.38
1057,1401.26,2051.38
1058,1401.26,2051.38
1059,1401.26,2051.38
1060,1401.26,2051.38
1061,1401.26,2051.38
1062,1401.26,2051.38
1063,1401.26,2051.38
1064,1401.26,2051.38
1065,1401.26,2051.38
1066,1401.26,2051.38
1067,1401.26,2051.38
1068,1401.26,2051.38
1069,1401.26,2051.38
1070,1401.26,2051.38
1071,1388.87,2042.73
1072,1376.48,2034.19
1073,1364.1,2025.54
1074,1351.71,2016.9
1075,1339.33,2008.36
1076,1326.94,1999.71
1077,1314.55,1991.06
1078,1302.17,1982.53
1079,1289.78,1973.88
1080,1285.68,1979.2
1081,1281.49,1984.52
1082,1277.4,1989.73
1083,1273.3,1995.05
1084,1269.11,2000.38
1085,1265.01,2005.7
1086,1260.91,2010.91
1087,1256.72,2016.23
1088,1252.62,2021.55
1089,1253.1,2019.45
1090,1253.58,2017.45
1091,1254.05,2015.34
1092,1254.43,2013.35
1093,1254.91,2011.24
1094,1255.39,2009.25
1095,1255.86,2007.14
1096,1256.34,2005.03
1097,1256.82,2003.04
1098,1257.2,2000.93
1099,1257.67,1998.94
1100,1258.15,1996.83
1101,1258.63,1994.72
1102,1259.1,1992.73
1103,1259.58,1990.62
1104,1259.96,1988.62
1105,1260.44,1986.52
1106,1260.91,1984.52
1107,1261.39,1982.42
1108,1261.87,1980.31
1109,1262.34,1978.31
1110,1262.72,1976.21
1111,1263.2,1974.21
1112,1263.68,1972.1
1113,1264.15,1970.0
1114,1264.63,1968.0
1115,1265.1,1965.9
1116,1265.49,1963.9
1117,1265.96,1961.79
1118,1266.44,1959.8
1119,1266.91,1957.69
1120,1266.91,1957.69
1121,1266.91,1957.69
1122,1266.91,1957.69
1123,1266.91,1957.69
1124,1266.91,1957.69
1125,1266.91,1957.69
1126,1266.91,1957.69
1127,1266.91,1957.69
1128,1266.91,1957.69
1129,1266.91,1957.69
1130,1266.91,1957.69
1131,1266.91,1957.69
1132,1266.91,1957.69
1133,1266.91,1957.69
1134,1266.91,1957.69
1135,1266.91,1957.69
1136,1266.91,1957.69
1137,1266.91,1957.69
1138,1266.91,1957.69
1139,1266.91,1957.69
1140,1266.91,1957.69
1141,1266.91,1957.69
1142,1266.91,1957.69
1143,1266.91,1957.69
1144,1266.91,1957.69
1145,1266.91,1957.69
1146,1266.91,1957.69
1147,1266.91,1957.69
1148,1266.91,1957.69
1149,1263.77,1961.57
1150,1260.53,1965.56
1151,1257.39,1969.44
1152,1254.15,1973.43
1153,1251.0,1977.32
1154,1247.86,1981.31
1155,1244.62,1985.19
1156,1241.48,1989.07
1157,1238.33,1993.06
1158,1235.09,1996.94
1159,1231.95,2000.93
1160,1228.71,2004.81
1161,1225.56,2008.69
1162,1222.42,2012.68
1163,1219.18,2016.56
1164,1216.04,2020.56
1165,1212.8,2024.44
1166,1209.65,2028.43
1167,1206.51,2032.31
1168,1203.27,2036.19
1169,1200.12,2040.18
1170,1196.89,2044.06
1171,1193.74,2048.05
1172,1190.6,2051.93
1173,1187.36,2055.81
1174,1184.21,2059.8
1175,1181.07,2063.69
1176,1177.83,2067.68
1177,1174.69,2071.56
1178,1171.45,2075.55
1179,1168.3,2079.43
1180,1167.54,2080.87
1181,1166.78,2082.31
1182,1166.11,2083.75
1183,1165.35,2085.19
1184,1164.59,2086.64
1185,1161.73,2090.96
1186,1158.87,2095.28
1187,1156.01,2099.61
1188,1153.25,2104.04
1189,1150.39,2108.37
1190,1147.53,2112.69
1191,1144.67,2117.02
1192,1141.81,2121.34
1193,1138.96,2125.66
1194,1136.1,2129.99
1195,1133.24,2134.31
1196,1130.48,2138.75
1197,1127.62,2143.07
1198,1124.76,2147.39
1199,1121.9,2151.72
