248,8.77,1384.25
249,8.67,1384.48
250,8.67,1384.59
251,8.58,1384.81
252,8.58,1385.03
253,8.48,1385.25
254,8.48,1385.36
255,8.38,1385.58
256,8.38,1385.58
257,8.38,1385.69
258,8.29,1385.69
259,8.29,1385.81
260,8.29,1385.81
261,8.29,1385.81
262,8.19,1385.92
263,8.19,1385.92
264,8.19,1385.92
265,8.19,1386.03
266,8.1,1386.03
267,8.1,1386.14
268,8.1,1386.14
269,8.1,1386.14
270,8.0,1386.25
271,8.0,1386.25
272,8.0,1386.25
273,8.0,1386.36
274,7.91,1386.36
275,7.91,1386.47
276,7.91,1386.47
277,10.19,1387.14
278,12.39,1387.91
279,14.67,1388.58
280,16.86,1389.35
281,19.15,1390.02
282,21.34,1390.8
283,23.63,1391.46
284,25.82,1392.24
285,28.11,1392.9
286,35.25,1395.01
287,42.3,1397.0
288,49.45,1399.0
289,56.6,1401.11
290,63.74,1403.21
291,70.79,1405.21
292,77.94,1407.32
293,85.08,1409.31
294,92.13,1411.42
295,99.28,1413.41
296,109.0,1414.52
297,118.72,1415.74
298,128.44,1416.85
299,138.15,1418.07
300,147.87,1419.18
301,157.59,1420.29
302,167.31,1421.51
303,177.03,1422.62
304,186.75,1423.84
305,196.46,1424.94
306,201.51,1425.28
307,206.56,1425.61
308,211.61,1425.94
309,216.66,1426.27
310,221.71,1426.61
311,226.76,1426.94
312,231.81,1427.27
313,236.86,1427.61
314,241.91,1427.94
315,246.96,1428.27
316,246.96,1428.38
317,246.96,1428.6
318,246.96,1428.71
319,247.06,1428.94
320,247.06,1429.05
321,247.06,1429.16
322,247.06,1429.38
323,247.06,1429.49
324,247.06,1429.71
325,247.15,1429.82
326,247.15,1429.93
327,247.15,1430.16
328,247.15,1430.27
329,247.15,1430.49
330,247.15,1430.6
331,247.15,1430.71
332,247.25,1430.93
333,247.25,1431.04
334,247.25,1431.26
335,247.25,1431.37
336,247.15,1431.6
337,247.06,1431.71
338,246.87,1431.93
339,246.77,1432.04
340,246.68,1432.26
341,246.58,1432.37
342,246.48,1432.59
343,246.39,1432.71
344,246.2,1432.93
345,246.1,1433.04
346,246.01,1433.26
347,245.72,1433.81
348,245.44,1434.37
349,245.15,1434.81
350,244.87,1435.37
351,244.58,1435.92
352,244.29,1436.47
353,244.01,1436.92
354,243.72,1437.47
355,243.44,1438.03
356,245.06,1438.36
357,246.58,1438.8
358,248.2,1439.14
359,249.82,1439.58
360,251.34,1439.91
361,252.96,1440.36
362,254.49,1440.69
363,256.11,1441.13
364,257.73,1441.46
365,259.25,1441.91
366,260.87,1442.24
367,264.3,1442.46
368,267.64,1442.79
369,271.07,1443.02
370,274.5,1443.35
371,277.93,1443.57
372,281.26,1443.79
373,284.69,1444.13
374,288.12,1444.35
375,291.46,1444.68
376,294.89,1444.9
377,296.7,1445.79
378,298.41,1446.79
379,300.22,1447.67
380,302.03,1448.56
381,303.75,1449.45
382,305.56,1450.44
383,307.37,1451.33
384,309.08,1452.22
385,310.89,1453.22
386,312.61,1454.1
387,314.42,1454.99
388,316.23,1455.99
389,317.94,1456.88
390,319.75,1457.76
391,321.56,1458.76
392,323.28,1459.65
393,325.09,1460.53
394,326.9,1461.42
395,328.61,1462.42
396,330.42,1463.31
397,333.0,1463.64
398,335.57,1463.86
399,338.14,1464.08
400,340.72,1464.42
401,343.19,1464.75
402,345.76,1464.97
403,348.34,1465.3
404,350.91,1465.52
405,353.48,1465.86
406,356.05,1466.08
407,360.15,1466.63
408,364.34,1467.19
409,368.44,1467.74
410,372.63,1468.3
411,376.73,1468.74
412,380.92,1469.29
413,385.02,1469.85
414,389.21,1470.4
415,393.31,1470.96
416,402.07,1473.28
417,410.84,1475.61
418,419.61,1477.94
419,428.37,1480.27
420,437.14,1482.71
421,445.9,1485.04
422,454.67,1487.37
423,463.43,1489.69
424,472.2,1492.02
425,480.96,1494.35
426,489.92,1495.13
427,498.97,1495.79
428,507.93,1496.57
429,516.98,1497.34
430,525.94,1498.12
431,534.99,1498.79
432,543.94,1499.56
433,552.99,1500.34
434,561.95,1501.11
435,571.0,1501.78
436,579.96,1502.56
437,585.29,1502.78
438,590.73,1502.89
439,596.06,1503.11
440,601.49,1503.22
441,606.83,1503.44
442,612.16,1503.55
443,617.59,1503.78
444,622.93,1503.89
445,628.36,1504.0
446,633.7,1504.22
447,639.03,1504.44
448,644.46,1504.55
449,649.8,1504.77
450,655.23,1504.88
451,660.56,1505.11
452,665.9,1505.22
453,671.33,1505.44
454,676.67,1505.55
455,682.1,1505.77
456,687.43,1505.88
457,692.29,1502.33
458,697.25,1498.67
459,698.87,1494.35
460,700.58,1490.03
461,702.2,1485.7
462,703.92,1481.38
463,705.54,1477.05
464,708.01,1467.63
465,710.39,1458.21
466,712.87,1448.78
467,715.35,1439.36
468,717.83,1429.93
469,720.21,1420.51
470,722.69,1411.08
471,725.16,1401.66
472,727.54,1392.24
473,730.02,1382.81
474,735.55,1372.94
475,741.17,1363.19
476,746.7,1353.32
477,752.32,1343.56
478,757.84,1333.7
479,763.46,1323.94
480,768.99,1314.18
481,774.61,1304.31
482,780.23,1294.56
483,785.76,1284.69
484,793.1,1275.6
485,800.53,1266.51
486,807.96,1257.53
487,815.3,1248.43
488,822.63,1239.34
489,830.06,1230.25
490,837.5,1221.16
491,844.83,1212.07
492,852.17,1202.98
493,859.6,1193.99
494,867.03,1184.9
495,874.37,1175.81
496,882.94,1165.72
497,891.42,1155.63
498,900.0,1145.54
499,908.57,1135.45
500,917.15,1125.36
501,925.63,1115.27
502,934.2,1105.19
503,942.78,1095.1
504,951.26,1085.01
505,959.83,1075.03
506,968.41,1064.94
507,976.98,1054.85
508,985.46,1044.76
509,994.04,1034.67
510,1002.61,1024.58
511,1011.19,1014.49
512,1019.67,1004.4
513,1028.24,994.31
514,1035.48,983.89
515,1042.73,973.58
516,1049.97,963.16
517,1057.21,952.73
518,1064.54,942.42
519,1071.79,932.0
520,1079.03,921.58
521,1086.27,911.27
522,1093.51,900.85
523,1095.89,893.86
524,1098.27,886.99
525,1100.65,880.0
526,1103.04,873.13
527,1105.42,866.14
528,1107.8,859.27
529,1110.18,852.28
530,1112.56,845.41
531,1114.95,838.42
532,1117.33,831.55
533,1119.71,824.56
534,1122.09,811.59
535,1124.47,798.62
536,1126.86,785.65
537,1129.24,772.68
538,1131.72,759.81
539,1134.1,746.84
540,1136.48,733.87
541,1138.86,720.9
542,1141.24,707.93
543,1143.62,694.95
544,1142.77,681.98
545,1141.91,669.01
546,1141.15,656.04
547,1140.29,643.07
548,1139.43,630.09
549,1138.58,617.12
550,1137.72,604.15
551,1136.96,591.18
552,1136.1,578.2
553,1135.24,565.23
554,1133.62,557.36
555,1132.1,549.38
556,1130.48,541.39
557,1128.86,533.52
558,1127.33,525.65
559,1125.71,517.67
560,1124.09,509.8
561,1122.57,501.81
562,1120.95,493.83
563,1119.33,485.96
564,1117.8,478.09
565,1116.18,470.1
566,1114.66,462.12
567,1113.04,454.25
568,1111.42,446.27
569,1109.9,438.39
570,1108.28,430.52
571,1106.66,422.54
572,1105.13,414.56
573,1103.51,406.68
574,1103.32,405.8
575,1103.23,404.8
576,1103.04,403.91
577,1102.85,402.91
578,1102.75,402.03
579,1102.56,401.03
580,1102.37,400.14
581,1102.27,399.14
582,1102.08,398.26
583,1101.51,395.6
584,1101.04,392.94
585,1100.46,390.27
586,1099.89,387.61
587,1099.42,384.95
588,1098.84,382.18
589,1098.37,379.52
590,1097.8,376.86
591,1097.22,374.2
592,1096.75,371.54
593,1096.18,368.88
594,1095.6,365.0
595,1095.03,361.11
596,1094.56,357.23
597,1093.98,353.35
598,1093.41,349.47
599,1092.84,345.59
600,1092.27,341.71
601,1091.79,337.83
602,1091.22,333.95
603,1090.65,330.07
604,1089.98,325.52
605,1089.32,320.87
606,1088.65,316.32
607,1087.98,311.66
608,1087.41,307.12
609,1086.74,302.57
610,1086.08,297.92
611,1085.41,293.37
612,1084.74,288.71
613,1084.08,284.17
614,1082.17,275.85
615,1080.36,267.65
616,1078.45,259.33
617,1076.64,251.02
618,1074.74,242.7
619,1072.93,234.39
620,1071.02,226.18
621,1069.21,217.87
622,1067.31,209.55
623,1065.5,201.35
624,1063.59,193.03
625,1061.69,184.71
626,1059.88,176.4
627,1057.97,168.19
628,1056.16,159.88
629,1054.25,151.56
630,1052.44,143.25
631,1050.54,135.04
632,1048.73,126.73
633,1046.82,118.41
634,1045.39,107.77
635,1043.87,97.13
636,1042.44,86.48
637,1040.91,75.84
638,1039.49,65.19
639,1038.06,54.44
640,1036.53,43.79
641,1035.1,33.15
642,1033.58,22.51
643,1032.15,11.86
