284,1903.18,1428.6
285,1902.04,1430.71
286,1900.9,1432.82
287,1899.75,1435.03
288,1898.61,1437.14
289,1897.47,1439.25
290,1896.32,1441.35
291,1895.18,1443.46
292,1894.04,1445.68
293,1892.89,1447.78
294,1891.75,1449.89
295,1888.7,1456.1
296,1885.75,1462.31
297,1882.79,1468.41
298,1879.74,1474.62
299,1876.79,1480.82
300,1873.74,1487.03
301,1870.79,1493.24
302,1867.74,1499.34
303,1864.79,1505.55
304,1861.74,1511.76
305,1858.69,1516.75
306,1855.54,1521.85
307,1852.5,1526.84
308,1849.45,1531.94
309,1846.4,1536.93
310,1843.25,1542.03
311,1840.2,1547.13
312,1837.16,1552.12
313,1834.01,1557.22
314,1830.96,1562.21
315,1830.96,1562.21
316,1830.96,1562.21
317,1830.96,1562.21
318,1830.96,1562.21
319,1830.96,1562.21
320,1830.96,1562.21
321,1830.96,1562.21
322,1830.96,1562.21
323,1830.96,1562.21
324,1830.96,1562.21
325,1830.96,1562.21
326,1830.96,1562.21
327,1830.96,1562.21
328,1830.96,1562.21
329,1830.96,1562.21
330,1830.96,1562.21
331,1830.96,1562.21
332,1830.96,1562.21
333,1830.96,1562.21
334,1830.96,1562.21
335,1830.96,1562.21
336,1830.96,1562.21
337,1830.96,1562.21
338,1830.96,1562.21
339,1830.96,1562.21
340,1830.96,1562.21
341,1830.96,1562.21
342,1830.96,1562.21
343,1830.96,1562.21
344,1830.96,1562.21
345,1830.96,1562.21
346,1830.96,1562.21
347,1830.96,1562.21
348,1830.96,1562.21
349,1830.96,1562.21
350,1830.96,1562.21
351,1830.96,1562.21
352,1830.96,1562.21
353,1830.96,1562.21
354,1830.96,1562.21
355,1830.96,1562.21
356,1830.96,1562.21
357,1830.96,1562.21
358,1830.96,1562.21
359,1830.96,1562.21
360,1830.96,1562.21
361,1830.96,1562.21
362,1830.96,1562.21
363,1830.96,1562.21
364,1830.96,1562.21
365,1831.06,1561.98
366,1831.06,1561.76
367,1831.15,1561.54
368,1831.15,1561.32
369,1831.25,1561.21
370,1831.25,1560.99
371,1831.34,1560.76
372,1831.34,1560.54
373,1831.44,1560.32
374,1831.44,1560.32
375,1831.44,1560.32
376,1831.44,1560.32
377,1831.44,1560.32
378,1831.44,1560.32
379,1831.44,1560.32
380,1831.44,1560.32
381,1831.44,1560.32
382,1831.44,1560.32
383,1831.44,1560.32
384,1831.44,1560.32
385,1831.44,1560.32
386,1831.44,1560.32
387,1831.44,1560.32
388,1831.44,1560.32
389,1831.44,1560.32
390,1831.44,1560.32
391,1831.44,1560.32
392,1831.44,1560.32
393,1831.44,1560.32
394,1831.44,1560.32
395,1831.44,1560.32
396,1831.44,1560.32
397,1831.44,1560.32
398,1831.44,1560.32
399,1831.44,1560.32
400,1831.44,1560.32
401,1831.44,1560.32
402,1831.44,1560.32
403,1831.44,1560.32
404,1831.44,1560.32
405,1831.44,1560.32
406,1831.44,1560.32
407,1831.44,1560.32
408,1831.44,1560.32
409,1831.44,1560.32
410,1831.44,1560.32
411,1831.44,1560.32
412,1831.44,1560.32
413,1831.44,1560.32
414,1831.44,1560.32
415,1831.44,1560.32
416,1831.44,1560.32
417,1831.44,1560.32
418,1831.44,1560.32
419,1831.44,1560.32
420,1831.44,1560.32
421,1831.44,1560.32
422,1831.44,1560.32
423,1831.44,1560.32
424,1831.44,1560.32
425,1830.77,1561.54
426,1830.2,1562.87
427,1829.53,1564.09
428,1828.96,1565.31
429,1828.29,1566.53
430,1827.72,1567.86
431,1827.06,1569.08
432,1826.48,1570.3
433,1825.82,1571.52
434,1825.25,1572.85
435,1824.58,1574.07
436,1824.58,1574.07
437,1824.58,1574.07
438,1824.58,1574.07
439,1824.58,1574.07
440,1824.58,1574.07
441,1824.58,1574.07
442,1824.58,1574.07
443,1824.58,1574.07
444,1824.58,1574.07
445,1824.58,1574.07
446,1824.58,1574.07
447,1824.58,1574.07
448,1824.58,1574.07
449,1824.58,1574.07
450,1824.58,1574.07
451,1824.58,1574.07
452,1824.58,1574.07
453,1824.58,1574.07
454,1824.58,1574.07
455,1823.72,1575.84
456,1822.86,1577.62
457,1822.01,1579.28
458,1821.15,1581.05
459,1820.29,1582.83
460,1819.43,1584.6
461,1818.58,1586.38
462,1817.72,1588.04
463,1816.86,1589.81
464,1816.0,1591.59
465,1814.19,1594.8
466,1812.38,1597.91
467,1810.57,1601.12
468,1808.76,1604.34
469,1806.95,1607.55
470,1805.14,1610.77
471,1803.33,1613.87
472,1801.52,1617.09
473,1798.28,1622.19
474,1794.95,1627.4
475,1791.71,1632.5
476,1788.37,1637.71
477,1785.13,1642.81
478,1781.8,1648.02
479,1778.56,1653.12
480,1775.22,1658.33
481,1771.98,1663.43
482,1771.13,1666.54
483,1770.27,1669.64
484,1769.41,1672.86
485,1768.55,1675.96
486,1767.6,1679.07
487,1766.74,1682.17
488,1765.89,1685.27
489,1765.03,1688.49
490,1764.17,1691.59
491,1763.31,1694.7
492,1761.31,1697.8
493,1759.31,1700.8
494,1757.31,1703.9
495,1755.31,1707.01
496,1753.31,1710.0
497,1751.31,1713.1
498,1749.31,1716.21
499,1747.31,1719.2
500,1745.31,1722.31
501,1743.31,1725.3
502,1741.31,1728.4
503,1739.3,1731.51
504,1737.3,1734.5
505,1735.3,1737.61
506,1733.3,1740.71
507,1731.3,1743.7
508,1729.3,1746.81
509,1727.3,1749.91
510,1725.3,1752.91
511,1723.3,1756.01
512,1721.3,1759.34
513,1719.39,1762.55
514,1717.39,1765.88
515,1715.39,1769.21
516,1713.39,1772.42
517,1711.48,1775.75
518,1709.48,1779.07
519,1707.48,1782.4
520,1705.58,1785.62
521,1703.58,1788.94
522,1700.62,1793.93
523,1697.67,1798.81
524,1694.81,1803.8
525,1691.86,1808.79
526,1688.9,1813.78
527,1685.95,1818.66
528,1683.0,1823.64
529,1680.14,1828.63
530,1677.18,1833.51
531,1674.23,1838.5
532,1673.56,1839.83
533,1672.8,1841.16
534,1672.04,1842.49
535,1671.37,1843.82
536,1670.61,1845.15
537,1669.94,1846.48
538,1669.27,1847.82
539,1668.51,1849.15
540,1667.75,1850.48
541,1667.08,1851.81
542,1667.08,1851.81
543,1667.08,1851.81
544,1667.08,1851.81
545,1667.08,1851.81
546,1667.08,1851.81
547,1667.08,1851.81
548,1667.08,1851.81
549,1667.08,1851.81
550,1667.08,1851.81
551,1667.08,1851.81
552,1667.08,1851.81
553,1667.08,1851.81
554,1667.08,1851.81
555,1667.08,1851.81
556,1667.08,1851.81
557,1667.08,1851.81
558,1667.08,1851.81
559,1667.08,1851.81
560,1667.08,1851.81
561,1667.08,1851.81
562,1667.08,1851.81
563,1667.08,1851.81
564,1667.08,1851.81
565,1667.08,1851.81
566,1667.08,1851.81
567,1667.08,1851.81
568,1667.08,1851.81
569,1667.08,1851.81
570,1667.08,1851.81
571,1667.08,1851.81
572,1667.08,1851.81
573,1667.08,1851.81
574,1667.08,1851.81
575,1667.08,1851.81
576,1667.08,1851.81
577,1667.08,1851.81
578,1667.08,1851.81
579,1667.08,1851.81
580,1667.08,1851.81
581,1667.08,1851.81
582,1667.08,1851.81
583,1667.08,1851.81
584,1667.08,1851.81
585,1667.08,1851.81
586,1667.08,1851.81
587,1667.08,1851.81
588,1667.08,1851.81
589,1667.08,1851.81
590,1667.08,1851.81
591,1667.08,1851.81
592,1666.99,1851.7
593,1666.89,1851.47
594,1666.8,1851.36
595,1666.7,1851.14
596,1666.61,1851.03
597,1666.51,1850.92
598,1666.42,1850.7
599,1666.32,1850.59
600,1666.23,1850.37
601,1666.13,1850.25
602,1666.13,1850.25
603,1666.13,1850.25
604,1666.13,1850.25
605,1666.13,1850.25
606,1666.13,1850.25
607,1666.13,1850.25
608,1666.13,1850.25
609,1666.13,1850.25
610,1666.13,1850.25
611,1666.13,1850.25
612,1664.99,1852.14
613,1663.94,1854.02
614,1662.8,1855.91
615,1661.65,1857.79
616,1660.6,1859.68
617,1659.46,1861.56
618,1658.32,1863.45
619,1657.17,1865.33
620,1656.13,1867.22
621,1654.98,1869.1
622,1653.84,1870.88
623,1652.79,1872.76
624,1651.65,1874.65
625,1650.51,1876.53
626,1649.36,1878.42
627,1648.31,1880.3
628,1647.17,1882.19
629,1646.03,1884.07
630,1644.98,1885.96
631,1643.84,1887.84
632,1639.45,1894.49
633,1635.17,1901.15
634,1630.78,1907.69
635,1626.5,1914.34
636,1622.11,1920.99
637,1617.73,1927.64
638,1613.44,1934.3
639,1609.06,1940.84
640,1604.77,1947.49
641,1600.39,1954.14
642,1596.01,1962.24
643,1591.53,1970.33
644,1587.15,1978.42
645,1582.76,1986.52
646,1578.28,1994.61
647,1573.9,2002.59
648,1569.42,2010.69
649,1565.04,2018.78
650,1560.66,2026.88
651,1556.18,2034.97
652,1551.8,2043.06
653,1545.22,2055.37
654,1538.74,2067.68
655,1532.17,2079.98
656,1525.69,2092.29
657,1519.12,2104.49
658,1512.64,2116.79
659,1506.06,2129.1
660,1499.58,2141.41
661,1493.01,2153.71
662,1493.3,2153.83
663,1493.49,2154.05
664,1493.77,2154.16
665,1494.06,2154.27
666,1494.34,2154.38
667,1494.53,2154.6
668,1494.82,2154.71
669,1495.11,2154.82
670,1495.39,2154.93
671,1495.58,2155.16
672,1495.87,2155.27
673,1496.15,2155.38
674,1496.34,2155.49
675,1496.63,2155.71
676,1496.92,2155.82
677,1497.2,2155.93
678,1497.39,2156.04
679,1497.68,2156.26
680,1497.96,2156.38
681,1498.25,2156.49
682,1498.44,2156.6
683,1498.73,2156.82
684,1499.01,2156.93
685,1499.2,2157.04
686,1499.49,2157.15
687,1499.77,2157.37
688,1500.06,2157.48
689,1500.25,2157.6
690,1500.54,2157.71
691,1500.82,2157.93
692,1501.11,2158.04
693,1501.3,2158.15
694,1501.59,2158.26
695,1501.87,2158.48
696,1502.06,2158.59
697,1502.35,2158.7
698,1502.63,2158.81
699,1502.92,2159.04
700,1503.11,2159.15
701,1503.4,2159.26
702,1503.68,2159.37
703,1503.97,2159.59
704,1504.16,2159.7
705,1504.44,2159.81
706,1504.73,2159.92
707,1504.92,2160.15
708,1505.21,2160.26
709,1505.49,2160.37
710,1505.78,2160.48
711,1505.97,2160.7
712,1506.25,2160.81
713,1506.54,2160.92
714,1506.83,2161.03
715,1507.02,2161.25
716,1507.3,2161.36
717,1507.59,2161.48
718,1507.78,2161.59
719,1508.06,2161.81
720,1508.35,2161.92
721,1508.64,2162.03
722,1508.83,2162.14
723,1509.11,2162.36
724,1509.4,2162.47
725,1509.68,2162.58
726,1509.87,2162.7
727,1510.16,2162.92
728,1510.45,2163.03
729,1510.64,2163.14
730,1510.92,2163.25
731,1511.21,2163.47
732,1511.49,2163.58
733,1511.68,2163.69
734,1511.97,2163.8
735,1512.26,2164.03
736,1512.54,2164.14
737,1512.73,2164.25
738,1513.02,2164.36
739,1513.3,2164.58
740,1513.5,2164.69
741,1513.78,2164.8
742,1514.07,2164.91
743,1514.35,2165.13
744,1514.54,2165.25
745,1514.83,2165.36
746,1515.11,2165.47
747,1515.4,2165.69
748,1515.59,2165.8
749,1515.88,2165.91
750,1516.16,2166.02
751,1516.35,2166.24
752,1516.64,2166.35
753,1516.93,2166.46
754,1517.21,2166.58
755,1517.4,2166.8
756,1517.69,2166.91
757,1517.97,2167.02
758,1518.26,2167.13
759,1518.45,2167.35
760,1518.74,2167.46
761,1519.02,2167.57
762,1519.21,2167.68
763,1519.5,2167.91
764,1519.78,2168.02
765,1520.07,2168.13
766,1520.26,2168.24
767,1520.55,2168.46
768,1520.83,2168.57
769,1521.02,2168.68
770,1521.31,2168.79
771,1521.59,2169.02
772,1521.88,2169.13
773,1522.07,2169.24
774,1522.36,2169.35
775,1522.64,2169.57
776,1522.93,2169.68
777,1523.12,2169.79
778,1523.4,2169.9
779,1523.69,2170.12
780,1523.88,2170.23
781,1524.17,2170.35
782,1524.45,2170.46
783,1524.74,2170.68
784,1524.93,2170.79
785,1525.21,2170.9
786,1525.5,2171.01
787,1525.79,2171.23
788,1525.98,2171.34
789,1526.26,2171.45
790,1526.55,2171.57
791,1526.74,2171.79
792,1527.02,2171.9
793,1527.31,2172.01
794,1527.6,2172.12
795,1527.79,2172.34
796,1528.07,2172.45
797,1528.36,2172.56
798,1528.64,2172.67
799,1528.83,2172.9
800,1529.12,2173.01
801,1529.41,2173.12
802,1529.6,2173.34
803,1529.88,2173.45
804,1530.17,2173.56
805,1530.45,2173.67
806,1530.65,2173.89
807,1530.93,2174.0
808,1531.22,2174.12
809,1531.5,2174.23
810,1531.69,2174.45
811,1531.98,2174.56
812,1532.26,2174.67
813,1532.46,2174.78
814,1532.74,2175.0
815,1533.03,2175.11
816,1533.31,2175.22
817,1533.5,2175.33
818,1533.79,2175.56
819,1534.08,2175.67
820,1534.36,2175.78
821,1534.55,2175.89
822,1534.84,2176.11
823,1535.12,2176.22
824,1535.31,2176.33
825,1535.6,2176.44
826,1535.89,2176.67
827,1536.17,2176.78
828,1536.36,2176.89
829,1536.65,2177.0
830,1536.93,2177.22
831,1537.22,2177.33
832,1537.41,2177.44
833,1537.7,2177.55
834,1537.98,2177.77
835,1538.17,2177.88
836,1538.46,2178.0
837,1538.74,2178.11
838,1539.03,2178.33
839,1539.22,2178.44
840,1539.51,2178.55
841,1539.79,2178.66
842,1540.08,2178.88
843,1540.27,2178.99
844,1540.55,2179.1
845,1540.84,2179.22
846,1541.03,2179.44
847,1541.32,2179.55
848,1541.6,2179.66
849,1541.89,2179.77
850,1542.08,2179.99
851,1542.36,2180.1
852,1542.65,2180.21
853,1542.94,2180.32
854,1543.13,2180.55
855,1543.41,2180.66
856,1543.7,2180.77
857,1543.89,2180.88
858,1544.17,2181.1
859,1544.46,2181.21
860,1544.75,2181.32
861,1544.94,2181.43
862,1545.22,2181.65
863,1545.51,2181.77
864,1545.79,2181.88
865,1545.98,2181.99
866,1546.27,2182.21
867,1546.56,2182.32
868,1546.75,2182.43
869,1547.03,2182.54
870,1547.32,2182.76
871,1547.6,2182.87
872,1547.8,2182.99
873,1548.08,2183.1
874,1548.37,2183.32
875,1548.65,2183.43
876,1548.84,2183.54
877,1549.13,2183.65
878,1549.41,2183.87
879,1549.61,2183.98
880,1549.89,2184.09
881,1550.18,2184.2
882,1550.46,2184.43
883,1550.65,2184.54
884,1550.94,2184.65
885,1551.23,2184.76
886,1551.51,2184.98
887,1551.7,2185.09
888,1551.99,2185.2
889,1552.27,2185.31
890,1552.46,2185.54
891,1552.75,2185.65
892,1553.04,2185.76
893,1553.32,2185.87
894,1553.51,2186.09
895,1553.8,2186.2
896,1554.08,2186.31
897,1554.37,2186.42
898,1554.56,2186.64
899,1554.85,2186.75
900,1555.13,2186.87
901,1555.32,2186.98
902,1555.61,2187.2
903,1555.89,2187.31
904,1556.18,2187.42
905,1556.37,2187.53
906,1556.66,2187.75
907,1556.94,2187.86
908,1557.23,2187.97
909,1557.42,2188.09
910,1557.7,2188.31
911,1557.99,2188.42
912,1558.18,2188.53
913,1558.47,2188.64
914,1558.75,2188.86
915,1559.04,2188.97
916,1559.23,2189.08
917,1559.51,2189.19
918,1559.8,2189.42
919,1560.09,2189.53
920,1560.28,2189.64
921,1560.56,2189.75
922,1560.85,2189.97
923,1561.04,2190.08
924,1561.32,2190.19
925,1561.61,2190.3
926,1561.9,2190.52
927,1562.09,2190.64
928,1562.37,2190.75
929,1562.66,2190.86
930,1562.94,2191.08
931,1563.13,2191.19
932,1563.42,2191.3
933,1563.71,2191.41
934,1563.9,2191.63
935,1564.18,2191.74
936,1564.47,2191.85
937,1564.75,2191.97
938,1564.95,2192.19
939,1565.23,2192.3
940,1565.52,2192.41
941,1565.8,2192.52
942,1565.99,2192.74
943,1566.28,2192.85
944,1566.57,2192.96
945,1566.76,2193.19
946,1567.04,2193.3
947,1567.33,2193.41
948,1567.61,2193.52
949,1567.8,2193.74
950,1568.09,2193.85
951,1568.38,2193.96
952,1568.66,2194.07
953,1568.85,2194.29
954,1569.14,2194.41
955,1569.42,2194.52
956,1569.61,2194.63
957,1569.9,2194.85
958,1570.19,2194.96
959,1570.47,2195.07
960,1570.66,2195.18
961,1570.95,2195.4
962,1571.23,2195.51
963,1571.52,2195.62
964,1571.71,2195.74
965,1572.0,2195.96
966,1572.28,2196.07
967,1572.47,2196.18
968,1572.76,2196.29
969,1573.04,2196.51
970,1573.33,2196.62
971,1573.52,2196.73
972,1573.81,2196.84
973,1574.09,2197.07
974,1574.38,2197.18
975,1574.57,2197.29
976,1574.85,2197.4
977,1575.14,2197.62
978,1575.33,2197.73
979,1575.62,2197.84
980,1575.9,2197.95
981,1576.19,2198.17
982,1576.38,2198.29
983,1576.66,2198.4
984,1576.95,2198.51
985,1577.14,2198.73
986,1577.43,2198.84
987,1577.71,2198.95
988,1578.0,2199.06
989,1578.19,2199.28
990,1578.47,2199.39
991,1578.76,2199.51
992,1579.05,2199.62
993,1579.24,2199.84
994,1579.52,2199.95
995,1579.81,2200.06
996,1580.0,2200.17
997,1580.29,2200.39
998,1580.57,2200.5
999,1580.86,2200.61
1000,1581.05,2200.72
1001,1581.33,2200.95
1002,1581.62,2201.06
1003,1581.9,2201.17
1004,1582.1,2201.28
1005,1582.38,2201.5
1006,1582.67,2201.61
1007,1582.86,2201.72
1008,1583.14,2201.83
1009,1583.43,2202.06
1010,1583.72,2202.17
1011,1583.91,2202.28
1012,1584.19,2202.39
1013,1584.48,2202.61
1014,1584.76,2202.72
1015,1584.95,2202.83
1016,1585.24,2202.94
1017,1585.53,2203.16
1018,1585.72,2203.27
1019,1586.0,2203.39
1020,1586.29,2203.5
1021,1586.57,2203.72
1022,1586.76,2203.83
1023,1587.05,2203.94
1024,1587.34,2204.05
1025,1587.62,2204.27
1026,1587.81,2204.38
1027,1588.1,2204.49
1028,1588.38,2204.61
1029,1588.57,2204.83
1030,1588.86,2204.94
1031,1589.15,2205.05
1032,1589.43,2205.16
1033,1589.62,2205.38
1034,1589.91,2205.49
1035,1590.19,2205.6
1036,1590.48,2205.71
1037,1590.67,2205.94
1038,1590.96,2206.05
1039,1591.24,2206.16
1040,1591.43,2206.27
1041,1591.72,2206.49
1042,1592.0,2206.6
1043,1592.29,2206.71
1044,1592.48,2206.82
1045,1592.77,2207.04
1046,1593.05,2207.16
1047,1593.34,2207.27
1048,1593.53,2207.38
1049,1593.81,2207.6
1050,1594.1,2207.71
1051,1594.29,2207.82
1052,1594.58,2207.93
1053,1594.86,2208.15
1054,1595.15,2208.26
1055,1595.34,2208.38
1056,1595.62,2208.49
1057,1595.91,2208.71
1058,1596.2,2208.82
1059,1596.39,2208.93
1060,1596.67,2209.04
1061,1596.96,2209.26
1062,1597.15,2209.37
1063,1597.44,2209.48
1064,1597.72,2209.59
1065,1598.01,2209.82
1066,1598.2,2209.93
1067,1598.48,2210.04
1068,1598.77,2210.15
1069,1599.05,2210.37
1070,1599.25,2210.48
1071,1599.53,2210.59
1072,1599.82,2210.7
1073,1600.01,2210.93
1074,1600.29,2211.04
1075,1600.58,2211.15
1076,1600.87,2211.26
1077,1601.06,2211.48
1078,1601.34,2211.59
1079,1601.63,2211.7
1080,1601.91,2211.81
1081,1602.1,2212.03
1082,1602.39,2212.14
1083,1602.2,2212.26
1084,1602.01,2212.26
1085,1601.91,2212.37
1086,1601.72,2212.48
1087,1601.53,2212.48
1088,1601.34,2212.59
1089,1601.25,2212.7
1090,1601.06,2212.7
1091,1600.87,2212.81
1092,1600.48,2212.81
1093,1600.2,2212.81
1094,1599.82,2212.92
1095,1599.53,2212.92
1096,1599.15,2212.92
1097,1598.86,2212.92
1098,1598.48,2213.03
1099,1598.2,2213.03
1100,1597.82,2213.03
1101,1597.53,2213.03
1102,1597.15,2213.14
1103,1596.86,2213.14
1104,1596.48,2213.14
1105,1596.2,2213.14
1106,1595.82,2213.25
1107,1595.53,2213.25
1108,1595.15,2213.25
1109,1594.86,2213.25
1110,1594.48,2213.36
1111,1594.2,2213.36
1112,1593.81,2213.36
1113,1593.81,2213.36
1114,1593.81,2213.36
1115,1593.81,2213.36
1116,1593.81,2213.36
1117,1593.81,2213.36
1118,1593.81,2213.36
1119,1593.81,2213.36
1120,1593.81,2213.36
1121,1593.81,2213.36
1122,1593.81,2213.36
1123,1593.81,2213.36
1124,1593.81,2213.36
1125,1593.81,2213.36
1126,1593.81,2213.36
1127,1593.81,2213.36
1128,1593.81,2213.36
1129,1593.81,2213.36
1130,1593.81,2213.36
1131,1593.81,2213.36
1132,1593.81,2213.36
1133,1593.81,2213.36
1134,1593.81,2213.36
1135,1593.81,2213.36
1136,1593.81,2213.36
1137,1593.81,2213.36
1138,1593.81,2213.36
1139,1593.81,2213.36
1140,1593.81,2213.36
1141,1593.81,2213.36
1142,1593.81,2213.36
1143,1593.81,2213.36
1144,1593.81,2213.36
1145,1593.81,2213.36
1146,1593.81,2213.36
1147,1593.81,2213.36
1148,1593.81,2213.36
1149,1593.81,2213.36
1150,1593.81,2213.36
1151,1593.81,2213.36
1152,1593.81,2213.36
1153,1593.91,2213.25
1154,1594.01,2213.14
1155,1594.1,2213.03
1156,1594.2,2212.81
1157,1594.29,2212.7
1158,1594.48,2212.59
1159,1594.58,2212.48
1160,1594.67,2212.37
1161,1594.77,2212.26
1162,1594.86,2212.03
1163,1594.96,2211.92
1164,1595.05,2211.81
1165,1595.15,2211.7
1166,1595.24,2211.59
1167,1595.34,2211.48
1168,1595.53,2211.37
1169,1595.62,2211.15
1170,1595.72,2211.04
1171,1595.82,2210.93
1172,1595.91,2210.81
1173,1593.72,2210.48
1174,1591.53,2210.04
1175,1589.24,2209.71
1176,1587.05,2209.37
1177,1584.86,2208.93
1178,1582.67,2208.6
1179,1580.48,2208.26
1180,1578.19,2207.93
1181,1576.0,2207.49
1182,1573.81,2207.16
1183,1571.23,2206.27
1184,1568.66,2205.38
1185,1566.09,2204.49
1186,1563.52,2203.61
1187,1560.94,2202.83
1188,1558.37,2201.94
1189,1555.8,2201.06
1190,1553.23,2200.17
1191,1550.65,2199.28
1192,1548.08,2198.4
