296,1854.31,2056.7
297,1846.97,2053.6
298,1839.73,2050.49
299,1832.39,2047.28
300,1825.05,2044.17
301,1817.81,2041.07
302,1810.48,2037.96
303,1803.14,2034.86
304,1795.8,2031.64
305,1788.56,2028.54
306,1781.23,2025.43
307,1778.08,2024.33
308,1774.94,2023.22
309,1771.7,2022.11
310,1768.55,2021.0
311,1765.41,2019.78
312,1762.27,2018.67
313,1759.12,2017.56
314,1755.88,2016.45
315,1752.74,2015.34
316,1749.59,2014.24
317,1747.31,2013.35
318,1745.02,2012.35
319,1742.73,2011.46
320,1740.45,2010.58
321,1738.16,2009.58
322,1735.87,2008.69
323,1733.59,2007.81
324,1731.3,2006.81
325,1729.01,2005.92
326,1726.73,2005.03
327,1724.44,2004.04
328,1722.15,2003.15
329,1719.87,2002.15
330,1717.58,2001.26
331,1715.29,2000.38
332,1713.01,1999.38
333,1710.72,1998.49
334,1708.43,1997.6
335,1706.15,1996.61
336,1703.86,1995.72
337,1702.05,1994.39
338,1700.15,1993.06
339,1698.33,1991.73
340,1696.43,1990.4
341,1694.62,1989.07
342,1692.71,1987.74
343,1690.9,1986.41
344,1689.0,1985.08
345,1687.19,1983.75
346,1686.81,1982.75
347,1686.43,1981.64
348,1686.04,1980.64
349,1685.66,1979.64
350,1685.28,1978.65
351,1684.81,1977.54
352,1684.42,1976.54
353,1684.04,1975.54
354,1683.66,1974.54
355,1683.28,1973.43
356,1682.9,1972.44
357,1683.0,1972.44
358,1683.0,1972.33
359,1683.09,1972.33
360,1683.09,1972.33
361,1683.19,1972.21
362,1683.19,1972.21
363,1683.28,1972.21
364,1683.28,1972.1
365,1683.38,1972.1
366,1683.38,1972.1
367,1683.38,1972.1
368,1683.38,1972.1
369,1683.38,1972.1
370,1683.38,1972.1
371,1683.38,1972.1
372,1683.38,1972.1
373,1683.38,1972.1
374,1683.38,1972.1
375,1683.38,1972.1
376,1683.38,1971.44
377,1683.38,1970.77
378,1683.38,1970.11
379,1683.38,1969.44
380,1683.38,1968.78
381,1683.38,1968.11
382,1683.38,1967.45
383,1683.38,1966.78
384,1683.38,1966.12
385,1683.38,1965.45
386,1683.28,1964.9
387,1683.28,1964.23
388,1683.28,1963.57
389,1683.28,1962.9
390,1683.28,1962.24
391,1683.28,1961.57
392,1683.28,1960.91
393,1683.28,1960.24
394,1683.28,1959.58
395,1683.28,1958.91
396,1683.28,1958.24
397,1680.99,1958.13
398,1678.61,1958.02
399,1676.33,1957.91
400,1673.94,1957.8
401,1671.56,1957.69
402,1669.27,1957.69
403,1666.89,1957.58
404,1664.61,1957.47
405,1662.22,1957.36
406,1659.94,1957.25
407,1658.41,1957.47
408,1656.98,1957.58
409,1655.46,1957.69
410,1654.03,1957.91
411,1652.51,1958.02
412,1651.08,1958.24
413,1649.55,1958.47
414,1648.12,1958.58
415,1646.69,1958.8
416,1645.17,1958.91
417,1644.79,1959.13
418,1644.41,1959.35
419,1644.03,1959.58
420,1643.65,1959.8
421,1643.36,1959.91
422,1642.98,1960.13
423,1642.6,1960.35
424,1642.22,1960.57
425,1641.83,1960.79
426,1641.45,1961.02
427,1641.45,1961.02
428,1641.45,1961.02
429,1641.45,1961.02
430,1641.45,1961.02
431,1641.45,1961.02
432,1641.45,1961.02
433,1641.45,1961.02
434,1641.45,1961.02
435,1641.45,1961.02
436,1641.45,1961.02
437,1641.17,1961.24
438,1640.98,1961.57
439,1640.69,1961.79
440,1640.5,1962.01
441,1640.22,1962.35
442,1640.02,1962.57
443,1639.74,1962.9
444,1639.55,1963.12
445,1639.26,1963.35
446,1639.07,1963.68
447,1638.79,1963.9
448,1638.6,1964.12
449,1638.31,1964.45
450,1638.12,1964.68
451,1637.83,1965.01
452,1637.64,1965.23
453,1637.36,1965.45
454,1637.17,1965.78
455,1636.88,1966.01
456,1636.88,1966.01
457,1636.88,1966.01
458,1636.88,1966.01
459,1636.88,1966.01
460,1636.88,1966.01
461,1636.88,1966.01
462,1636.88,1966.01
463,1636.88,1966.01
464,1636.88,1966.01
465,1636.88,1966.01
466,1636.88,1966.01
467,1636.88,1966.01
468,1636.88,1966.01
469,1636.88,1966.01
470,1636.88,1966.01
471,1636.88,1966.01
472,1636.88,1966.01
473,1636.88,1966.01
474,1636.88,1966.01
475,1636.88,1966.01
476,1636.88,1966.01
477,1636.98,1965.9
478,1637.17,1965.9
479,1637.26,1965.78
480,1637.36,1965.67
481,1637.45,1965.56
482,1637.64,1965.56
483,1637.74,1965.45
484,1637.83,1965.34
485,1638.02,1965.34
486,1638.12,1965.23
487,1637.93,1965.01
488,1637.83,1964.9
489,1637.64,1964.68
490,1637.45,1964.45
491,1637.36,1964.34
492,1637.17,1964.12
493,1636.98,1963.9
494,1636.88,1963.79
495,1636.69,1963.57
496,1636.21,1963.46
497,1635.83,1963.35
498,1635.36,1963.23
499,1634.88,1963.12
500,1634.4,1963.01
501,1634.02,1962.9
502,1633.55,1962.79
503,1633.07,1962.68
504,1632.59,1962.57
505,1632.21,1962.35
506,1631.74,1962.24
507,1631.26,1962.13
508,1630.78,1962.01
509,1630.4,1961.9
510,1629.93,1961.79
511,1629.45,1961.68
512,1628.97,1961.57
513,1628.59,1961.46
514,1628.11,1961.35
515,1625.64,1961.02
516,1623.26,1960.79
517,1620.87,1960.57
518,1618.4,1960.24
519,1615.92,1959.91
520,1613.54,1959.69
521,1611.16,1959.35
522,1608.68,1959.13
523,1606.2,1958.8
524,1603.82,1958.58
525,1603.82,1958.58
526,1603.72,1958.58
527,1603.72,1958.58
528,1603.63,1958.58
529,1603.63,1958.58
530,1603.53,1958.58
531,1603.44,1958.58
532,1603.44,1958.58
533,1603.44,1958.58
534,1603.34,1958.58
535,1603.34,1958.58
536,1603.34,1958.58
537,1603.34,1958.58
538,1603.34,1958.58
539,1603.34,1958.58
540,1603.34,1958.58
541,1603.34,1958.58
542,1603.34,1958.58
543,1603.34,1958.58
544,1603.34,1958.58
545,1603.34,1958.58
546,1603.34,1958.58
547,1603.34,1958.58
548,1603.34,1958.58
549,1603.34,1958.58
550,1603.34,1958.58
551,1603.34,1958.58
552,1603.34,1958.58
553,1603.34,1958.58
554,1603.06,1958.69
555,1602.77,1958.8
556,1602.39,1958.91
557,1602.1,1959.02
558,1601.82,1959.13
559,1601.53,1959.24
560,1601.25,1959.35
561,1600.87,1959.46
562,1600.58,1959.58
563,1600.29,1959.8
564,1600.01,1959.91
565,1599.63,1960.02
566,1599.34,1960.13
567,1599.05,1960.24
568,1598.77,1960.35
569,1598.48,1960.46
570,1598.1,1960.57
571,1597.82,1960.68
572,1597.53,1960.79
573,1593.62,1967.67
574,1589.72,1974.43
575,1585.81,1981.31
576,1581.9,1988.18
577,1578.0,1995.05
578,1574.09,2001.82
579,1570.19,2008.69
580,1566.28,2015.57
581,1562.37,2022.33
582,1558.47,2029.2
583,1553.23,2038.96
584,1547.99,2048.72
585,1542.75,2058.47
586,1537.51,2068.23
587,1532.26,2078.1
588,1527.02,2087.86
589,1521.78,2097.61
590,1516.54,2107.37
591,1511.3,2117.13
592,1509.59,2120.01
593,1507.87,2122.89
594,1506.16,2125.89
595,1504.44,2128.77
596,1502.73,2131.65
597,1501.01,2134.53
598,1499.3,2137.42
599,1497.58,2140.41
600,1495.87,2143.29
601,1494.15,2146.18
602,1494.15,2146.18
603,1494.15,2146.18
604,1494.06,2146.06
605,1494.06,2146.06
606,1494.06,2146.06
607,1494.06,2146.06
608,1494.06,2146.06
609,1493.96,2145.95
610,1493.96,2145.95
611,1493.96,2145.95
612,1492.91,2147.95
613,1491.87,2149.83
614,1490.82,2151.83
615,1489.77,2153.71
616,1488.72,2155.71
617,1487.67,2157.71
618,1486.63,2159.59
619,1485.58,2161.59
620,1484.53,2163.58
621,1483.48,2165.47
622,1482.43,2167.46
623,1481.39,2169.35
624,1480.24,2171.34
625,1479.19,2173.34
626,1478.15,2175.22
627,1477.1,2177.22
628,1476.05,2179.22
629,1475.0,2181.1
630,1473.95,2183.1
631,1472.91,2185.09
632,1471.86,2186.98
633,1470.81,2188.97
634,1469.76,2190.86
635,1468.71,2192.85
