297,1054.73,12.2
298,1056.25,21.18
299,1057.78,30.27
300,1059.3,39.25
301,1060.73,48.34
302,1062.26,57.32
303,1063.78,66.41
304,1065.31,75.39
305,1066.83,84.49
306,1068.36,93.47
307,1069.88,102.56
308,1071.4,111.54
309,1072.83,120.63
310,1074.36,129.61
311,1075.88,138.7
312,1077.41,147.68
313,1081.12,163.65
314,1084.84,179.73
315,1088.65,195.69
316,1092.37,211.77
317,1096.08,227.73
318,1099.8,243.81
319,1103.61,259.78
320,1107.32,275.85
321,1111.04,291.82
322,1114.76,307.9
323,1118.57,323.86
324,1122.28,339.94
325,1126.0,355.9
326,1129.71,371.98
327,1133.53,387.95
328,1137.24,404.02
329,1140.96,419.99
330,1144.39,435.73
331,1147.82,451.37
332,1151.25,467.11
333,1154.68,482.85
334,1158.11,498.6
335,1161.54,514.23
336,1164.97,529.97
337,1168.4,545.72
338,1171.83,561.35
339,1175.26,577.1
340,1175.54,580.31
341,1175.73,583.53
342,1176.02,586.63
343,1176.31,589.85
344,1176.5,593.06
345,1176.78,596.28
346,1176.97,599.49
347,1177.26,602.6
348,1177.54,605.81
349,1177.73,609.03
350,1178.02,612.24
351,1178.31,615.35
352,1178.5,618.56
353,1178.78,621.78
354,1179.07,624.99
355,1179.26,628.21
356,1179.54,631.31
357,1179.74,634.53
358,1180.02,637.74
359,1180.31,640.96
360,1180.5,644.17
361,1180.78,647.28
362,1181.07,650.49
363,1181.26,653.71
364,1181.55,656.92
365,1181.83,660.03
366,1182.02,663.24
367,1182.31,666.46
368,1182.5,669.67
369,1182.78,672.89
370,1183.07,675.99
371,1183.26,679.21
372,1183.55,682.43
373,1166.87,795.74
374,1159.92,818.69
375,1152.87,841.64
376,1145.91,864.59
377,1138.86,887.54
378,1138.77,895.97
379,1138.67,904.39
380,1138.58,912.82
381,1138.48,921.25
382,1138.29,929.78
383,1138.19,938.21
384,1138.1,946.64
385,1138.0,955.06
386,1137.91,963.49
387,1137.81,971.92
388,1137.72,980.34
389,1137.62,988.77
390,1137.53,997.19
391,1137.43,1005.62
392,1137.24,1014.16
393,1137.15,1022.58
394,1137.05,1031.01
395,1136.96,1039.44
396,1136.86,1047.86
397,1136.76,1056.29
398,1136.67,1064.72
399,1136.57,1073.14
400,1136.48,1081.57
401,1136.38,1090.0
402,1136.19,1098.53
403,1136.1,1106.96
404,1136.0,1115.39
405,1135.91,1123.81
406,1135.81,1132.24
407,1135.72,1140.66
408,1135.62,1149.09
409,1135.53,1157.52
410,1135.43,1165.94
411,1135.34,1174.37
412,1135.15,1182.91
413,1135.05,1191.33
414,1134.95,1199.76
415,1134.86,1208.19
416,1134.76,1216.61
417,1165.44,1231.8
418,1196.03,1246.88
419,1226.71,1262.07
420,1233.95,1266.28
421,1241.19,1270.61
422,1248.53,1274.82
423,1255.77,1279.15
424,1263.01,1283.47
425,1270.25,1287.68
426,1277.49,1292.01
427,1284.83,1296.22
428,1292.07,1300.54
429,1299.31,1304.76
430,1311.41,1311.19
431,1323.51,1317.73
432,1335.52,1324.16
433,1347.62,1330.59
434,1359.72,1337.13
435,1371.82,1343.56
436,1383.92,1349.99
437,1395.92,1356.54
438,1408.02,1362.97
439,1420.12,1369.4
440,1432.22,1375.94
441,1444.32,1382.37
442,1456.42,1388.8
443,1468.43,1395.34
444,1480.53,1401.77
445,1492.63,1408.2
446,1504.73,1414.74
447,1516.83,1421.17
448,1528.83,1427.61
449,1540.94,1434.15
450,1553.04,1440.58
451,1568.66,1452.44
452,1584.29,1464.42
453,1600.01,1476.28
454,1615.63,1488.25
455,1631.26,1500.12
456,1646.88,1512.09
457,1662.61,1523.95
458,1678.23,1535.93
459,1693.86,1547.79
460,1706.34,1555.89
461,1718.82,1563.98
462,1731.3,1572.18
463,1743.78,1580.28
464,1756.26,1588.37
465,1768.84,1596.47
466,1781.32,1604.56
467,1793.8,1612.65
468,1806.29,1620.86
469,1818.77,1628.95
470,1831.25,1637.04
