351,1048.54,10.75
352,1049.97,19.29
353,1051.4,27.94
354,1052.82,36.48
355,1054.25,45.01
356,1055.59,53.55
357,1057.02,62.09
358,1058.45,70.74
359,1059.88,79.27
360,1061.3,87.81
361,1062.73,96.46
362,1064.16,105.0
363,1065.5,113.53
364,1066.93,122.07
365,1068.36,130.61
366,1069.78,139.26
367,1071.21,147.79
368,1078.45,177.84
369,1085.7,207.89
370,1092.94,237.93
371,1100.18,267.98
372,1102.37,278.74
373,1104.66,289.49
374,1106.85,300.24
375,1109.04,311.0
376,1111.33,321.75
377,1113.52,332.62
378,1115.71,343.37
379,1118.0,354.13
380,1120.19,364.88
381,1122.38,375.64
382,1124.66,386.39
383,1126.86,397.15
384,1129.05,407.9
385,1131.33,418.66
386,1133.53,429.41
387,1135.72,440.17
388,1137.91,450.92
389,1140.19,461.79
390,1142.39,472.54
391,1144.58,483.3
392,1146.86,494.05
393,1149.06,504.81
394,1151.25,515.56
395,1153.53,526.32
396,1155.73,537.07
397,1157.92,547.83
398,1160.2,558.58
399,1162.39,569.33
400,1164.59,580.2
401,1166.87,590.95
402,1169.06,601.71
403,1171.26,612.46
404,1173.54,623.22
405,1175.73,633.97
406,1175.45,654.15
407,1175.45,660.03
408,1175.45,666.02
409,1175.45,671.89
410,1174.97,678.21
411,1174.4,684.53
412,1173.92,690.85
413,1173.35,697.17
414,1172.88,703.49
415,1172.4,709.81
416,1171.83,716.13
417,1171.35,722.45
418,1170.78,728.77
419,1170.3,735.09
420,1169.83,736.64
421,1169.35,738.08
422,1168.87,739.64
423,1168.4,741.08
424,1167.92,742.63
425,1167.44,744.07
426,1166.97,745.62
427,1166.49,747.06
428,1166.02,748.62
429,1165.44,750.06
430,1164.97,751.61
431,1164.49,753.05
432,1164.01,754.6
433,1163.54,756.05
434,1163.06,757.6
435,1162.59,759.04
436,1162.11,760.59
437,1161.63,762.03
438,1161.16,763.58
439,1160.68,765.03
440,1160.2,766.58
441,1159.73,768.02
442,1159.25,769.57
443,1158.77,771.01
444,1158.3,772.57
445,1157.82,774.01
446,1157.34,775.56
447,1156.77,777.0
448,1156.3,778.55
449,1155.82,779.99
450,1155.34,781.55
451,1154.87,782.99
452,1154.39,784.54
453,1153.91,785.98
454,1153.44,787.53
455,1152.96,788.97
456,1152.49,790.53
457,1152.01,792.08
458,1151.53,793.52
459,1151.06,795.07
460,1150.58,796.51
461,1150.1,798.07
462,1149.63,799.51
463,1149.15,801.06
464,1148.67,802.5
465,1148.2,804.05
466,1147.63,805.49
467,1147.15,807.05
468,1146.67,808.49
469,1146.2,810.04
470,1145.72,811.48
471,1145.24,813.03
472,1144.77,814.48
473,1144.29,816.03
474,1143.82,817.47
475,1143.34,819.02
476,1142.86,820.46
477,1142.39,822.01
478,1141.91,823.46
479,1141.43,825.01
480,1140.96,826.45
481,1140.48,828.0
482,1140.0,829.44
483,1139.53,831.0
484,1138.96,832.44
485,1138.48,833.99
486,1138.0,835.43
487,1137.53,836.98
488,1137.05,838.42
489,1136.57,839.98
490,1136.1,841.42
491,1135.62,842.97
492,1135.15,844.41
493,1134.67,845.96
494,1134.19,847.52
495,1133.72,848.96
496,1133.24,850.51
497,1132.76,851.95
498,1132.29,853.5
499,1131.81,854.94
500,1131.33,856.5
501,1130.86,857.94
502,1130.38,859.49
503,1129.81,860.93
504,1129.33,862.48
505,1128.86,863.93
506,1128.38,865.48
507,1127.9,866.92
508,1127.43,868.47
509,1126.95,869.91
510,1126.47,871.46
511,1126.0,872.91
512,1125.52,874.46
513,1125.05,875.9
514,1124.57,877.45
515,1124.09,878.89
516,1123.62,880.45
517,1123.14,881.89
518,1122.66,883.44
519,1122.19,884.88
520,1121.71,886.43
521,1121.14,887.87
522,1120.66,889.43
523,1120.19,890.87
524,1119.71,892.42
525,1119.23,893.86
526,1118.76,895.41
527,1118.28,896.85
528,1117.8,898.41
529,1117.33,899.85
530,1116.85,901.4
531,839.88,1230.92
532,731.07,1515.86
533,686.96,2057.25
