374,1477.29,2153.16
375,1481.2,2145.84
376,1485.01,2138.52
377,1488.91,2131.21
378,1492.82,2123.89
379,1496.73,2116.57
380,1500.63,2109.25
381,1504.44,2101.94
382,1508.35,2094.62
383,1512.26,2087.3
384,1516.07,2079.98
385,1519.97,2072.67
386,1523.88,2065.35
387,1527.79,2058.03
388,1531.69,2050.71
389,1535.5,2043.4
390,1539.41,2036.08
391,1543.32,2028.76
392,1547.13,2021.44
393,1551.03,2014.13
394,1554.94,2006.81
395,1555.32,2006.25
396,1555.8,2005.7
397,1556.18,2005.14
398,1556.56,2004.59
399,1556.94,2004.04
400,1557.42,2003.48
401,1557.8,2002.93
402,1558.18,2002.37
403,1558.66,2001.82
404,1559.04,2001.26
405,1559.04,2001.26
406,1559.04,2001.26
407,1559.04,2001.26
408,1559.04,2001.26
409,1559.04,2001.26
410,1559.04,2001.26
411,1559.04,2001.26
412,1559.04,2001.26
413,1559.04,2001.26
414,1559.04,2001.26
415,1559.04,2001.26
416,1559.04,2001.26
417,1559.04,2001.26
418,1559.04,2001.26
419,1559.04,2001.26
420,1559.04,2001.26
421,1559.04,2001.26
422,1559.04,2001.26
423,1559.04,2001.26
424,1559.04,2001.26
425,1559.04,2001.26
426,1559.04,2001.26
427,1559.04,2001.26
428,1559.04,2001.26
429,1559.04,2001.26
430,1559.04,2001.26
431,1559.04,2001.26
432,1559.04,2001.26
433,1559.04,2001.26
434,1559.04,2001.26
435,1560.47,1998.94
436,1561.9,1996.61
437,1563.33,1994.28
438,1564.66,1991.95
439,1566.09,1989.73
440,1567.52,1987.4
441,1568.95,1985.08
442,1570.38,1982.75
443,1571.81,1980.42
444,1573.14,1978.09
445,1574.57,1975.76
446,1576.0,1973.43
447,1577.43,1971.11
448,1578.86,1968.78
449,1580.29,1966.45
450,1581.71,1964.23
451,1583.05,1961.9
452,1584.48,1959.58
453,1585.91,1957.25
454,1587.34,1954.92
455,1591.62,1947.38
456,1595.91,1939.95
457,1600.29,1932.41
458,1604.58,1924.98
459,1608.87,1917.44
460,1613.16,1910.01
461,1617.44,1902.48
462,1621.83,1895.05
463,1626.11,1887.51
464,1630.4,1880.08
465,1634.69,1872.98
466,1638.98,1865.78
467,1643.17,1858.68
468,1647.46,1851.47
469,1651.74,1844.38
470,1656.03,1837.28
471,1660.32,1830.08
472,1664.51,1822.98
473,1668.8,1815.77
474,1673.09,1808.68
475,1678.04,1800.58
476,1683.0,1792.49
477,1687.85,1784.4
478,1692.81,1776.3
479,1697.76,1768.21
480,1702.72,1760.11
481,1707.67,1752.02
482,1712.53,1743.93
483,1717.49,1735.83
484,1722.44,1727.74
485,1725.11,1723.08
486,1727.78,1718.54
487,1730.44,1713.88
488,1733.11,1709.33
489,1735.78,1704.68
490,1738.45,1700.02
491,1741.11,1695.48
492,1743.78,1690.82
493,1746.45,1686.27
494,1749.12,1681.62
495,1752.07,1678.07
496,1755.03,1674.41
497,1757.88,1670.86
498,1760.84,1667.2
499,1763.79,1663.65
500,1766.74,1660.0
501,1769.6,1656.45
502,1772.56,1652.79
503,1775.51,1649.24
504,1778.46,1645.69
505,1781.42,1642.03
506,1784.28,1638.49
507,1787.23,1634.83
508,1790.18,1631.28
509,1793.14,1627.62
510,1796.0,1624.07
511,1798.95,1620.41
512,1801.9,1616.87
513,1806.09,1616.98
514,1810.29,1617.09
515,1814.48,1617.2
516,1818.67,1617.31
517,1825.63,1621.08
518,1832.58,1624.96
519,1839.44,1628.73
520,1846.4,1632.61
521,1853.35,1636.38
522,1860.31,1640.26
523,1867.17,1644.03
524,1874.12,1647.91
525,1881.08,1651.68
