0,1830.1,1659.11
1,1824.67,1659.11
2,1819.24,1659.22
3,1813.81,1659.22
4,1808.19,1655.78
5,1802.57,1652.46
6,1796.85,1649.02
7,1791.23,1645.58
8,1785.61,1642.26
9,1779.99,1638.82
10,1774.37,1635.38
11,1768.65,1631.94
12,1763.03,1628.62
13,1757.41,1625.18
14,1751.31,1620.41
15,1745.12,1615.54
16,1739.02,1610.77
17,1732.92,1606.0
18,1726.82,1601.23
19,1720.73,1596.35
20,1714.53,1591.59
21,1708.43,1586.82
22,1702.34,1582.05
23,1696.24,1577.17
24,1690.05,1572.41
25,1683.95,1567.64
26,1677.85,1562.87
27,1671.66,1557.99
28,1665.56,1553.22
29,1659.46,1548.46
30,1653.36,1543.69
31,1647.27,1538.81
32,1641.07,1534.04
33,1634.97,1529.28
34,1630.59,1525.84
35,1626.3,1522.29
36,1621.92,1518.85
37,1617.54,1515.42
38,1613.25,1511.87
39,1608.87,1508.43
40,1604.49,1504.99
41,1600.1,1501.56
42,1595.82,1498.01
43,1591.43,1494.57
44,1587.62,1491.58
45,1583.81,1488.59
46,1580.0,1485.59
47,1576.19,1482.6
48,1572.38,1479.6
49,1568.47,1476.61
50,1564.66,1473.62
51,1560.85,1470.62
52,1557.04,1467.63
53,1553.23,1464.64
54,1549.41,1461.64
55,1545.89,1459.54
56,1542.27,1457.43
57,1538.74,1455.32
58,1535.12,1453.22
59,1531.6,1451.11
60,1527.98,1449.0
61,1524.45,1446.9
62,1520.83,1444.79
63,1517.31,1442.79
64,1513.78,1440.69
65,1510.16,1438.58
66,1506.63,1436.47
67,1503.01,1434.37
68,1499.49,1432.26
69,1495.87,1430.16
70,1492.34,1428.05
71,1468.52,1416.52
72,1444.61,1404.99
73,1420.79,1393.46
74,1417.26,1391.79
75,1413.83,1390.13
76,1410.31,1388.47
77,1406.78,1386.8
78,1403.26,1385.14
79,1399.83,1383.48
80,1396.3,1381.81
81,1392.78,1380.15
82,1389.25,1378.49
83,1385.82,1376.83
84,1382.3,1375.16
85,1376.58,1372.5
86,1370.86,1369.84
87,1365.15,1367.18
88,1359.53,1364.52
89,1353.81,1361.86
90,1348.09,1359.2
91,1342.38,1356.42
92,1336.66,1353.76
93,1330.94,1351.1
94,1325.32,1348.44
95,1319.6,1345.78
96,1313.89,1343.12
97,1308.17,1340.46
98,1289.5,1331.92
99,1270.82,1323.27
100,1252.15,1314.63
101,1233.38,1306.09
102,1214.7,1297.44
103,1196.03,1288.9
104,1184.31,1283.14
105,1172.49,1277.37
106,1160.77,1271.5
107,1149.06,1265.73
108,1137.34,1259.96
109,1125.52,1254.2
110,1113.8,1248.43
111,1102.08,1242.56
112,1090.27,1236.79
113,1078.55,1231.03
114,1070.83,1227.37
115,1063.21,1223.71
116,1055.49,1220.05
117,1047.77,1216.39
118,1040.06,1212.62
119,1032.44,1208.96
120,1024.72,1205.3
121,1017.0,1201.65
122,1009.38,1197.99
123,1001.66,1194.33
124,993.37,1189.23
125,985.08,1184.02
126,976.79,1178.92
127,968.5,1173.82
128,960.31,1168.72
129,952.02,1163.62
130,943.73,1158.4
131,935.44,1153.3
132,936.59,1145.1
133,937.73,1136.9
134,938.87,1128.58
135,940.02,1120.38
136,941.16,1112.17
137,942.3,1103.97
138,943.45,1095.76
139,944.59,1087.45
140,945.73,1079.24
141,946.88,1071.04
142,948.02,1062.83
143,949.16,1054.63
144,950.31,1046.31
145,951.45,1038.11
146,952.69,1029.9
147,953.83,1021.7
148,954.97,1013.49
149,956.12,1005.18
150,957.26,996.97
151,958.4,988.77
152,959.55,980.56
153,960.69,972.36
154,961.83,964.15
155,962.98,955.84
156,964.12,947.63
157,965.26,939.43
158,966.41,931.23
159,967.55,923.02
160,968.69,914.71
161,969.84,906.5
162,970.98,898.3
163,972.12,890.09
164,973.27,881.89
165,974.41,873.57
166,975.55,865.37
167,976.7,857.16
168,977.84,848.96
169,978.98,840.75
170,980.13,832.44
171,981.27,824.23
172,982.41,816.03
173,983.56,807.82
174,984.7,799.62
175,985.84,791.3
176,987.08,783.1
177,988.23,774.89
178,989.37,766.69
179,990.51,758.48
180,991.66,750.17
181,992.8,741.96
182,993.94,733.76
183,995.09,725.56
184,996.23,717.35
185,997.37,709.03
186,998.52,700.83
187,999.66,692.63
188,1000.8,684.42
189,1001.95,676.22
190,1003.09,667.9
191,1004.23,659.7
192,1005.38,651.49
193,1006.52,643.29
194,1007.66,635.08
195,1008.81,626.88
196,1009.95,618.56
197,1011.09,610.36
198,1012.24,602.15
199,1013.38,593.95
200,1014.52,585.74
201,1015.67,577.43
202,1016.81,569.22
203,1017.95,561.02
204,1019.1,552.81
205,1020.33,544.61
206,1021.48,536.29
207,1022.62,528.09
208,1023.76,519.89
209,1024.91,511.68
210,1026.05,503.48
211,1027.19,495.16
212,1028.34,486.96
213,1029.48,478.75
214,1030.62,470.55
215,1031.77,462.34
216,1032.91,454.03
217,1034.05,445.82
218,1035.2,437.62
219,1036.34,429.41
220,1037.48,421.21
221,1038.63,412.89
222,1039.77,404.69
223,1040.91,396.48
224,1042.06,388.28
225,1043.2,380.07
226,1044.34,371.76
227,1045.49,363.55
228,1046.63,355.35
229,1047.77,347.14
230,1048.92,338.94
231,1050.06,330.74
232,1051.2,322.42
233,1052.35,314.22
234,1053.49,306.01
235,1054.73,297.81
236,1055.87,289.6
237,1057.02,281.29
238,1058.16,273.08
239,1059.3,264.88
240,1060.45,256.67
241,1061.59,248.47
242,1062.73,240.15
243,1063.88,231.95
244,1065.02,223.74
245,1066.16,215.54
246,1067.31,207.33
247,1068.45,199.02
248,1069.59,190.81
249,1070.74,182.61
