453,1092.37,0.0
454,1091.13,17.07
455,1089.89,34.04
456,1088.55,51.11
457,1087.32,68.19
458,1087.51,76.72
459,1087.7,85.15
460,1087.89,93.69
461,1088.08,102.11
462,1088.27,110.65
463,1088.74,111.87
464,1089.22,113.09
465,1089.6,114.42
466,1090.08,115.64
467,1090.55,116.86
468,1091.03,118.08
469,1091.51,119.3
470,1091.89,120.63
471,1092.37,121.85
472,1092.84,123.07
473,1093.51,122.29
474,1094.08,121.52
475,1094.75,120.63
476,1095.41,119.85
477,1096.08,119.08
478,1096.65,118.3
479,1097.32,117.53
480,1097.99,116.64
481,1098.56,115.86
482,1099.23,115.09
483,1099.23,115.09
484,1099.23,115.09
485,1099.23,115.09
486,1099.23,115.09
487,1099.23,115.09
488,1099.23,115.09
489,1099.23,115.09
490,1099.23,115.09
491,1099.23,115.09
492,1099.23,115.09
493,1098.75,115.75
494,1098.27,116.42
495,1097.8,116.97
496,1097.32,117.64
497,1096.75,118.3
498,1096.27,118.97
499,1095.8,119.63
500,1095.32,120.19
501,1094.84,120.85
502,1094.37,121.52
503,1093.89,122.18
504,1093.41,122.74
505,1092.94,123.4
506,1092.46,124.07
507,1091.89,124.73
508,1091.41,125.4
509,1090.94,125.95
510,1090.46,126.62
511,1089.98,127.28
512,1089.51,127.95
513,1089.03,128.72
514,1088.46,129.39
515,1087.98,130.05
516,1087.51,130.83
517,1087.03,131.5
518,1086.55,132.27
519,1086.08,132.94
520,1085.51,133.6
521,1085.03,134.38
522,1084.55,135.04
523,1085.22,135.27
524,1085.89,135.38
525,1086.55,135.6
526,1087.22,135.71
527,1087.98,135.93
528,1088.65,136.04
529,1089.32,136.26
530,1089.98,136.37
531,1090.65,136.6
532,1091.03,137.7
533,1091.51,138.92
534,1091.89,140.03
535,1092.27,141.14
536,1092.65,142.36
537,1093.13,143.47
538,1093.51,144.58
539,1093.89,145.69
540,1094.37,146.91
541,1094.75,148.02
542,1094.37,148.68
543,1093.98,149.35
544,1093.7,149.9
545,1093.32,150.57
546,1092.94,151.23
547,1092.56,151.9
548,1092.17,152.56
549,1091.89,153.12
550,1091.51,153.78
551,1091.13,154.45
552,1090.94,154.78
553,1090.84,155.11
554,1090.65,155.56
555,1090.55,155.89
556,1090.36,156.22
557,1090.27,156.55
558,1090.08,156.89
559,1089.98,157.33
560,1089.79,157.66
561,1089.7,157.99
562,1089.51,158.33
563,1089.41,158.66
564,1089.22,158.99
565,1089.13,159.44
566,1088.94,159.77
567,1088.84,160.1
568,1088.65,160.43
569,1088.55,160.77
570,1088.36,161.21
571,1088.27,161.54
572,1088.08,161.88
573,1088.17,161.21
574,1088.17,160.54
575,1088.27,159.77
576,1088.36,159.1
577,1088.36,158.44
578,1088.46,157.77
579,1088.55,157.11
580,1088.65,156.33
581,1088.65,155.67
582,1088.74,155.0
583,1089.22,157.22
584,1089.7,159.32
585,1090.17,161.54
586,1090.65,163.76
587,1091.13,165.87
588,1091.6,168.08
589,1092.08,170.19
590,1092.56,172.41
591,1088.55,173.18
592,1084.55,173.85
593,1080.55,174.63
594,1076.55,175.4
595,1072.55,176.07
596,1068.55,176.84
597,1064.54,177.62
598,1060.54,178.4
599,1056.54,179.06
600,1052.54,179.84
601,1047.11,179.28
602,1041.58,178.73
603,1036.06,178.17
604,1030.62,177.62
605,1025.19,177.06
606,1019.67,176.51
607,1014.24,175.96
608,1008.71,175.4
609,1003.28,174.85
610,997.75,174.29
611,990.89,172.85
612,983.94,171.41
613,977.08,169.97
614,970.12,168.53
615,963.26,167.09
616,956.31,165.64
617,949.45,164.2
618,942.49,162.76
619,935.63,161.32
620,928.77,159.88
621,921.82,158.44
622,914.96,157.0
623,908.0,155.56
624,901.14,154.11
625,894.19,152.67
626,887.33,151.23
627,880.37,149.79
628,873.51,148.35
629,866.56,146.91
630,859.7,145.47
631,848.45,144.02
632,837.21,142.58
633,825.97,141.03
634,814.72,139.59
635,803.39,138.15
636,792.14,136.71
637,780.9,135.27
638,769.66,133.71
639,758.41,132.27
640,747.17,130.83
641,739.65,129.39
642,732.21,128.06
643,724.69,126.62
644,717.16,125.18
645,709.63,123.73
646,702.2,122.4
647,694.67,120.96
648,687.15,119.52
649,679.72,118.19
650,672.19,116.75
651,668.0,115.64
652,663.8,114.42
653,659.61,113.31
654,655.42,112.2
655,651.32,110.98
656,647.13,109.88
657,642.94,108.77
658,638.75,107.55
659,634.55,106.44
660,631.03,106.11
661,627.5,105.88
662,623.98,105.55
663,620.45,105.33
664,616.93,105.0
665,613.4,104.78
666,609.88,104.44
667,606.35,104.22
668,602.83,103.89
669,599.3,103.67
670,595.77,103.33
671,591.77,107.77
672,587.77,112.2
673,583.77,116.64
674,579.86,121.07
675,575.86,125.51
676,571.86,129.94
677,567.86,134.27
678,563.86,138.7
679,559.86,143.14
680,555.85,147.57
681,551.95,152.01
682,547.95,156.44
683,543.94,160.88
684,539.94,165.31
685,535.94,169.75
686,531.94,174.18
687,528.03,178.62
688,524.03,183.05
689,520.03,187.49
690,516.03,191.92
691,512.03,196.25
692,508.02,200.68
693,504.02,205.12
694,500.12,209.55
695,496.11,213.99
696,492.11,218.42
697,488.11,222.86
698,486.59,230.28
699,484.97,237.82
700,483.44,245.25
701,481.82,252.68
702,480.3,260.11
703,478.68,267.65
704,477.15,275.08
705,475.53,282.51
706,474.01,289.93
707,472.39,297.47
708,470.87,304.9
709,469.91,307.56
710,468.96,310.11
711,468.01,312.66
712,467.05,315.32
713,466.1,317.98
714,465.15,320.53
715,464.2,323.2
716,463.24,325.75
717,462.29,328.3
718,461.34,330.96
719,461.34,330.96
720,461.34,330.85
721,461.34,330.85
722,461.34,330.85
723,461.43,330.85
724,461.43,330.74
725,461.43,330.74
726,461.43,330.74
727,461.43,330.62
728,461.43,330.62
729,461.43,330.62
730,461.43,330.62
731,461.43,330.62
732,461.43,330.62
733,461.43,330.62
734,461.43,330.62
735,461.43,330.62
736,461.43,330.62
737,461.43,330.62
738,461.43,330.62
739,461.15,331.51
740,460.86,332.4
741,460.48,333.29
742,460.19,334.17
743,459.91,335.06
744,459.62,335.95
745,459.34,336.83
746,458.96,337.72
747,458.67,338.61
748,458.38,339.61
749,458.1,340.49
750,457.72,341.38
751,457.43,342.27
752,457.15,343.15
753,456.86,344.04
754,456.57,344.93
755,456.19,345.81
756,455.91,346.7
757,455.62,347.59
758,455.05,349.69
759,454.48,351.69
760,453.81,353.69
761,453.24,355.79
762,452.67,357.9
763,452.1,359.89
764,451.52,362.0
765,450.86,364.0
766,450.29,366.1
767,449.71,368.1
768,449.05,371.2
769,448.38,374.42
770,447.71,377.52
771,447.05,380.63
772,446.38,383.84
773,445.71,386.95
774,447.14,388.39
775,448.57,389.83
776,450.0,391.27
777,451.33,392.82
778,452.76,394.27
779,454.19,395.71
780,455.62,397.15
781,461.81,398.81
782,468.1,400.47
783,474.3,402.14
784,480.49,403.8
785,486.78,405.57
786,492.97,407.24
787,499.16,408.9
788,505.36,410.56
789,511.64,412.23
790,517.84,413.89
791,522.79,415.44
792,527.75,417.11
793,532.61,418.66
794,537.56,420.32
795,542.51,421.87
796,547.47,423.43
797,552.33,425.09
798,557.28,426.64
799,562.24,428.19
800,567.19,429.86
801,572.05,431.41
802,577.01,433.07
803,581.96,434.62
804,586.91,436.18
805,591.77,437.84
806,596.73,439.39
807,601.68,440.94
808,606.64,442.61
809,611.5,444.16
810,616.45,445.82
811,621.4,447.37
812,627.5,449.7
813,633.51,451.92
814,639.6,454.25
815,645.61,456.58
816,651.7,458.79
817,657.8,461.12
818,663.8,463.45
819,669.9,465.78
820,675.9,468.0
821,682.0,470.32
822,686.1,472.54
823,690.2,474.65
824,694.29,476.87
825,698.39,478.97
826,702.49,481.19
827,706.58,483.41
828,710.68,485.51
829,714.78,487.73
830,718.87,489.84
831,722.97,492.06
832,725.16,493.16
833,727.35,494.27
834,729.64,495.38
835,731.83,496.49
836,734.02,497.6
837,736.22,498.71
838,738.41,499.82
839,740.69,500.93
840,742.88,502.03
841,745.08,503.14
842,750.41,506.14
843,755.75,509.13
844,761.08,512.12
845,766.42,515.12
846,771.66,518.0
847,776.99,520.99
848,782.33,523.99
849,787.67,526.98
850,793.0,529.97
851,798.62,532.52
852,804.34,535.07
853,809.96,537.51
854,815.68,540.06
855,821.3,542.61
856,827.02,545.16
857,832.64,547.6
858,838.35,550.15
859,843.97,552.7
860,849.69,555.25
861,855.31,557.69
862,861.03,560.24
863,866.65,562.79
864,872.37,565.34
865,877.99,567.78
866,883.71,570.33
867,889.33,572.88
868,895.04,575.43
869,900.67,577.87
870,906.38,580.42
871,912.0,582.97
872,915.91,583.42
873,919.82,583.75
874,923.63,584.19
875,927.53,584.64
876,931.44,585.08
877,935.35,585.41
878,939.25,585.85
879,943.06,586.3
880,946.97,586.63
881,950.88,587.07
882,951.64,586.74
883,952.5,586.3
884,953.26,585.97
885,954.02,585.63
886,954.88,585.19
887,955.64,584.86
888,955.64,584.86
889,955.64,584.86
890,955.64,584.86
891,955.64,584.86
892,955.64,584.86
893,955.64,584.86
894,955.64,584.86
895,955.64,584.86
896,955.64,584.86
897,955.64,584.86
898,955.64,584.86
899,955.64,584.86
900,955.64,584.86
901,955.64,584.86
902,955.64,584.86
903,955.64,584.86
904,955.64,584.86
905,955.64,584.86
906,955.64,584.86
907,955.64,584.86
908,955.64,584.86
909,955.64,584.86
910,955.64,584.86
911,955.64,584.86
912,955.64,584.86
913,955.64,584.86
914,955.64,584.86
915,955.64,584.86
916,955.64,584.86
917,955.64,584.86
918,955.64,584.86
919,955.93,584.75
920,956.12,584.64
921,956.4,584.52
922,956.59,584.41
923,956.88,584.3
924,957.17,584.19
925,957.36,584.08
926,957.64,583.97
927,957.83,583.86
928,958.12,583.75
929,958.4,583.64
930,958.59,583.53
931,958.88,583.42
932,959.07,583.3
933,959.36,583.19
934,959.64,583.08
935,959.83,582.97
936,960.12,582.86
937,960.31,582.75
938,960.6,582.64
939,965.74,583.08
940,970.79,583.53
941,975.94,583.97
942,981.08,584.41
943,986.13,584.75
944,991.27,585.19
945,996.42,585.63
946,1001.47,586.08
947,1006.61,586.52
948,1011.47,585.97
949,1016.43,585.52
950,1021.29,584.97
951,1026.15,584.52
952,1031.1,583.97
953,1035.96,583.53
954,1040.91,582.97
955,1045.77,582.53
956,1050.63,581.97
957,1055.59,581.53
958,1060.45,580.98
959,1064.45,575.32
960,1068.36,569.56
961,1069.78,567.89
962,1071.21,566.34
963,1072.74,564.68
964,1074.17,563.01
965,1075.6,561.35
966,1077.03,559.8
967,1078.45,558.14
968,1079.88,556.47
969,1081.41,554.81
970,1082.84,553.26
971,1084.27,551.59
972,1086.84,551.48
973,1089.32,551.48
974,1091.89,551.37
975,1094.37,551.37
976,1096.94,551.26
977,1099.42,551.26
978,1101.99,551.15
979,1104.56,551.04
980,1107.04,551.04
981,1109.61,550.93
982,1112.09,550.93
983,1114.66,550.82
984,1117.14,550.82
985,1119.71,550.71
986,1122.28,550.6
987,1124.76,550.6
988,1127.33,550.49
989,1129.81,550.49
990,1132.38,550.38
991,1134.86,550.38
992,1137.43,550.26
993,1139.53,552.37
994,1141.53,554.59
995,1143.62,556.7
996,1145.72,558.8
997,1147.82,560.91
998,1149.82,563.13
999,1151.91,565.23
1000,1155.53,572.44
1001,1159.16,579.53
1002,1162.78,586.74
1003,1166.4,593.84
1004,1170.02,601.04
1005,1173.64,608.14
1006,1177.26,615.35
1007,1180.88,622.44
1008,1184.5,629.65
1009,1188.12,636.75
1010,1191.74,643.95
1011,1192.5,652.49
1012,1193.26,660.92
1013,1194.03,669.45
1014,1193.84,677.66
1015,1195.08,682.87
1016,1196.41,687.97
1017,1197.65,693.18
1018,1198.98,698.28
1019,1200.22,703.49
1020,1204.98,705.6
1021,1209.75,707.7
1022,1214.42,709.7
1023,1219.18,711.81
1024,1223.94,713.91
1025,1228.71,716.02
1026,1233.47,718.13
1027,1238.14,720.12
1028,1242.9,722.23
1029,1247.67,724.34
1030,1251.19,725.89
1031,1254.81,727.55
1032,1258.34,729.1
1033,1261.96,730.66
1034,1265.49,732.32
1035,1269.11,733.87
1036,1272.63,735.42
1037,1276.25,737.09
1038,1279.78,738.64
1039,1281.87,739.41
1040,1283.97,740.19
1041,1286.07,740.86
1042,1288.16,741.63
1043,1290.26,742.41
1044,1292.26,743.18
1045,1294.36,743.96
1046,1296.45,744.63
1047,1298.55,745.4
1048,1300.64,746.18
1049,1302.74,746.95
1050,1304.84,747.73
1051,1306.93,748.4
1052,1309.03,749.17
1053,1311.12,749.95
1054,1313.12,750.72
1055,1315.22,751.5
1056,1317.32,752.16
1057,1319.41,752.94
1058,1321.51,753.72
1059,1322.94,754.6
1060,1324.37,755.49
1061,1325.8,756.38
1062,1327.23,757.26
1063,1328.66,758.15
1064,1330.08,759.04
1065,1331.51,759.93
1066,1332.94,760.81
1067,1334.37,761.7
1068,1334.56,762.37
1069,1334.85,763.03
1070,1335.04,763.81
1071,1335.23,764.47
1072,1335.42,765.14
1073,1335.71,765.8
1074,1335.9,766.47
1075,1336.09,767.24
1076,1336.37,767.91
1077,1336.56,768.57
1078,1336.56,768.68
1079,1336.56,768.8
1080,1336.56,768.91
1081,1336.56,769.13
1082,1336.56,769.24
1083,1336.66,769.35
1084,1336.66,769.46
1085,1336.66,769.57
1086,1336.66,769.68
1087,1336.66,769.79
1088,1336.66,770.02
1089,1336.66,770.13
1090,1336.66,770.24
1091,1336.66,770.35
1092,1336.75,770.46
1093,1336.75,770.57
1094,1336.75,770.79
1095,1336.75,770.9
1096,1336.75,771.01
1097,1336.75,771.12
1098,1336.75,771.12
1099,1336.75,771.12
1100,1336.75,771.12
1101,1336.75,771.12
1102,1336.75,771.12
1103,1336.75,771.12
1104,1336.75,771.12
1105,1336.75,771.12
1106,1336.75,771.12
1107,1336.75,771.12
1108,1336.75,771.12
1109,1336.75,771.12
1110,1336.75,771.12
1111,1336.75,771.12
1112,1336.75,771.12
1113,1336.75,771.12
1114,1336.75,771.12
1115,1336.75,771.12
1116,1336.75,771.12
1117,1336.75,771.12
1118,1336.75,771.12
1119,1336.75,771.12
1120,1336.66,772.12
1121,1336.56,773.12
1122,1336.47,774.12
1123,1336.37,775.12
1124,1336.18,776.22
1125,1336.09,777.22
1126,1335.99,778.22
1127,1335.9,779.22
1128,1335.8,780.22
1129,1335.9,781.21
1130,1335.99,782.21
1131,1336.09,783.32
1132,1336.18,784.32
1133,1336.18,785.32
1134,1336.28,786.31
1135,1336.37,787.42
1136,1336.47,788.42
1137,1336.56,789.42
1138,1336.56,789.42
1139,1336.56,789.42
1140,1336.56,789.42
1141,1336.56,789.42
1142,1336.56,789.42
1143,1336.56,789.42
1144,1336.56,789.42
1145,1336.56,789.42
1146,1336.56,789.42
1147,1336.56,789.42
1148,1336.56,789.42
1149,1336.56,789.42
1150,1336.56,789.42
1151,1336.56,789.42
1152,1336.56,789.42
1153,1336.56,789.42
1154,1336.56,789.42
1155,1336.56,789.42
1156,1336.56,789.42
1157,1336.56,789.42
1158,1336.56,789.42
1159,1336.56,789.42
1160,1336.56,789.42
1161,1336.56,789.42
1162,1336.56,789.42
1163,1336.56,789.42
1164,1336.56,789.42
1165,1336.56,789.42
1166,1336.56,789.42
1167,1336.56,789.42
1168,1336.56,789.42
1169,1336.56,789.42
1170,1336.56,789.42
1171,1336.56,789.42
1172,1336.56,789.42
1173,1336.56,789.42
1174,1336.56,789.42
1175,1336.56,789.42
1176,1336.56,789.42
1177,1336.56,789.42
1178,1336.56,789.42
1179,1336.85,789.53
1180,1337.04,789.75
1181,1337.33,789.86
1182,1337.61,789.97
1183,1337.9,790.08
1184,1338.09,790.31
1185,1338.37,790.42
1186,1338.66,790.53
1187,1338.85,790.75
1188,1339.14,790.86
1189,1339.8,791.3
1190,1340.47,791.86
1191,1341.14,792.3
1192,1341.8,792.86
1193,1342.47,793.41
1194,1343.14,793.85
