593,652.66,2192.74
594,653.32,2187.2
595,653.99,2181.77
596,654.56,2176.22
597,655.23,2170.68
598,655.9,2165.25
599,656.56,2159.7
600,657.23,2154.16
601,657.8,2148.61
602,658.47,2143.18
603,659.13,2137.64
604,659.9,2133.65
605,660.66,2129.66
606,661.42,2125.77
607,662.18,2121.78
608,662.85,2117.79
609,663.61,2113.8
610,664.38,2109.81
611,665.14,2105.82
612,665.9,2101.94
613,666.66,2097.95
614,667.42,2093.95
615,668.19,2089.96
616,668.85,2085.97
617,669.62,2081.98
618,670.38,2077.99
619,671.14,2074.11
620,671.9,2070.12
621,672.66,2066.12
622,673.43,2062.13
623,674.09,2058.14
624,674.86,2054.15
625,675.62,2050.27
626,676.38,2046.28
627,677.14,2042.29
628,686.38,1988.29
629,695.72,1934.41
630,700.01,1899.93
631,704.39,1865.55
632,708.68,1831.07
633,709.25,1820.98
634,709.82,1810.89
635,710.49,1800.69
636,711.06,1790.6
637,711.63,1780.51
638,712.2,1770.43
639,712.78,1760.34
640,713.44,1750.14
641,714.02,1740.05
642,714.59,1729.96
643,714.97,1723.08
644,715.44,1716.21
645,715.83,1709.33
646,716.21,1702.46
647,716.68,1695.59
648,717.06,1688.6
649,717.45,1681.73
650,717.83,1674.85
651,718.3,1667.98
652,718.68,1661.1
653,719.16,1654.12
654,719.54,1647.13
655,720.02,1640.15
656,720.4,1633.16
657,720.88,1626.18
658,721.35,1619.19
659,721.73,1612.21
660,722.21,1605.22
661,722.59,1598.24
662,723.07,1591.25
663,723.54,1584.27
664,723.92,1577.28
665,724.4,1570.3
666,724.78,1563.31
667,725.26,1556.33
668,727.64,1532.49
669,729.93,1508.54
670,732.31,1484.7
671,734.6,1460.76
672,736.98,1436.92
673,742.5,1426.16
674,748.03,1415.52
675,753.56,1404.77
676,758.99,1394.12
677,764.51,1383.37
678,770.04,1372.61
679,775.56,1361.97
680,781.09,1351.21
681,786.62,1340.57
682,792.14,1329.81
683,797.57,1319.17
684,803.1,1308.42
685,808.63,1297.66
686,814.15,1287.02
687,819.68,1276.26
688,825.2,1265.62
689,830.73,1254.86
690,836.26,1244.11
691,841.69,1233.47
692,847.21,1222.71
693,852.74,1212.07
694,858.27,1201.31
695,866.94,1191.78
696,875.51,1182.35
697,884.18,1172.82
698,892.76,1163.39
699,901.43,1153.86
700,910.0,1144.43
701,918.67,1134.9
702,927.25,1125.48
703,935.92,1115.94
704,946.68,1104.3
705,957.45,1092.66
706,968.12,1081.13
707,978.89,1069.48
708,989.66,1057.84
709,1000.42,1046.2
710,1011.09,1034.67
711,1021.86,1023.03
712,1032.63,1011.39
713,1041.2,999.08
714,1049.87,986.77
715,1058.45,974.47
716,1067.12,962.16
717,1075.69,949.85
718,1084.27,937.66
719,1092.94,925.35
720,1101.51,913.04
721,1110.18,900.73
722,1118.76,888.43
723,1122.95,875.23
724,1127.05,862.15
725,1131.24,848.96
726,1135.43,835.76
727,1139.53,822.57
728,1143.72,809.49
729,1147.82,796.29
730,1152.01,783.1
731,1156.2,769.9
732,1160.3,756.82
733,1164.49,743.63
734,1164.49,741.41
735,1164.49,739.19
736,1164.49,736.98
737,1164.49,734.65
738,1164.49,732.43
739,1164.49,730.21
740,1164.49,727.99
741,1164.49,725.78
742,1164.49,723.56
743,1164.49,721.34
744,1164.49,719.01
745,1164.49,716.8
746,1164.49,714.58
747,1164.49,712.36
748,1164.49,710.14
749,1164.49,707.93
750,1164.49,705.71
751,1164.49,703.38
752,1164.49,701.16
753,1164.49,698.95
754,1164.49,696.73
755,1164.49,694.51
756,1164.49,692.29
757,1164.49,690.08
758,1164.49,687.75
759,1164.49,685.53
760,1164.49,683.31
761,1164.49,681.09
762,1164.49,678.88
763,1164.49,676.66
764,1164.49,674.44
765,1164.49,672.11
766,1164.49,669.9
767,1164.49,667.68
768,1164.49,665.46
769,1164.49,663.24
770,1164.49,661.03
771,1164.49,658.81
772,1164.49,656.59
773,1164.49,654.26
774,1164.49,652.05
775,1164.49,649.83
776,1164.49,647.61
777,1164.49,645.39
778,1164.49,643.18
779,1164.49,640.96
780,1164.49,638.63
781,1164.49,636.41
782,1164.49,634.2
783,1164.49,631.98
784,1164.49,629.76
785,1164.49,627.54
786,1164.49,625.33
787,1164.49,623.0
788,1164.49,620.78
789,1164.49,618.56
790,1164.49,616.34
791,1164.49,614.13
792,1164.49,611.91
793,1164.49,609.69
794,1164.49,607.36
795,1164.49,605.15
796,1164.49,602.93
797,1164.49,600.71
798,1164.49,598.49
799,1164.49,596.28
800,1164.49,594.06
801,1164.49,591.73
802,1164.49,589.51
803,1164.49,587.3
804,1164.49,585.08
805,1162.68,577.76
806,1160.87,570.55
807,1159.06,563.24
808,1157.34,556.03
809,1155.53,548.71
810,1153.72,541.51
811,1151.91,534.19
812,1150.1,526.98
813,1148.29,519.66
814,1146.48,512.35
815,1144.67,505.14
816,1142.96,497.82
817,1141.15,490.61
818,1139.34,483.3
819,1137.53,476.09
820,1135.72,468.77
821,1133.91,461.57
822,1132.1,454.25
823,1130.29,446.93
824,1128.57,439.72
825,1126.76,432.41
826,1124.95,425.2
827,1123.14,417.88
828,1121.33,410.67
829,1119.52,403.36
830,1117.71,396.15
831,1115.9,388.83
832,1114.18,381.52
833,1112.37,374.31
834,1110.56,366.99
835,1108.75,359.78
836,1106.94,352.47
837,1105.13,345.26
838,1103.32,337.94
839,1101.51,330.74
840,1099.8,323.42
841,1097.99,316.1
842,1096.18,308.89
843,1094.37,301.58
844,1092.56,294.37
845,1090.75,287.05
846,1088.94,279.84
847,1087.12,272.53
848,1085.41,265.32
849,1083.6,258.0
850,1081.79,250.68
851,1079.98,243.48
852,1078.17,236.16
853,1076.36,228.95
854,1074.55,221.64
855,1072.74,214.43
856,1071.02,207.11
857,1069.21,199.9
858,1067.4,192.59
859,1065.59,185.27
860,1063.78,178.06
861,1061.97,170.74
862,1060.16,163.54
863,1058.35,156.22
864,1056.64,149.01
865,1054.83,141.7
866,1053.02,134.49
867,1051.2,127.17
