598,652.66,2192.74
599,653.32,2187.2
600,653.99,2181.77
601,654.56,2176.22
602,655.23,2170.68
603,655.9,2165.25
604,656.56,2159.7
605,657.23,2154.16
606,657.8,2148.61
607,658.47,2143.18
608,659.13,2137.64
609,659.9,2133.65
610,660.66,2129.66
611,661.42,2125.77
612,662.18,2121.78
613,662.85,2117.79
614,663.61,2113.8
615,664.38,2109.81
616,665.14,2105.82
617,665.9,2101.94
618,666.66,2097.95
619,667.42,2093.95
620,668.19,2089.96
621,668.85,2085.97
622,669.62,2081.98
623,670.38,2077.99
624,671.14,2074.11
625,671.9,2070.12
626,672.66,2066.12
627,673.43,2062.13
628,674.09,2058.14
629,674.86,2054.15
630,675.62,2050.27
631,676.38,2046.28
632,677.14,2042.29
633,686.38,1988.29
634,695.72,1934.41
635,700.01,1899.93
636,704.39,1865.55
637,708.68,1831.07
638,709.25,1820.98
639,709.82,1810.89
640,710.49,1800.69
641,711.06,1790.6
642,711.63,1780.51
643,712.2,1770.43
644,712.78,1760.34
645,713.44,1750.14
646,714.02,1740.05
647,714.59,1729.96
648,714.97,1723.08
649,715.44,1716.21
650,715.83,1709.33
651,716.21,1702.46
652,716.68,1695.59
653,717.06,1688.6
654,717.45,1681.73
655,717.83,1674.85
656,718.3,1667.98
657,718.68,1661.1
658,719.16,1654.12
659,719.54,1647.13
660,720.02,1640.15
661,720.4,1633.16
662,720.88,1626.18
663,721.35,1619.19
664,721.73,1612.21
665,722.21,1605.22
666,722.59,1598.24
667,723.07,1591.25
668,723.54,1584.27
669,723.92,1577.28
670,724.4,1570.3
671,724.78,1563.31
672,725.26,1556.33
673,727.64,1532.49
674,729.93,1508.54
675,732.31,1484.7
676,734.6,1460.76
677,736.98,1436.92
678,742.5,1426.16
679,748.03,1415.52
680,753.56,1404.77
681,758.99,1394.12
682,764.51,1383.37
683,770.04,1372.61
684,775.56,1361.97
685,781.09,1351.21
686,786.62,1340.57
687,792.14,1329.81
688,797.57,1319.17
689,803.1,1308.42
690,808.63,1297.66
691,814.15,1287.02
692,819.68,1276.26
693,825.2,1265.62
694,830.73,1254.86
695,836.26,1244.11
696,841.69,1233.47
697,847.21,1222.71
698,852.74,1212.07
699,858.27,1201.31
700,866.94,1191.78
701,875.51,1182.35
702,884.18,1172.82
703,892.76,1163.39
704,901.43,1153.86
705,910.0,1144.43
706,918.67,1134.9
707,927.25,1125.48
708,935.92,1115.94
709,946.68,1104.3
710,957.45,1092.66
711,968.12,1081.13
712,978.89,1069.48
713,989.66,1057.84
714,1000.42,1046.2
715,1011.09,1034.67
716,1021.86,1023.03
717,1032.63,1011.39
718,1041.2,999.08
719,1049.87,986.77
720,1058.45,974.47
721,1067.12,962.16
722,1075.69,949.85
723,1084.27,937.66
724,1092.94,925.35
725,1101.51,913.04
726,1110.18,900.73
727,1118.76,888.43
728,1122.95,875.23
729,1127.05,862.15
730,1131.24,848.96
731,1135.43,835.76
732,1139.53,822.57
733,1143.72,809.49
734,1147.82,796.29
735,1152.01,783.1
736,1156.2,769.9
737,1160.3,756.82
738,1164.49,743.63
739,1164.49,741.41
740,1164.49,739.19
741,1164.49,736.98
742,1164.49,734.65
743,1164.49,732.43
744,1164.49,730.21
745,1164.49,727.99
746,1164.49,725.78
747,1164.49,723.56
748,1164.49,721.34
749,1164.49,719.01
750,1164.49,716.8
751,1164.49,714.58
752,1164.49,712.36
753,1164.49,710.14
754,1164.49,707.93
755,1164.49,705.71
756,1164.49,703.38
757,1164.49,701.16
758,1164.49,698.95
759,1164.49,696.73
760,1164.49,694.51
761,1164.49,692.29
762,1164.49,690.08
763,1164.49,687.75
764,1164.49,685.53
765,1164.49,683.31
766,1164.49,681.09
767,1164.49,678.88
768,1164.49,676.66
769,1164.49,674.44
770,1164.49,672.11
771,1164.49,669.9
772,1164.49,667.68
773,1164.49,665.46
774,1164.49,663.24
775,1164.49,661.03
776,1164.49,658.81
777,1164.49,656.59
778,1164.49,654.26
779,1164.49,652.05
780,1164.49,649.83
781,1164.49,647.61
782,1164.49,645.39
783,1164.49,643.18
784,1164.49,640.96
785,1164.49,638.63
786,1164.49,636.41
787,1164.49,634.2
788,1164.49,631.98
789,1164.49,629.76
790,1164.49,627.54
791,1164.49,625.33
792,1164.49,623.0
793,1164.49,620.78
794,1164.49,618.56
795,1164.49,616.34
796,1164.49,614.13
797,1164.49,611.91
798,1164.49,609.69
799,1164.49,607.36
800,1164.49,605.15
801,1164.49,602.93
802,1164.49,600.71
803,1164.49,598.49
804,1164.49,596.28
805,1164.49,594.06
806,1164.49,591.73
807,1164.49,589.51
808,1164.49,587.3
809,1164.49,585.08
810,1162.68,577.76
811,1160.87,570.55
812,1159.06,563.24
813,1157.34,556.03
814,1155.53,548.71
815,1153.72,541.51
816,1151.91,534.19
817,1150.1,526.98
818,1148.29,519.66
819,1146.48,512.35
820,1144.67,505.14
821,1142.96,497.82
822,1141.15,490.61
823,1139.34,483.3
824,1137.53,476.09
825,1135.72,468.77
826,1133.91,461.57
827,1132.1,454.25
828,1130.29,446.93
829,1128.57,439.72
830,1126.76,432.41
831,1124.95,425.2
832,1123.14,417.88
833,1121.33,410.67
834,1119.52,403.36
835,1117.71,396.15
836,1115.9,388.83
837,1114.18,381.52
838,1112.37,374.31
839,1110.56,366.99
840,1108.75,359.78
841,1106.94,352.47
842,1105.13,345.26
843,1103.32,337.94
844,1101.51,330.74
845,1099.8,323.42
846,1097.99,316.1
847,1096.18,308.89
848,1094.37,301.58
849,1092.56,294.37
850,1090.75,287.05
851,1088.94,279.84
852,1087.12,272.53
853,1085.41,265.32
854,1083.6,258.0
855,1081.79,250.68
856,1079.98,243.48
857,1078.17,236.16
858,1076.36,228.95
859,1074.55,221.64
860,1072.74,214.43
861,1071.02,207.11
862,1069.21,199.9
863,1067.4,192.59
864,1065.59,185.27
865,1063.78,178.06
866,1061.97,170.74
867,1060.16,163.54
868,1058.35,156.22
869,1056.64,149.01
870,1054.83,141.7
871,1053.02,134.49
872,1051.2,127.17
