1,138.34,749.84
2,144.44,750.95
3,150.54,752.16
4,156.64,753.27
5,162.74,754.49
6,168.83,755.6
7,169.5,755.71
8,170.26,755.82
9,170.93,755.93
10,171.6,756.05
11,172.26,756.16
12,173.03,756.27
13,173.69,756.38
14,174.36,756.49
15,175.12,756.6
16,175.79,756.71
17,175.79,756.71
18,175.79,756.71
19,175.79,756.71
20,175.79,756.71
21,175.79,756.71
22,175.79,756.71
23,175.79,756.71
24,175.79,756.71
25,175.79,756.71
26,175.79,756.71
27,175.79,756.71
28,175.79,756.71
29,175.79,756.71
30,175.79,756.71
31,175.79,756.71
32,175.79,756.71
33,175.79,756.71
34,175.79,756.71
35,175.79,756.71
36,175.79,756.71
37,175.79,756.71
38,175.79,756.71
39,175.79,756.71
40,175.79,756.71
41,175.79,756.71
42,175.79,756.71
43,175.79,756.71
44,175.79,756.71
45,175.79,756.71
46,175.79,756.71
47,175.79,756.71
48,175.79,756.71
49,175.79,756.71
50,175.79,756.71
51,175.79,756.71
52,175.79,756.71
53,175.79,756.71
54,175.79,756.71
55,175.79,756.71
56,175.79,756.71
57,175.79,756.71
58,175.79,756.71
59,175.79,756.71
60,175.79,756.71
61,175.79,756.71
62,175.79,756.71
63,175.79,756.71
64,175.79,756.71
65,175.79,756.71
66,175.79,756.71
67,175.79,756.71
68,175.79,756.71
69,175.79,756.71
70,175.79,756.71
71,175.79,756.71
72,175.79,756.71
73,175.79,756.71
74,175.79,756.71
75,175.79,756.71
76,177.6,757.15
77,179.41,757.6
78,181.22,758.04
79,183.12,758.48
80,184.94,758.93
81,186.75,759.37
82,188.56,759.81
83,190.37,760.26
84,192.18,760.7
85,194.08,761.15
86,195.89,761.59
87,197.7,762.03
88,199.51,762.48
89,201.32,762.92
90,203.13,763.36
91,204.94,763.81
92,206.85,764.25
93,208.66,764.69
94,210.47,765.14
95,212.28,765.58
96,217.14,766.8
97,222.0,768.02
98,226.86,769.24
99,231.72,770.46
100,236.58,771.68
101,241.44,772.9
102,246.2,774.12
103,251.06,775.34
104,255.92,776.56
105,260.78,777.78
106,265.64,779.0
107,270.49,780.22
108,275.35,781.44
109,276.59,781.44
110,277.93,781.44
111,279.17,781.44
112,280.4,781.44
113,281.74,781.44
114,282.98,781.44
115,284.31,781.44
116,285.55,781.44
117,285.55,781.44
118,285.55,781.44
119,285.55,781.44
120,285.55,781.44
121,285.55,781.44
122,285.55,781.44
123,285.55,781.44
124,285.55,781.44
125,285.55,781.44
126,285.55,781.44
127,285.55,781.44
128,285.55,781.44
129,285.55,781.44
130,285.55,781.44
131,285.55,781.44
132,285.55,781.44
133,285.55,781.44
134,285.55,781.44
135,285.55,781.44
136,285.55,781.44
137,285.55,781.44
138,285.55,781.44
139,285.55,781.44
140,285.55,781.44
141,285.55,781.44
142,285.55,781.44
143,285.55,781.44
144,285.55,781.44
145,285.55,781.44
146,285.55,781.44
147,285.55,781.44
148,285.55,781.44
149,285.55,781.44
150,285.55,781.44
151,285.55,781.44
152,285.55,781.44
153,285.55,781.44
154,285.55,781.44
155,285.55,781.44
156,286.12,781.44
157,286.69,781.55
158,287.26,781.55
159,287.84,781.66
160,288.5,781.66
161,289.07,781.66
162,289.65,781.77
163,290.22,781.77
164,290.79,781.88
165,291.36,781.88
166,291.36,781.88
167,291.36,781.88
168,291.36,781.88
169,291.36,781.88
170,291.36,781.88
171,291.36,781.88
172,291.36,781.88
173,291.36,781.88
174,291.36,781.88
175,291.36,781.88
176,291.36,781.88
177,291.36,781.88
178,291.36,781.88
179,291.36,781.88
180,291.36,781.88
181,291.36,781.88
182,291.36,781.88
183,291.36,781.88
184,291.36,781.88
185,291.36,781.88
186,293.27,782.32
187,295.17,782.88
188,297.08,783.43
189,298.98,783.87
190,300.79,784.32
191,302.7,784.87
192,304.6,785.32
193,306.51,785.87
194,308.42,786.31
195,310.32,786.87
196,312.89,787.76
197,315.47,788.75
198,318.04,789.64
199,320.61,790.53
200,323.18,791.41
201,325.76,792.41
202,328.33,793.3
203,330.9,794.19
204,333.47,795.18
205,336.14,796.07
206,338.71,796.96
207,341.29,797.96
208,343.86,798.84
209,346.43,799.73
210,349.0,800.73
211,351.58,801.61
212,354.15,802.5
213,356.72,803.39
214,359.29,804.39
215,361.87,805.27
216,361.58,809.82
217,361.39,814.48
218,361.1,819.02
219,360.25,826.56
220,359.39,834.21
221,358.63,841.75
222,357.77,849.29
223,356.91,856.83
224,356.05,864.48
225,355.2,872.02
226,354.44,879.56
227,353.58,887.21
228,352.72,894.75
229,352.53,896.85
230,352.34,898.96
231,352.05,901.07
232,351.86,903.17
233,351.67,905.28
234,351.48,907.39
235,351.29,909.49
236,351.01,911.6
237,350.81,913.71
238,350.62,915.81
239,350.62,915.81
240,350.62,915.81
241,350.62,915.81
242,350.62,915.81
243,350.62,915.81
244,350.62,915.81
245,350.62,915.81
246,350.62,915.81
247,350.62,915.81
248,350.62,915.81
249,350.53,916.92
250,350.34,917.92
251,350.24,919.03
252,350.15,920.03
253,350.05,921.14
254,349.86,922.13
255,349.77,923.24
256,349.67,924.24
257,349.48,925.24
258,349.39,926.35
259,349.29,927.23
260,349.1,928.23
261,349.0,929.12
262,348.91,930.01
263,348.81,930.89
264,348.72,931.78
265,348.53,932.78
266,348.43,933.66
267,348.34,934.55
268,348.15,935.55
269,348.05,936.44
270,347.96,937.32
271,347.86,938.21
272,347.77,939.1
273,347.58,940.1
274,347.48,940.98
275,347.38,941.87
276,347.19,942.76
277,347.1,943.75
278,347.0,944.64
279,347.19,947.08
280,347.29,949.52
281,347.48,951.96
282,347.67,954.4
283,347.77,956.73
284,347.96,959.17
285,348.15,961.6
286,348.24,964.04
287,348.43,966.48
288,349.1,972.91
289,349.77,979.34
290,350.43,985.77
291,351.1,992.21
292,351.77,998.64
293,352.53,1005.18
294,353.2,1011.61
295,353.86,1018.04
296,354.53,1024.47
297,355.2,1030.9
298,355.58,1039.88
299,356.05,1048.75
300,356.44,1057.73
301,356.91,1066.71
302,357.29,1075.58
303,357.77,1084.56
304,358.15,1093.54
305,358.63,1102.52
306,359.01,1111.39
307,359.48,1120.38
308,358.91,1127.14
309,358.34,1133.79
310,357.77,1140.55
311,357.2,1147.32
312,356.63,1153.97
313,356.05,1160.73
314,355.48,1167.5
315,354.91,1174.26
316,354.34,1180.91
317,353.77,1187.68
318,352.91,1195.21
319,352.15,1202.86
320,351.29,1210.4
321,350.43,1218.05
322,349.67,1225.59
323,348.81,1233.24
324,347.96,1240.78
325,347.19,1248.32
326,346.34,1255.97
327,345.48,1263.51
328,344.72,1271.16
329,343.86,1278.7
330,343.0,1286.35
331,342.24,1293.89
332,341.38,1301.43
333,340.52,1309.08
334,339.76,1316.62
335,338.9,1324.27
336,338.05,1331.81
337,337.29,1339.35
338,336.43,1347.0
339,335.57,1354.54
340,334.81,1362.19
341,333.95,1369.73
342,333.09,1377.38
343,332.33,1384.92
344,331.47,1392.46
345,330.62,1400.11
346,329.85,1407.65
347,329.0,1415.3
348,328.14,1422.84
349,327.38,1430.49
350,326.52,1438.03
351,325.09,1443.68
352,323.66,1449.34
353,322.23,1454.88
354,320.8,1460.53
355,319.37,1466.19
356,317.94,1471.84
357,316.51,1477.5
358,315.09,1483.04
359,313.66,1488.7
360,312.23,1494.35
361,310.8,1500.01
362,309.37,1505.66
363,307.94,1511.2
364,306.51,1516.86
365,305.08,1522.51
366,302.51,1530.5
367,299.94,1538.48
368,297.46,1546.35
369,294.89,1554.33
370,292.31,1562.32
371,289.74,1570.3
372,287.17,1578.28
373,284.6,1586.26
374,282.12,1594.14
375,279.55,1602.12
376,276.97,1610.1
377,273.83,1626.84
378,270.59,1643.59
379,267.45,1660.33
380,264.21,1676.96
381,261.06,1693.7
382,257.82,1710.44
383,254.68,1727.18
384,251.44,1743.93
385,248.3,1760.67
386,245.06,1777.3
387,241.91,1794.04
388,238.67,1810.78
389,235.53,1827.53
390,235.81,1830.19
391,236.1,1832.74
392,236.39,1835.4
393,236.67,1838.06
394,236.96,1840.72
395,237.24,1843.27
396,237.53,1845.93
397,237.81,1848.59
398,238.1,1851.14
399,238.39,1853.8
400,238.39,1853.8
401,238.39,1853.8
402,238.39,1853.8
403,238.39,1853.8
404,238.39,1853.8
405,238.39,1853.8
406,238.39,1853.8
407,238.39,1853.8
408,238.39,1853.8
409,238.39,1853.8
410,238.39,1853.8
411,238.39,1853.8
412,238.39,1853.8
413,238.39,1853.8
414,238.39,1853.8
415,238.39,1853.8
416,238.39,1853.8
417,238.39,1853.8
418,238.39,1853.8
419,238.39,1853.8
420,238.39,1853.8
421,238.39,1853.8
422,238.39,1853.8
423,238.39,1853.8
424,238.39,1853.8
425,238.39,1853.8
426,238.39,1853.8
427,238.39,1853.8
428,238.39,1853.8
429,238.39,1853.8
430,238.39,1853.8
431,238.39,1853.8
432,238.39,1853.8
433,238.39,1853.8
434,238.39,1853.8
435,238.39,1853.8
436,238.39,1853.8
437,238.39,1853.8
438,238.39,1853.8
439,238.39,1853.8
440,238.39,1853.8
441,238.39,1853.8
442,238.39,1853.8
443,238.39,1853.8
444,238.39,1853.8
445,238.39,1853.8
446,238.39,1853.8
447,238.39,1853.8
448,238.39,1853.8
449,238.39,1853.8
450,238.39,1853.8
451,238.39,1853.8
452,238.39,1853.8
453,238.39,1853.8
454,238.39,1853.8
455,238.39,1853.8
456,238.39,1853.8
457,238.39,1853.8
458,238.39,1853.8
459,238.39,1853.8
460,238.39,1853.8
461,238.39,1853.8
462,238.39,1853.8
463,238.39,1853.8
464,238.39,1853.8
465,238.39,1853.8
466,238.39,1853.8
467,238.39,1853.8
468,238.39,1853.8
469,238.39,1853.8
470,238.39,1853.8
471,238.39,1853.8
472,238.39,1853.8
473,238.39,1853.8
474,238.39,1853.8
475,238.39,1853.8
476,238.39,1853.8
477,238.39,1853.8
478,238.39,1853.8
479,238.39,1853.8
480,238.39,1853.8
481,238.39,1853.8
482,238.39,1853.8
483,238.39,1853.8
484,238.39,1853.8
485,238.39,1853.8
486,238.39,1853.8
487,238.39,1853.8
488,238.39,1853.8
489,238.39,1853.8
490,235.24,1853.69
491,232.0,1853.58
492,228.86,1853.58
493,225.71,1853.47
494,222.57,1853.36
495,219.33,1853.25
496,216.19,1853.14
497,213.04,1853.14
498,209.8,1853.03
499,206.66,1852.92
500,203.51,1852.8
501,200.27,1852.69
502,197.13,1852.69
503,193.99,1852.58
504,190.84,1852.47
505,187.6,1852.36
506,184.46,1852.25
507,181.31,1852.25
508,178.08,1852.14
509,174.93,1852.03
510,171.79,1851.92
511,168.64,1851.92
512,165.4,1851.81
513,162.26,1851.7
514,159.11,1851.58
515,155.88,1851.47
516,152.73,1851.47
517,149.59,1851.36
518,146.35,1851.25
519,143.2,1851.14
520,140.06,1851.03
521,136.91,1851.03
522,133.68,1850.92
523,130.53,1850.81
524,111.76,1840.05
525,92.99,1829.41
526,74.22,1818.77
527,55.45,1808.01
