0,1788.09,1654.23
1,1778.37,1669.86
2,1768.55,1685.39
3,1758.84,1701.02
4,1749.02,1716.65
5,1739.3,1732.28
6,1729.49,1747.81
7,1719.77,1763.44
8,1715.96,1769.43
9,1712.05,1775.41
10,1708.24,1781.4
11,1704.43,1787.39
12,1700.53,1793.49
13,1696.72,1799.47
14,1692.9,1805.46
15,1689.0,1811.45
16,1685.19,1817.44
17,1684.04,1818.77
18,1683.0,1820.1
19,1681.85,1821.43
20,1680.8,1822.76
21,1679.66,1824.2
22,1678.61,1825.53
23,1677.47,1826.86
24,1676.42,1828.19
25,1675.28,1829.52
26,1674.23,1830.85
27,1673.09,1832.18
28,1672.04,1833.51
29,1670.89,1834.84
30,1669.85,1836.17
31,1668.7,1837.61
32,1667.66,1838.95
33,1666.51,1840.28
34,1665.46,1841.61
35,1664.32,1842.94
36,1664.13,1843.27
37,1663.84,1843.6
38,1663.65,1843.82
39,1663.46,1844.16
40,1663.18,1844.49
41,1662.99,1844.82
42,1662.8,1845.15
43,1662.61,1845.38
44,1662.32,1845.71
45,1662.13,1846.04
46,1661.56,1846.93
47,1660.99,1847.7
48,1660.41,1848.59
49,1659.84,1849.37
50,1659.27,1850.25
51,1658.7,1851.03
52,1658.13,1851.92
53,1657.56,1852.69
54,1656.98,1853.58
55,1656.41,1854.36
56,1655.84,1855.24
57,1655.27,1856.02
58,1654.7,1856.91
59,1651.36,1862.23
60,1648.03,1867.44
61,1644.69,1872.76
62,1641.36,1878.08
63,1638.02,1883.41
64,1634.69,1888.62
65,1631.35,1893.94
66,1631.26,1893.94
67,1631.26,1893.94
68,1631.16,1893.94
69,1631.07,1893.94
70,1630.97,1893.94
71,1630.97,1893.94
72,1630.88,1893.94
73,1630.78,1893.94
74,1630.78,1893.94
75,1630.69,1893.94
76,1630.59,1893.94
77,1630.5,1893.94
78,1630.4,1893.94
79,1630.4,1893.94
80,1630.31,1893.94
81,1630.21,1893.83
82,1630.12,1893.83
83,1630.02,1893.83
84,1629.93,1893.83
85,1629.83,1893.83
86,1629.83,1893.83
87,1629.73,1893.83
88,1629.64,1893.83
89,1629.54,1893.83
90,1629.45,1893.72
91,1629.35,1893.72
92,1629.35,1893.72
93,1629.26,1893.72
94,1629.16,1893.72
95,1629.07,1893.72
96,1629.07,1893.72
97,1628.97,1893.72
98,1628.97,1893.72
99,1628.88,1893.72
100,1628.88,1893.72
101,1628.78,1893.72
102,1628.78,1893.72
103,1628.69,1893.72
104,1628.69,1893.72
105,1628.59,1893.72
106,1628.59,1893.72
107,1628.5,1893.72
108,1628.5,1893.72
109,1628.4,1893.72
110,1628.4,1893.72
111,1628.31,1893.72
112,1628.21,1893.72
113,1628.11,1893.72
114,1628.11,1893.72
115,1628.02,1893.72
116,1628.02,1893.72
117,1627.92,1893.72
118,1627.92,1893.72
119,1627.92,1893.72
120,1627.83,1893.72
121,1627.83,1893.72
122,1627.83,1893.72
123,1627.73,1893.72
124,1627.73,1893.72
125,1627.73,1893.72
126,1627.64,1893.72
127,1627.64,1893.72
128,1627.64,1893.72
129,1627.64,1893.72
130,1627.64,1893.72
131,1627.54,1893.72
132,1627.54,1893.72
133,1627.54,1893.72
134,1627.54,1893.72
135,1627.54,1893.72
136,1627.54,1893.72
137,1627.54,1893.72
138,1627.54,1893.72
139,1627.54,1893.83
140,1627.54,1893.83
141,1627.54,1893.83
142,1627.54,1893.83
143,1627.54,1893.83
144,1627.54,1893.83
145,1627.54,1893.94
146,1627.64,1893.94
147,1627.64,1893.94
148,1627.64,1893.94
149,1627.64,1893.94
150,1627.64,1893.94
151,1627.64,1893.94
152,1627.64,1894.05
153,1627.64,1894.05
154,1627.64,1894.05
155,1627.64,1894.05
156,1627.64,1894.05
157,1627.64,1894.05
158,1627.73,1894.16
159,1627.73,1894.16
160,1627.73,1894.16
161,1627.73,1894.16
162,1627.73,1894.16
163,1627.83,1894.27
164,1627.83,1894.27
165,1627.83,1894.27
166,1627.83,1894.27
167,1627.83,1894.27
168,1627.83,1894.38
169,1627.83,1894.38
170,1627.83,1894.38
171,1627.83,1894.38
172,1627.83,1894.38
173,1627.83,1894.49
174,1627.83,1894.49
175,1627.83,1894.49
176,1627.83,1894.49
177,1627.83,1894.49
178,1627.83,1894.49
179,1627.83,1894.49
180,1627.83,1894.49
181,1627.83,1894.49
182,1627.83,1894.49
183,1627.83,1894.49
184,1627.83,1894.49
185,1627.83,1894.49
186,1627.83,1894.49
187,1627.83,1894.49
188,1627.83,1894.49
189,1627.83,1894.49
190,1627.83,1894.49
191,1627.83,1894.49
192,1627.83,1894.49
193,1627.83,1894.49
194,1627.83,1894.49
195,1627.83,1894.49
196,1627.83,1894.49
197,1627.83,1894.49
198,1627.83,1894.49
199,1627.83,1894.49
200,1627.83,1894.49
201,1627.83,1894.49
202,1627.83,1894.38
203,1627.83,1894.38
204,1627.83,1894.38
205,1627.83,1894.38
206,1627.83,1894.38
207,1627.83,1894.38
208,1627.83,1894.38
209,1627.83,1894.38
210,1627.83,1894.38
211,1627.83,1894.38
212,1627.83,1894.38
213,1627.83,1894.38
214,1627.83,1894.38
215,1627.83,1894.27
216,1627.83,1894.27
217,1627.83,1894.27
218,1627.83,1894.27
219,1627.83,1894.27
220,1627.83,1894.27
221,1627.83,1894.27
222,1627.83,1894.16
223,1627.83,1894.05
224,1627.83,1894.05
225,1627.83,1893.94
226,1627.07,1895.16
227,1626.3,1896.49
228,1625.54,1897.82
229,1624.78,1899.04
230,1624.02,1900.37
231,1623.26,1901.59
232,1622.49,1902.81
233,1621.73,1904.14
234,1620.97,1905.47
235,1620.21,1906.69
236,1616.59,1909.68
237,1612.87,1912.57
238,1607.34,1912.01
239,1601.82,1911.46
240,1593.72,1905.58
241,1585.72,1899.7
242,1577.62,1893.72
243,1569.61,1887.84
244,1561.52,1881.96
245,1553.51,1876.09
246,1545.41,1870.21
247,1537.41,1864.34
248,1529.31,1858.35
249,1521.31,1852.47
250,1513.21,1846.6
251,1504.06,1839.72
252,1494.92,1832.74
253,1485.86,1825.86
254,1476.72,1818.88
255,1467.57,1812.0
256,1458.42,1805.02
257,1449.28,1798.14
258,1440.23,1791.16
259,1431.08,1784.28
260,1421.93,1777.3
261,1412.79,1770.31
262,1403.64,1763.44
263,1394.59,1756.57
264,1385.44,1749.58
265,1376.29,1742.71
266,1367.15,1735.72
267,1358.1,1728.85
268,1348.95,1721.86
269,1339.8,1714.99
270,1330.66,1708.0
271,1321.51,1701.13
272,1312.46,1694.14
273,1303.31,1687.16
274,1294.16,1680.29
275,1272.16,1664.1
276,1250.24,1647.91
277,1228.23,1631.72
278,1206.32,1615.54
279,1184.31,1599.35
280,1183.07,1598.46
281,1181.83,1597.46
282,1180.5,1596.58
283,1179.26,1595.58
284,1178.02,1594.69
285,1176.78,1593.69
286,1175.45,1592.81
287,1174.21,1591.81
288,1172.97,1590.81
289,1171.73,1589.92
290,1170.49,1588.93
291,1169.16,1588.04
292,1167.92,1587.04
293,1166.68,1586.15
294,1165.44,1585.16
295,1164.11,1584.27
296,1162.87,1583.27
297,1161.63,1582.38
298,1161.16,1582.38
299,1160.77,1582.5
300,1160.39,1582.38
301,1159.92,1582.27
302,1159.54,1582.16
303,1159.16,1582.05
304,1158.68,1581.94
305,1158.3,1581.83
306,1157.82,1581.72
307,1157.44,1581.61
308,1157.06,1581.5
309,1156.58,1581.39
310,1156.2,1581.28
311,1147.34,1581.61
312,1142.67,1585.05
313,1138.1,1588.48
314,1133.43,1591.81
315,1128.76,1595.25
316,1126.57,1595.8
317,1124.38,1596.35
318,1122.19,1596.91
319,1120.0,1597.46
320,1117.8,1598.02
321,1115.61,1598.57
322,1113.42,1599.13
323,1111.23,1599.57
324,1109.04,1600.12
325,1106.85,1600.68
326,1104.66,1601.23
327,1102.46,1601.79
328,1100.27,1602.34
329,1098.08,1602.9
330,1095.89,1603.45
331,1095.41,1603.12
332,1094.94,1602.9
333,1094.46,1602.56
334,1093.98,1602.23
335,1093.51,1602.01
336,1093.03,1601.68
337,1092.65,1601.34
338,1092.17,1601.01
339,1091.7,1600.79
340,1091.22,1600.46
341,1090.75,1600.12
342,1090.27,1599.9
343,1089.79,1599.57
344,1089.41,1599.35
345,1089.03,1599.02
346,1088.65,1598.79
347,1088.27,1598.46
348,1087.89,1598.24
349,1087.6,1597.91
350,1087.22,1597.68
351,1086.84,1597.35
352,1086.46,1597.13
353,1086.08,1596.8
354,1085.7,1596.58
355,1085.51,1596.47
356,1085.22,1596.35
357,1085.03,1596.24
358,1084.84,1596.13
359,1084.65,1596.02
360,1084.36,1595.8
361,1084.17,1595.69
362,1083.98,1595.58
363,1083.79,1595.47
364,1083.5,1595.36
365,1083.31,1595.25
366,1083.41,1595.13
367,1083.5,1595.13
368,1083.6,1595.02
369,1083.69,1594.91
370,1083.79,1594.8
371,1083.98,1594.8
372,1084.08,1594.69
373,1084.17,1594.58
374,1084.27,1594.47
375,1084.36,1594.47
376,1084.46,1594.36
377,1084.46,1594.36
378,1084.55,1594.36
379,1084.55,1594.36
380,1084.55,1594.47
381,1084.65,1594.47
382,1084.65,1594.47
383,1084.74,1594.47
384,1084.74,1594.47
385,1084.74,1594.47
386,1084.84,1594.47
387,1084.84,1594.58
388,1084.84,1594.58
389,1084.93,1594.58
390,1084.93,1594.58
391,1084.84,1594.69
392,1084.84,1594.69
393,1084.84,1594.8
394,1084.74,1594.8
395,1084.74,1594.91
396,1084.65,1595.02
397,1084.55,1595.02
398,1084.55,1595.13
399,1084.46,1595.13
400,1084.46,1595.25
401,1084.36,1595.36
402,1084.36,1595.36
403,1084.27,1595.47
404,1084.27,1595.58
405,1084.17,1595.69
406,1084.17,1595.69
407,1084.08,1595.8
408,1084.08,1595.91
409,1083.98,1595.91
410,1083.98,1596.02
411,1083.98,1596.02
412,1083.98,1596.02
413,1083.98,1595.91
414,1083.98,1595.91
415,1083.98,1595.91
416,1084.08,1595.91
417,1084.08,1595.91
418,1084.08,1595.8
419,1084.08,1595.8
420,1084.08,1595.8
421,1084.08,1595.8
422,1084.08,1595.8
423,1084.17,1595.8
424,1084.17,1595.8
425,1084.17,1595.8
426,1084.17,1595.8
427,1084.17,1595.8
428,1084.27,1595.8
429,1084.27,1595.8
430,1084.27,1595.8
431,1083.98,1595.69
432,1083.79,1595.58
433,1083.6,1595.47
434,1083.31,1595.47
435,1083.03,1595.36
436,1082.84,1595.25
437,1081.98,1594.25
438,1081.22,1593.25
439,1076.74,1589.7
440,1072.26,1586.15
441,1067.78,1582.61
442,1063.31,1579.06
443,1058.83,1575.51
444,1054.35,1571.85
445,1049.87,1568.3
446,1045.39,1564.76
447,1040.91,1561.21
448,1036.44,1557.66
449,1031.96,1554.11
450,1027.48,1550.56
451,1023.0,1547.02
452,1018.52,1543.47
453,1014.05,1539.92
454,1009.57,1536.26
455,1005.09,1532.71
456,1000.61,1529.17
457,996.13,1525.62
458,991.66,1522.07
459,987.46,1518.85
460,983.18,1515.64
461,978.98,1512.42
462,974.7,1509.32
463,970.5,1506.1
464,966.31,1502.89
465,962.02,1499.67
466,957.83,1496.46
467,957.55,1489.81
468,957.26,1483.15
469,959.26,1476.39
470,961.17,1469.63
471,963.17,1462.97
472,965.17,1456.21
473,967.17,1449.45
474,969.08,1442.68
475,971.08,1435.92
476,973.08,1429.16
477,975.08,1422.5
478,976.98,1415.74
479,978.98,1408.98
480,980.89,1403.77
481,982.8,1398.45
482,984.7,1393.23
483,986.61,1387.91
484,988.51,1382.7
485,990.42,1377.38
486,992.32,1372.06
487,994.23,1366.85
488,996.13,1361.64
489,998.04,1356.31
490,998.71,1354.87
491,999.37,1353.32
492,1000.04,1351.88
493,1000.71,1350.44
494,1001.28,1348.89
495,1001.95,1347.44
496,1002.61,1346.0
497,1003.28,1344.45
498,1003.95,1343.01
499,1004.23,1342.9
500,1004.52,1342.9
501,1004.9,1342.79
502,1005.19,1342.68
503,1005.47,1342.57
504,1005.85,1342.57
505,1006.14,1342.45
506,1006.42,1342.34
507,1006.71,1342.23
508,1007.09,1342.12
509,1007.38,1342.12
510,1007.66,1342.01
511,1007.95,1341.9
512,1008.23,1341.79
513,1008.62,1341.79
514,1008.9,1341.68
515,1009.19,1341.57
516,1009.57,1341.46
517,1009.85,1341.46
518,1010.14,1341.35
519,1010.33,1341.35
520,1010.62,1341.35
521,1010.81,1341.35
522,1011.09,1341.35
523,1011.38,1341.35
524,1011.57,1341.35
525,1011.86,1341.35
526,1012.05,1341.35
527,1012.33,1341.35
528,1012.52,1341.35
529,1012.62,1341.23
530,1012.81,1341.12
531,1013.0,1341.01
532,1013.09,1340.9
533,1013.19,1340.68
534,1013.38,1340.57
535,1013.47,1340.46
536,1013.67,1340.35
537,1013.86,1340.24
538,1013.95,1340.13
539,1014.71,1338.46
540,1015.57,1336.8
541,1016.33,1335.14
542,1017.1,1333.47
543,1017.95,1331.81
544,1018.72,1330.26
545,1019.48,1328.6
546,1020.24,1326.93
547,1021.1,1325.27
548,1021.86,1323.61
549,1024.62,1322.61
550,1027.48,1321.5
551,1030.24,1320.5
552,1034.34,1323.5
553,1038.34,1326.49
554,1042.44,1329.48
555,1046.44,1332.48
556,1050.54,1335.47
557,1054.54,1338.46
558,1058.54,1341.46
559,1062.64,1344.45
560,1066.64,1347.44
561,1070.74,1350.33
562,1074.74,1353.32
563,1078.84,1356.31
564,1082.84,1359.31
565,1086.93,1362.3
566,1090.94,1365.29
567,1095.03,1368.29
568,1099.03,1371.28
569,1103.13,1374.27
570,1110.09,1378.6
571,1117.04,1382.92
572,1124.0,1387.25
573,1131.05,1391.46
574,1138.0,1395.78
575,1144.96,1400.11
576,1151.91,1404.43
577,1159.06,1406.43
578,1166.59,1408.53
579,1174.11,1410.64
580,1181.55,1412.64
581,1189.07,1414.74
582,1196.6,1416.85
583,1204.13,1418.96
584,1211.65,1421.06
585,1219.09,1423.06
586,1226.61,1425.17
587,1234.14,1427.27
588,1240.33,1426.61
589,1246.53,1426.05
590,1247.38,1425.05
591,1248.24,1424.06
592,1249.0,1423.06
593,1249.86,1422.06
594,1250.72,1421.06
595,1254.53,1413.75
596,1258.34,1406.32
597,1262.15,1398.89
598,1265.96,1391.57
599,1269.77,1384.25
600,1273.58,1376.83
601,1274.25,1375.83
602,1274.82,1374.72
603,1275.49,1373.72
604,1276.06,1372.72
605,1276.73,1371.72
606,1277.4,1370.62
607,1277.97,1369.62
608,1278.63,1368.62
609,1279.21,1367.51
610,1279.87,1366.51
611,1280.54,1365.07
612,1281.21,1363.52
613,1281.97,1362.08
614,1282.64,1360.64
615,1283.3,1359.09
616,1284.06,1357.64
617,1284.73,1356.2
618,1285.4,1354.65
619,1286.07,1353.21
620,1286.73,1351.77
621,1287.5,1350.22
622,1288.16,1348.77
623,1288.83,1347.22
624,1289.59,1345.78
625,1290.26,1344.34
626,1290.93,1342.79
627,1291.59,1341.35
628,1292.26,1339.9
629,1293.02,1338.35
630,1293.69,1336.91
631,1295.5,1331.37
632,1297.31,1325.71
633,1299.12,1320.17
634,1300.93,1314.63
635,1302.64,1308.97
636,1304.45,1303.43
637,1306.26,1297.88
638,1308.08,1292.34
639,1309.89,1286.69
640,1311.7,1281.14
641,1312.36,1278.59
642,1312.93,1276.04
643,1313.6,1273.6
644,1314.17,1271.05
645,1314.84,1268.5
646,1315.51,1265.95
647,1316.08,1263.4
648,1316.75,1260.96
649,1317.32,1258.41
650,1317.98,1255.86
651,1318.08,1254.98
652,1318.17,1254.2
653,1318.37,1253.31
654,1318.46,1252.43
655,1318.56,1251.65
656,1318.65,1250.76
657,1318.75,1249.88
658,1318.94,1248.99
659,1319.03,1248.21
660,1319.13,1247.33
661,1319.13,1246.99
662,1319.13,1246.55
663,1319.22,1246.22
664,1319.22,1245.88
665,1319.22,1245.55
666,1319.22,1245.11
667,1319.22,1244.77
668,1319.32,1244.44
669,1319.32,1244.0
670,1319.32,1243.67
671,1321.22,1240.78
672,1323.13,1238.01
673,1324.94,1235.24
674,1326.84,1232.36
675,1328.75,1229.47
676,1330.66,1226.7
677,1332.56,1223.82
678,1334.37,1221.05
679,1336.28,1218.17
680,1338.18,1215.39
681,1340.09,1212.62
682,1341.99,1209.74
683,1343.8,1206.97
684,1345.71,1204.08
685,1347.62,1201.31
686,1349.52,1198.43
687,1351.43,1195.55
688,1353.24,1192.78
689,1355.14,1190.0
690,1357.05,1187.12
691,1357.91,1186.01
692,1358.76,1184.79
693,1359.62,1183.57
694,1360.48,1182.46
695,1361.34,1181.36
696,1362.1,1180.14
697,1362.96,1178.92
698,1363.81,1177.81
699,1364.67,1176.7
700,1365.53,1175.48
701,1365.72,1175.37
702,1365.81,1175.37
703,1366.0,1175.26
704,1366.1,1175.15
705,1366.29,1175.15
706,1366.48,1175.04
707,1366.58,1174.92
708,1366.77,1174.81
709,1366.86,1174.81
710,1367.05,1174.7
711,1367.05,1174.7
712,1367.15,1174.81
713,1367.15,1174.81
714,1367.24,1174.92
715,1367.24,1175.04
716,1367.34,1175.04
717,1367.43,1175.15
718,1367.43,1175.15
719,1367.43,1175.26
720,1367.53,1175.26
721,1367.53,1175.48
722,1367.53,1175.59
723,1367.62,1175.81
724,1367.62,1176.03
725,1367.62,1176.26
726,1367.62,1176.37
727,1367.62,1176.59
728,1367.72,1176.81
729,1367.72,1176.92
730,1367.72,1177.14
731,1367.62,1177.47
732,1367.62,1177.7
733,1367.53,1178.03
734,1367.53,1178.36
735,1367.43,1178.58
736,1367.43,1178.92
737,1367.43,1179.25
738,1367.34,1179.47
739,1367.34,1179.8
740,1367.24,1180.14
741,1367.15,1180.36
742,1367.15,1180.69
743,1367.05,1180.91
744,1367.05,1181.24
745,1366.96,1181.58
746,1366.96,1181.8
747,1366.96,1182.13
748,1366.86,1182.46
749,1366.86,1182.69
750,1366.77,1183.02
751,1366.77,1183.24
752,1366.67,1183.35
753,1366.67,1183.57
754,1366.67,1183.79
755,1366.67,1183.91
756,1366.58,1184.13
757,1366.58,1184.35
758,1366.58,1184.57
759,1366.48,1184.68
760,1366.48,1184.9
761,1366.48,1184.9
762,1366.39,1185.01
763,1366.39,1185.01
764,1366.29,1185.13
765,1366.29,1185.13
766,1366.29,1185.24
767,1366.19,1185.35
768,1366.19,1185.35
769,1366.1,1185.46
770,1366.1,1185.46
771,1366.1,1185.46
772,1366.0,1185.46
773,1366.0,1185.46
774,1366.0,1185.46
775,1365.91,1185.46
776,1365.91,1185.57
777,1365.91,1185.57
778,1365.91,1185.57
779,1365.81,1185.57
780,1365.81,1185.57
781,1365.81,1185.46
782,1365.81,1185.46
783,1365.72,1185.35
784,1365.72,1185.35
785,1365.72,1185.24
786,1365.72,1185.13
787,1365.72,1185.13
788,1365.62,1185.01
789,1365.62,1185.01
790,1365.62,1184.9
791,1365.72,1184.79
792,1365.81,1184.57
793,1365.91,1184.46
794,1366.1,1184.35
795,1366.19,1184.13
796,1366.29,1184.02
797,1366.39,1183.91
798,1366.48,1183.68
799,1366.58,1183.57
800,1366.67,1183.46
801,1366.86,1183.24
802,1366.96,1183.13
803,1367.05,1183.02
804,1367.15,1182.91
805,1367.24,1182.69
806,1367.34,1182.57
807,1367.43,1182.46
808,1367.53,1182.24
809,1367.72,1182.13
810,1367.81,1182.02
811,1367.91,1181.8
812,1368.01,1181.69
813,1367.91,1181.8
814,1367.81,1181.8
815,1367.62,1181.91
816,1367.53,1182.02
817,1367.43,1182.02
818,1367.24,1182.13
819,1367.15,1182.13
820,1367.05,1182.24
821,1367.62,1181.02
822,1368.2,1179.8
823,1368.77,1178.69
824,1369.34,1177.47
825,1369.91,1176.26
826,1370.48,1175.04
827,1371.05,1173.82
828,1371.63,1172.71
829,1372.2,1171.49
830,1372.77,1170.27
831,1373.15,1167.39
832,1373.53,1164.39
833,1373.91,1161.4
834,1374.29,1158.52
835,1374.58,1155.52
836,1374.96,1152.64
837,1375.34,1149.76
838,1375.72,1146.76
839,1376.1,1143.77
840,1376.48,1140.89
841,1376.48,1138.45
842,1376.58,1136.12
843,1376.58,1133.68
844,1376.58,1131.35
845,1376.58,1129.02
846,1376.68,1126.58
847,1376.68,1124.26
848,1376.68,1121.82
849,1376.77,1119.49
850,1376.77,1117.05
851,1376.96,1117.05
852,1377.25,1116.94
853,1377.44,1116.94
854,1377.63,1116.83
855,1377.91,1116.83
856,1378.1,1116.83
857,1378.3,1116.72
858,1378.58,1116.72
859,1378.77,1116.61
860,1378.96,1116.61
861,1379.25,1116.61
862,1379.44,1116.49
863,1379.72,1116.49
864,1379.91,1116.38
865,1380.11,1116.38
866,1380.39,1116.38
867,1380.58,1116.27
868,1380.77,1116.27
869,1381.06,1116.16
870,1381.25,1116.16
871,1381.25,1116.16
872,1381.34,1116.05
873,1381.34,1116.05
874,1381.34,1115.94
875,1381.44,1115.94
876,1381.44,1115.94
877,1381.44,1115.83
878,1381.44,1115.83
879,1381.53,1115.72
880,1381.53,1115.72
881,1381.44,1115.72
882,1381.44,1115.83
883,1381.44,1115.83
884,1381.34,1115.94
885,1381.25,1115.94
886,1381.25,1115.94
887,1381.15,1116.05
888,1381.15,1116.05
889,1381.06,1116.16
890,1381.06,1116.16
891,1380.96,1116.27
892,1380.87,1116.38
893,1380.77,1116.38
894,1380.68,1116.49
895,1380.58,1116.61
896,1380.49,1116.72
897,1380.39,1116.83
898,1380.3,1116.83
899,1380.2,1116.94
900,1380.11,1117.05
901,1380.01,1116.94
902,1379.91,1116.94
903,1379.82,1116.83
904,1379.72,1116.72
905,1379.63,1116.72
906,1379.53,1116.61
907,1379.44,1116.49
908,1379.34,1116.38
909,1379.25,1116.38
910,1379.15,1116.27
911,1379.06,1116.05
912,1379.06,1115.72
913,1378.96,1115.5
914,1378.96,1115.16
915,1378.87,1114.94
916,1378.77,1114.61
917,1378.77,1114.28
918,1378.68,1114.06
919,1378.68,1113.83
920,1378.58,1113.5
921,1378.49,1113.17
922,1378.49,1112.95
923,1378.39,1112.72
924,1378.39,1112.39
925,1378.3,1112.17
926,1378.2,1111.84
927,1378.2,1111.51
928,1378.1,1111.28
929,1378.1,1111.06
930,1378.01,1110.73
931,1378.01,1110.62
932,1378.01,1110.4
933,1378.01,1110.29
934,1378.01,1110.06
935,1377.91,1109.95
936,1377.91,1109.73
937,1377.91,1109.51
938,1377.91,1109.4
939,1377.91,1109.18
940,1377.91,1109.07
941,1377.91,1108.84
942,1378.01,1108.73
943,1378.01,1108.51
944,1378.01,1108.4
945,1378.01,1108.18
946,1378.1,1108.07
947,1378.1,1107.96
948,1378.1,1107.74
949,1378.2,1107.62
950,1378.2,1107.4
951,1378.2,1107.29
952,1378.3,1107.07
953,1378.3,1106.96
954,1378.39,1106.85
955,1378.49,1106.63
956,1378.49,1106.52
957,1378.58,1106.41
958,1378.58,1106.29
959,1378.68,1106.07
960,1378.68,1105.96
961,1378.68,1105.85
962,1378.68,1105.85
963,1378.68,1105.74
964,1378.68,1105.63
965,1378.68,1105.52
966,1378.68,1105.52
967,1378.68,1105.41
968,1378.68,1105.3
969,1378.68,1105.3
970,1378.68,1105.19
971,1379.63,1102.86
972,1380.58,1100.53
973,1381.53,1098.2
974,1382.49,1095.87
975,1383.54,1093.54
976,1384.49,1091.22
977,1385.44,1088.89
978,1386.39,1086.56
979,1387.35,1084.23
980,1388.3,1081.9
981,1389.25,1079.57
982,1390.2,1077.25
983,1391.16,1074.92
984,1392.11,1072.59
985,1393.16,1070.26
986,1394.11,1067.93
987,1395.06,1065.6
988,1396.02,1063.28
989,1396.97,1060.95
990,1397.92,1058.62
991,1398.59,1056.96
992,1399.16,1055.29
993,1399.73,1053.74
994,1400.4,1052.08
995,1401.07,1050.41
996,1401.64,1048.75
997,1402.31,1047.09
998,1402.88,1045.54
999,1403.45,1043.87
1000,1404.12,1042.21
1001,1404.12,1041.99
1002,1404.02,1041.77
1003,1404.02,1041.54
1004,1403.93,1041.32
1005,1403.93,1041.1
1006,1403.93,1040.88
1007,1403.83,1040.66
1008,1403.83,1040.44
1009,1403.73,1040.21
1010,1403.73,1039.99
1011,1403.64,1039.88
1012,1403.54,1039.66
1013,1403.45,1039.55
1014,1403.35,1039.44
1015,1403.26,1039.22
1016,1403.16,1039.1
1017,1403.07,1038.99
1018,1402.97,1038.88
1019,1402.88,1038.66
1020,1402.78,1038.55
1021,1402.69,1038.44
1022,1402.5,1038.22
1023,1402.31,1038.11
1024,1402.21,1037.89
1025,1402.11,1037.77
1026,1401.92,1037.66
1027,1401.73,1037.44
1028,1401.64,1037.33
1029,1401.45,1037.11
1030,1401.35,1037.0
1031,1401.26,1036.89
1032,1401.16,1036.78
1033,1401.07,1036.78
1034,1400.97,1036.67
1035,1400.88,1036.55
1036,1400.78,1036.44
1037,1400.69,1036.33
1038,1400.59,1036.33
1039,1400.5,1036.22
1040,1400.4,1036.11
1041,1400.3,1036.0
1042,1400.21,1035.89
1043,1400.11,1035.89
1044,1400.02,1035.78
1045,1399.92,1035.67
1046,1399.83,1035.56
1047,1399.73,1035.45
1048,1399.64,1035.45
1049,1399.54,1035.34
1050,1399.45,1035.22
1051,1399.45,1035.22
1052,1399.35,1035.22
1053,1399.35,1035.11
1054,1399.26,1035.11
1055,1399.16,1035.11
1056,1399.16,1035.11
1057,1399.07,1035.11
1058,1399.07,1035.0
1059,1399.07,1035.0
1060,1398.97,1035.0
1061,1398.97,1035.0
1062,1398.88,1035.0
1063,1398.88,1034.89
1064,1398.88,1034.89
1065,1398.88,1034.89
1066,1398.78,1034.89
1067,1398.78,1034.89
1068,1398.78,1034.78
1069,1398.68,1034.78
1070,1398.68,1034.78
1071,1398.59,1034.78
1072,1398.59,1034.67
1073,1398.49,1034.67
1074,1398.4,1034.67
1075,1398.3,1034.56
1076,1398.3,1034.56
1077,1398.21,1034.56
1078,1398.11,1034.56
1079,1398.11,1034.45
1080,1398.02,1034.45
1081,1398.02,1034.45
1082,1397.92,1034.45
1083,1397.92,1034.34
1084,1397.92,1034.34
1085,1397.92,1034.34
1086,1397.83,1034.34
1087,1397.83,1034.34
1088,1397.83,1034.23
1089,1397.73,1034.23
1090,1397.73,1034.23
1091,1397.73,1034.23
1092,1397.64,1034.23
1093,1397.64,1034.23
1094,1397.64,1034.12
1095,1397.64,1034.12
1096,1397.54,1034.12
1097,1397.54,1034.12
1098,1397.54,1034.12
1099,1397.54,1034.12
1100,1397.45,1034.12
1101,1397.45,1034.0
1102,1397.45,1034.0
1103,1397.45,1034.0
1104,1397.45,1034.0
1105,1397.35,1034.0
1106,1397.35,1034.0
1107,1397.35,1033.89
1108,1397.35,1033.89
1109,1397.26,1033.89
1110,1397.26,1033.89
1111,1397.26,1033.89
1112,1397.16,1033.89
1113,1397.16,1033.89
1114,1397.16,1033.89
1115,1397.07,1033.89
1116,1397.07,1033.89
1117,1397.07,1033.89
1118,1397.07,1033.89
1119,1396.97,1033.89
1120,1396.97,1033.89
1121,1397.26,1033.34
1122,1397.54,1032.79
1123,1397.83,1032.23
1124,1398.11,1031.68
1125,1398.4,1031.12
1126,1398.68,1030.57
1127,1398.97,1030.01
1128,1399.26,1029.46
1129,1399.54,1028.9
1130,1399.83,1028.35
1131,1402.59,1022.14
1132,1405.35,1015.82
1133,1408.12,1009.61
1134,1410.88,1003.29
1135,1413.64,996.97
1136,1416.5,990.76
1137,1419.26,984.56
1138,1422.03,978.24
1139,1424.79,972.03
1140,1427.55,965.71
1141,1431.65,957.17
1142,1435.75,948.63
1143,1439.94,940.21
1144,1444.04,931.67
1145,1448.13,923.13
1146,1452.23,914.59
1147,1456.33,906.06
1148,1460.52,897.63
1149,1464.62,889.09
1150,1468.71,880.56
1151,1470.62,875.12
1152,1472.62,869.69
1153,1474.53,864.26
1154,1476.43,858.82
1155,1478.43,853.39
1156,1480.34,847.96
1157,1481.67,843.52
1158,1483.01,838.98
1159,1484.34,834.54
1160,1485.67,830.0
1161,1487.01,825.56
1162,1488.34,821.13
1163,1489.68,816.58
1164,1491.01,812.15
1165,1492.34,807.6
1166,1493.68,803.17
1167,1495.01,798.73
1168,1496.34,794.19
1169,1497.68,789.75
1170,1499.01,785.2
1171,1500.35,780.77
1172,1501.68,776.34
1173,1503.01,771.79
1174,1504.35,767.35
1175,1505.68,762.81
1176,1507.02,758.37
1177,1507.49,757.49
1178,1507.97,756.49
1179,1508.35,755.6
1180,1508.83,754.71
1181,1509.3,753.83
1182,1509.78,752.83
1183,1510.26,751.94
1184,1510.64,751.06
1185,1511.11,750.06
1186,1511.59,749.17
1187,1511.78,748.95
1188,1511.97,748.62
1189,1512.16,748.4
1190,1512.35,748.06
1191,1512.54,747.84
1192,1512.73,747.51
1193,1512.92,747.18
1194,1513.11,746.95
1195,1513.3,746.73
1196,1513.5,746.4
