693,1081.69,41.02
694,1083.41,55.66
695,1085.22,70.18
696,1086.93,84.82
697,1088.65,99.34
698,1090.46,113.98
699,1092.17,128.5
700,1093.98,143.14
701,1095.7,157.66
702,1097.41,172.3
703,1099.23,186.82
704,1100.94,201.46
705,1104.75,218.75
706,1108.56,236.05
707,1112.28,253.35
708,1116.09,270.64
709,1119.9,288.05
710,1123.71,305.35
711,1127.43,322.64
712,1131.24,339.94
713,1135.05,357.23
714,1139.15,371.87
715,1143.24,386.5
716,1147.34,401.14
717,1151.44,415.78
718,1155.53,430.41
719,1159.63,445.05
720,1163.73,459.68
721,1167.83,474.32
722,1171.92,488.95
723,1176.02,503.59
724,1176.21,504.25
725,1176.31,504.81
726,1176.5,505.47
727,1176.69,506.14
728,1176.78,506.8
729,1176.97,507.36
730,1177.16,508.02
731,1177.26,508.69
732,1177.45,509.35
733,1177.64,509.91
734,1177.73,510.57
735,1177.93,511.24
736,1178.12,511.9
737,1178.21,512.46
738,1178.4,513.12
739,1178.59,513.79
740,1178.69,514.45
741,1178.88,515.01
742,1179.07,515.67
743,1179.16,516.34
744,1179.35,517.0
745,1179.54,517.56
746,1179.64,518.22
747,1179.83,518.89
748,1180.02,519.44
749,1180.12,520.11
750,1180.31,520.77
751,1180.5,521.44
752,1180.59,521.99
753,1180.78,522.66
754,1180.97,523.32
755,1181.07,523.99
756,1181.26,524.54
757,1181.45,525.21
758,1181.55,525.87
759,1181.74,526.54
760,1181.93,527.09
761,1182.02,527.76
762,1182.21,528.42
763,1182.4,529.09
764,1182.5,529.64
765,1182.69,530.31
766,1182.88,530.97
767,1182.97,531.53
768,1183.17,532.19
769,1183.36,532.86
770,1183.45,533.52
771,1183.64,534.08
772,1183.83,534.74
773,1184.02,535.41
774,1184.12,536.07
775,1184.31,536.63
776,1184.5,537.29
777,1184.59,537.96
778,1184.79,538.62
779,1184.98,539.18
780,1185.07,539.84
781,1185.26,540.51
782,1185.45,541.17
783,1185.55,541.73
784,1185.74,542.39
785,1185.93,543.06
786,1186.02,543.72
787,1186.21,544.28
788,1186.4,544.94
789,1186.5,545.61
790,1186.69,546.16
791,1186.88,546.83
792,1186.98,547.49
793,1187.17,548.16
794,1187.36,548.71
795,1187.45,549.38
796,1187.64,550.04
797,1187.83,550.71
798,1187.93,551.26
799,1188.12,551.93
800,1188.31,552.59
801,1188.41,553.26
802,1188.6,553.81
803,1188.79,554.48
804,1188.88,555.14
805,1189.07,555.81
806,1189.26,556.36
807,1189.36,557.03
808,1189.55,557.69
809,1189.74,558.25
810,1189.83,558.91
811,1190.03,559.58
812,1190.22,560.24
813,1190.31,560.8
814,1190.5,561.46
815,1190.69,562.13
816,1190.79,562.79
817,1190.98,563.35
818,1191.17,564.01
819,1191.26,564.68
820,1191.45,565.34
821,1191.65,565.9
822,1191.74,566.56
823,1191.93,567.23
824,1192.12,567.89
825,1192.22,568.45
826,1192.41,569.11
827,1192.6,569.78
828,1192.69,570.44
829,1192.88,571.0
830,1193.07,571.66
831,1193.17,572.33
832,1193.36,572.88
833,1193.55,573.55
834,1193.65,574.21
835,1193.84,574.88
836,1194.03,575.43
837,1194.12,576.1
838,1194.31,576.76
839,1194.5,577.43
840,1194.6,577.98
841,1194.79,578.65
842,1194.98,579.31
843,1195.08,579.98
844,1195.27,580.53
845,1195.46,581.2
846,1195.55,581.86
847,1195.74,582.53
848,1195.93,583.08
849,1196.03,583.75
850,1196.22,584.41
851,1196.41,584.97
852,1196.5,585.63
853,1196.69,586.3
854,1196.89,586.96
855,1196.98,587.52
856,1197.17,588.18
857,1197.36,588.85
858,1197.46,589.51
859,1197.65,590.07
860,1197.84,590.73
861,1197.93,591.4
862,1198.12,592.06
863,1198.31,592.62
864,1198.41,593.28
865,1198.6,593.95
866,1198.79,594.61
867,1198.98,595.17
868,1199.08,595.83
869,1199.27,596.5
870,1199.46,597.16
871,1199.55,597.72
872,1199.74,598.38
873,1199.93,599.05
874,1200.03,599.6
875,1200.22,600.27
876,1200.41,600.93
877,1200.51,601.6
878,1200.7,602.15
879,1200.89,602.82
880,1200.98,603.48
881,1201.17,604.15
882,1201.36,604.7
883,1201.46,605.37
884,1201.65,606.03
885,1201.84,606.7
886,1201.94,607.25
887,1202.13,607.92
888,1202.32,608.58
889,1202.41,609.25
890,1202.6,609.8
891,1202.79,610.47
892,1202.89,611.13
893,1203.08,611.69
894,1203.27,612.35
895,1203.36,613.02
896,1203.55,613.68
897,1203.75,614.24
898,1203.84,614.9
899,1204.03,615.57
900,1204.22,616.23
901,1204.32,616.79
902,1204.51,617.45
903,1204.7,618.12
904,1204.79,618.78
905,1204.98,619.34
906,1205.17,620.0
907,1205.27,620.67
908,1205.46,621.33
909,1205.65,621.89
910,1205.75,622.55
911,1205.94,623.22
912,1206.13,623.88
913,1206.22,624.44
914,1206.41,625.1
915,1306.74,1293.12
916,1335.52,1309.3
917,1364.19,1325.38
918,1392.97,1341.57
919,1403.16,1346.78
920,1413.26,1351.88
921,1423.46,1357.09
922,1433.65,1362.19
923,1443.75,1367.4
924,1453.95,1372.5
925,1464.14,1377.71
926,1474.24,1382.81
927,1484.44,1387.91
928,1494.53,1393.12
929,1504.73,1398.33
930,1514.92,1403.43
931,1525.02,1408.65
932,1535.22,1413.75
933,1545.41,1418.96
934,1555.51,1424.06
935,1565.71,1429.27
936,1575.9,1434.37
937,1586.0,1439.58
938,1596.2,1444.68
939,1604.87,1451.22
940,1613.54,1457.76
941,1622.21,1464.42
942,1630.88,1470.96
943,1639.55,1477.5
944,1648.22,1484.04
945,1656.89,1490.58
946,1665.56,1497.23
947,1674.23,1503.78
948,1682.9,1510.32
949,1686.81,1513.42
950,1690.71,1516.53
951,1694.71,1519.63
952,1698.62,1522.73
953,1702.53,1525.84
954,1706.43,1529.05
955,1710.34,1532.16
956,1714.34,1535.26
957,1718.25,1538.37
958,1722.15,1541.47
959,1725.3,1543.58
960,1728.54,1545.57
961,1731.68,1547.68
962,1734.83,1549.68
963,1738.07,1551.78
964,1741.21,1553.78
965,1744.35,1555.89
966,1747.59,1557.88
967,1750.74,1559.99
968,1753.88,1562.09
969,1757.12,1564.09
970,1760.27,1566.2
971,1763.41,1568.19
972,1766.65,1570.3
973,1769.79,1572.29
974,1772.94,1574.4
975,1776.18,1576.4
976,1779.32,1578.5
977,1781.32,1579.83
978,1783.32,1581.05
979,1783.32,1581.05
980,1783.32,1581.05
981,1783.32,1581.05
982,1783.32,1581.05
983,1783.32,1581.05
984,1783.32,1581.05
985,1783.32,1581.05
986,1783.32,1581.05
987,1783.32,1581.05
988,1783.32,1581.05
989,1783.32,1581.05
990,1783.32,1581.05
991,1783.32,1581.05
992,1783.32,1581.05
993,1783.32,1581.05
994,1783.32,1581.05
995,1783.32,1581.05
996,1783.32,1581.05
997,1783.32,1581.05
998,1783.32,1581.05
999,1783.32,1581.05
1000,1783.32,1581.05
1001,1783.32,1581.05
1002,1783.32,1581.05
1003,1783.32,1581.05
1004,1783.32,1581.05
1005,1783.32,1581.05
1006,1783.32,1581.05
1007,1783.32,1581.05
1008,1783.32,1581.05
1009,1783.32,1581.05
1010,1783.32,1581.05
1011,1783.32,1581.05
1012,1783.32,1581.05
1013,1783.32,1581.05
1014,1783.32,1581.05
1015,1783.32,1581.05
1016,1783.32,1581.05
1017,1783.32,1581.05
1018,1783.32,1581.05
1019,1783.32,1581.05
1020,1783.32,1581.05
1021,1783.32,1581.05
1022,1783.32,1581.05
1023,1783.32,1581.05
1024,1783.32,1581.05
1025,1783.32,1581.05
1026,1783.32,1581.05
1027,1783.32,1581.05
1028,1783.32,1581.05
1029,1783.32,1581.05
1030,1783.32,1581.05
1031,1783.32,1581.05
1032,1783.32,1581.05
1033,1783.32,1581.05
1034,1783.32,1581.05
1035,1783.32,1581.05
1036,1783.32,1581.05
1037,1783.32,1581.05
1038,1783.32,1581.05
1039,1783.32,1581.05
1040,1783.32,1581.05
1041,1783.32,1581.05
1042,1783.32,1581.05
1043,1783.32,1581.05
1044,1783.32,1581.05
1045,1783.32,1581.05
1046,1783.32,1581.05
1047,1783.32,1581.05
1048,1783.32,1581.05
1049,1783.32,1581.05
1050,1783.32,1581.05
1051,1783.32,1581.05
1052,1783.32,1581.05
1053,1783.32,1581.05
1054,1783.32,1581.05
1055,1783.32,1581.05
1056,1783.32,1581.05
1057,1783.32,1581.05
1058,1783.32,1581.05
1059,1783.32,1581.05
1060,1783.32,1581.05
1061,1783.32,1581.05
1062,1783.32,1581.05
1063,1783.32,1581.05
1064,1783.32,1581.05
1065,1783.32,1581.05
1066,1783.32,1581.05
1067,1783.32,1581.05
1068,1783.32,1581.05
1069,1783.32,1581.05
1070,1783.32,1581.05
1071,1783.32,1581.05
1072,1783.32,1581.05
1073,1783.32,1581.05
1074,1783.32,1581.05
1075,1783.32,1581.05
1076,1783.32,1581.05
1077,1783.32,1581.05
1078,1783.32,1581.05
1079,1783.32,1581.05
1080,1783.32,1581.05
1081,1783.32,1581.05
1082,1783.32,1581.05
1083,1783.32,1581.05
1084,1783.32,1581.05
1085,1783.32,1581.05
1086,1783.32,1581.05
1087,1783.32,1581.05
1088,1783.32,1581.05
1089,1783.32,1581.05
1090,1783.32,1581.05
1091,1783.32,1581.16
1092,1783.32,1581.16
1093,1783.32,1581.16
1094,1783.32,1581.16
1095,1783.32,1581.16
1096,1783.32,1581.28
1097,1783.32,1581.28
1098,1783.32,1581.28
1099,1788.09,1584.93
1100,1792.76,1588.59
1101,1797.52,1592.25
1102,1802.19,1595.91
1103,1806.95,1599.57
1104,1811.62,1603.23
1105,1816.38,1606.89
1106,1821.05,1610.55
1107,1825.82,1614.2
1108,1830.49,1617.97
1109,1835.25,1621.63
1110,1840.01,1625.29
1111,1844.68,1628.95
1112,1849.45,1632.61
1113,1854.11,1636.27
1114,1858.88,1639.93
1115,1863.55,1643.59
1116,1868.31,1647.25
1117,1872.98,1650.9
1118,1877.74,1654.56
