703,4.95,1072.48
704,11.81,1072.7
705,18.67,1073.03
706,25.44,1073.25
707,32.3,1073.59
708,39.16,1073.81
709,46.02,1074.03
710,52.88,1074.36
711,59.64,1074.58
712,66.5,1074.92
713,73.36,1075.14
714,81.27,1075.03
715,89.18,1074.81
716,97.09,1074.7
717,105.0,1074.47
718,112.9,1074.36
719,120.81,1074.14
720,128.72,1073.92
721,136.63,1073.81
722,144.54,1073.59
723,152.45,1073.48
724,161.4,1073.36
725,170.36,1073.14
726,179.22,1073.03
727,188.17,1072.81
728,197.13,1072.7
729,206.09,1072.59
730,215.04,1072.37
731,223.9,1072.26
732,232.86,1072.03
733,241.82,1071.92
734,251.34,1071.7
735,260.97,1071.59
736,270.49,1071.37
737,280.12,1071.15
738,289.65,1071.04
739,299.27,1070.81
740,308.8,1070.59
741,318.42,1070.48
742,327.95,1070.26
743,337.48,1070.04
744,347.1,1069.93
745,356.63,1069.71
746,366.25,1069.6
747,375.78,1069.37
748,385.4,1069.15
749,394.93,1069.04
750,404.55,1068.82
751,414.08,1068.6
752,423.7,1068.49
753,433.23,1068.26
754,445.04,1067.27
755,456.86,1066.38
756,468.67,1065.38
757,480.49,1064.38
758,492.3,1063.5
759,504.02,1062.5
760,515.84,1061.61
761,527.65,1060.61
762,539.47,1059.62
763,551.28,1058.73
764,563.09,1057.73
765,572.81,1057.29
766,582.44,1056.84
767,592.15,1056.51
768,601.87,1056.07
769,611.5,1055.63
770,621.21,1055.18
771,630.93,1054.85
772,640.56,1054.41
773,650.27,1053.96
774,659.99,1053.52
775,669.62,1053.19
776,679.33,1052.74
777,694.01,1055.51
778,708.68,1058.18
779,723.35,1060.95
780,738.03,1063.72
781,752.7,1066.49
782,767.37,1069.15
783,782.04,1071.92
784,792.62,1074.92
785,803.2,1077.91
786,813.77,1080.9
787,824.35,1083.9
788,834.92,1086.89
789,845.4,1089.88
790,855.98,1092.88
791,866.56,1095.87
792,877.13,1098.87
793,887.71,1101.86
794,884.75,1109.84
795,881.8,1117.71
796,878.85,1125.7
797,875.89,1133.57
798,872.84,1141.55
799,869.89,1149.53
800,866.94,1157.41
801,863.98,1165.39
802,861.03,1173.26
803,858.08,1181.24
804,855.12,1189.23
805,852.17,1197.1
806,849.22,1205.08
807,846.26,1212.95
808,843.31,1220.94
809,840.26,1228.92
810,837.31,1236.79
811,834.35,1244.77
812,831.4,1252.65
813,828.44,1260.63
814,827.4,1263.73
815,826.25,1266.73
816,825.2,1269.83
817,824.06,1272.94
818,823.01,1275.93
819,821.97,1279.03
820,820.82,1282.14
821,819.77,1285.13
822,818.63,1288.24
823,817.58,1291.34
824,816.44,1294.34
825,815.39,1297.44
826,815.49,1297.66
827,815.68,1297.88
828,815.77,1298.11
829,815.96,1298.22
830,816.06,1298.44
831,816.25,1298.66
832,816.34,1298.88
833,816.53,1299.1
834,816.63,1299.32
835,816.82,1299.55
836,816.92,1299.66
837,817.11,1299.88
838,817.2,1300.1
839,817.3,1300.32
840,817.49,1300.54
841,817.58,1300.77
842,817.77,1300.99
843,817.87,1301.1
844,818.06,1301.32
845,818.15,1301.54
846,818.34,1301.76
847,818.44,1301.99
848,818.63,1302.21
849,818.73,1302.43
850,818.92,1302.54
851,819.01,1302.76
852,819.11,1302.98
853,819.3,1303.21
854,819.39,1303.43
855,819.58,1303.65
856,819.68,1303.87
857,819.87,1304.09
858,819.96,1304.2
859,820.16,1304.42
860,820.25,1304.65
861,820.44,1304.87
862,820.54,1305.09
863,820.73,1305.31
864,820.82,1305.53
865,821.01,1305.64
866,821.11,1305.87
867,821.2,1306.09
868,821.39,1306.31
869,821.49,1306.53
870,821.68,1306.75
871,821.77,1306.97
872,821.97,1307.09
873,822.06,1307.31
874,822.25,1307.53
875,822.35,1307.75
876,822.54,1307.97
877,822.63,1308.19
878,822.82,1308.42
879,822.92,1308.53
880,823.01,1308.75
881,823.2,1308.97
882,823.3,1309.19
883,823.49,1309.41
884,823.59,1309.64
885,823.78,1309.86
886,823.87,1309.97
887,824.06,1310.19
888,824.16,1310.41
889,824.35,1310.63
890,824.44,1310.86
891,824.63,1311.08
892,824.73,1311.3
893,824.82,1311.41
894,825.01,1311.63
895,825.11,1311.85
896,825.3,1312.08
897,825.4,1312.3
898,825.59,1312.52
899,825.68,1312.74
900,825.87,1312.85
901,825.97,1313.07
902,826.16,1313.29
903,826.25,1313.52
904,826.44,1313.74
905,826.54,1313.96
906,826.63,1314.18
907,826.82,1314.29
908,826.92,1314.51
909,827.11,1314.74
910,827.21,1314.96
911,827.4,1315.18
912,827.49,1315.4
913,827.68,1315.62
914,827.78,1315.73
915,827.97,1315.96
916,828.06,1316.18
917,828.25,1316.4
918,828.35,1316.62
919,828.54,1316.84
920,828.63,1317.06
921,828.73,1317.29
922,828.92,1317.4
923,829.02,1317.62
924,829.21,1317.84
925,829.3,1318.06
926,829.49,1318.28
927,829.59,1318.51
928,829.78,1318.73
929,829.87,1318.84
930,830.06,1319.06
931,830.16,1319.28
932,830.35,1319.5
933,830.45,1319.73
934,830.54,1319.95
935,830.73,1320.17
936,830.83,1320.28
937,831.02,1320.5
938,831.11,1320.72
939,831.3,1320.94
940,831.4,1321.17
941,831.59,1321.39
942,831.68,1321.61
943,831.87,1321.72
944,831.97,1321.94
945,832.16,1322.16
946,832.26,1322.39
947,832.16,1322.28
948,831.97,1322.28
949,831.87,1322.16
950,831.68,1322.16
951,831.59,1322.05
952,831.4,1322.05
953,831.3,1321.94
954,831.3,1321.94
955,831.3,1321.94
956,831.3,1321.94
957,831.3,1321.94
958,831.3,1321.94
959,831.3,1321.94
960,831.3,1321.94
961,831.3,1321.94
962,831.3,1321.94
963,831.3,1321.94
964,831.3,1321.94
965,831.3,1321.94
966,831.3,1321.94
967,831.3,1321.94
968,831.3,1321.94
969,831.3,1321.94
970,831.3,1321.94
971,831.3,1321.94
972,831.3,1321.94
973,831.3,1321.94
974,831.3,1321.94
975,831.3,1321.94
976,831.3,1321.94
977,831.3,1321.94
978,831.3,1321.94
979,831.3,1321.94
980,831.3,1321.94
981,831.3,1321.94
982,831.3,1321.94
983,831.3,1321.94
984,831.3,1321.94
985,831.3,1321.94
986,831.3,1321.94
987,831.3,1321.94
988,831.3,1321.94
989,831.3,1321.94
990,831.3,1321.94
991,831.3,1321.94
992,831.3,1321.94
993,831.3,1321.94
994,831.3,1321.94
995,831.3,1321.94
996,831.3,1321.94
997,831.3,1321.94
998,831.3,1321.94
999,831.3,1321.94
1000,831.3,1321.94
1001,831.3,1321.94
1002,831.3,1321.94
1003,831.3,1321.94
1004,831.3,1321.94
1005,831.3,1321.94
1006,831.3,1321.94
1007,831.3,1321.94
1008,831.3,1321.94
1009,831.3,1321.94
1010,831.3,1321.94
1011,831.3,1321.94
1012,831.3,1321.94
1013,831.3,1321.94
1014,831.3,1321.94
1015,831.3,1321.94
1016,831.3,1321.94
1017,831.3,1321.94
1018,831.3,1321.94
1019,831.3,1321.94
1020,831.3,1321.94
1021,831.3,1321.94
1022,831.3,1321.94
1023,831.3,1321.94
1024,831.3,1321.94
1025,831.3,1321.94
1026,831.3,1321.94
1027,831.3,1321.94
1028,831.3,1321.94
1029,831.3,1321.94
1030,831.3,1321.94
1031,831.3,1321.94
1032,831.3,1321.94
1033,831.3,1321.94
1034,831.3,1321.94
1035,831.3,1321.94
1036,831.3,1321.94
1037,831.3,1321.94
1038,831.3,1321.94
1039,831.3,1321.94
1040,831.3,1321.94
1041,831.3,1321.94
1042,831.3,1321.94
1043,831.3,1321.94
1044,831.3,1321.94
1045,831.3,1321.94
1046,831.3,1321.94
1047,831.3,1321.94
1048,831.3,1321.94
1049,831.3,1321.94
1050,831.3,1321.94
1051,831.3,1321.94
1052,831.3,1321.94
1053,831.3,1321.94
1054,831.3,1321.94
1055,831.3,1321.94
1056,831.3,1321.94
1057,831.3,1321.94
1058,831.3,1321.94
1059,831.3,1321.94
1060,831.3,1321.94
1061,831.3,1321.94
1062,831.3,1321.94
1063,831.3,1321.94
1064,831.21,1321.94
1065,831.11,1322.05
1066,831.02,1322.05
1067,830.92,1322.05
1068,830.83,1322.16
1069,830.83,1322.16
1070,830.73,1322.28
1071,830.64,1322.28
1072,830.54,1322.28
1073,830.45,1322.39
1074,830.35,1322.39
1075,830.35,1322.39
1076,830.35,1322.39
1077,830.35,1322.39
1078,830.35,1322.39
1079,830.35,1322.39
1080,830.35,1322.39
1081,830.35,1322.39
1082,830.35,1322.39
1083,830.35,1322.39
1084,830.35,1322.39
1085,830.35,1322.39
1086,830.35,1322.39
1087,830.35,1322.39
1088,830.35,1322.39
1089,830.35,1322.39
1090,830.35,1322.39
1091,830.35,1322.39
1092,830.35,1322.39
1093,830.35,1322.39
1094,830.35,1322.39
1095,830.35,1322.39
1096,830.35,1322.39
1097,830.35,1322.39
1098,830.35,1322.39
1099,830.35,1322.39
1100,830.35,1322.39
1101,830.35,1322.39
1102,830.35,1322.39
1103,830.35,1322.39
1104,830.35,1322.39
1105,830.35,1322.39
1106,830.35,1322.39
1107,830.35,1322.39
1108,830.35,1322.39
1109,830.35,1322.39
1110,830.35,1322.39
1111,830.35,1322.39
1112,830.35,1322.39
1113,830.35,1322.39
1114,830.35,1322.39
1115,830.35,1322.39
1116,830.35,1322.39
1117,830.35,1322.39
1118,830.35,1322.39
1119,830.35,1322.39
1120,830.35,1322.39
1121,830.35,1322.39
1122,830.35,1322.39
1123,830.35,1322.39
1124,830.35,1322.39
1125,830.35,1322.39
1126,830.35,1322.39
1127,830.35,1322.39
1128,830.35,1322.39
1129,830.35,1322.39
1130,830.35,1322.39
1131,830.35,1322.39
1132,830.35,1322.39
1133,830.35,1322.39
1134,830.35,1322.39
1135,830.35,1322.39
1136,830.35,1322.39
1137,830.35,1322.39
1138,830.35,1322.39
1139,830.35,1322.39
1140,830.35,1322.39
1141,830.35,1322.39
1142,830.35,1322.39
1143,830.35,1322.39
1144,830.35,1322.39
1145,830.35,1322.39
1146,830.35,1322.39
1147,830.35,1322.39
1148,830.35,1322.39
1149,830.35,1322.39
1150,830.35,1322.39
1151,830.35,1322.39
1152,830.35,1322.39
1153,830.35,1322.39
1154,830.35,1322.39
1155,830.35,1322.39
1156,830.35,1322.39
1157,830.35,1322.39
1158,830.35,1322.39
1159,830.35,1322.39
1160,830.35,1322.39
1161,830.35,1322.39
1162,830.35,1322.39
1163,830.35,1322.39
1164,830.35,1322.39
1165,830.35,1322.39
1166,830.35,1322.39
1167,830.35,1322.39
1168,830.35,1322.39
1169,830.35,1322.39
1170,830.35,1322.39
1171,830.35,1322.39
1172,830.35,1322.39
1173,830.35,1322.39
1174,830.35,1322.39
1175,830.35,1322.39
1176,830.35,1322.39
1177,830.35,1322.39
1178,830.35,1322.39
1179,830.35,1322.39
1180,830.35,1322.39
1181,830.35,1322.39
1182,830.35,1322.39
1183,830.35,1322.39
1184,830.35,1322.39
1185,830.25,1322.39
1186,830.25,1322.39
1187,830.25,1322.39
1188,830.16,1322.39
1189,830.16,1322.5
1190,830.16,1322.5
1191,830.16,1322.5
1192,830.06,1322.5
1193,830.06,1322.5
