725,1901.56,2066.68
726,1891.27,2063.13
727,1880.98,2059.58
728,1870.69,2056.15
729,1860.4,2052.6
730,1850.11,2049.05
731,1839.82,2045.5
732,1829.53,2041.95
733,1819.24,2038.52
734,1808.95,2034.97
735,1798.66,2031.42
736,1796.76,2033.53
737,1794.95,2035.52
738,1793.04,2037.63
739,1791.14,2039.63
740,1789.33,2041.73
741,1787.42,2043.84
742,1785.51,2045.83
743,1783.7,2047.94
744,1781.8,2050.05
745,1779.89,2052.04
746,1778.08,2054.15
747,1776.18,2056.15
748,1774.27,2058.25
749,1772.46,2060.36
750,1770.56,2062.35
751,1768.65,2064.46
752,1766.84,2066.57
753,1764.93,2068.56
754,1763.03,2070.67
755,1761.22,2072.67
756,1759.31,2074.77
757,1758.65,2076.77
758,1757.98,2078.76
759,1757.22,2080.87
760,1756.55,2082.87
761,1755.88,2084.86
762,1755.22,2086.86
763,1754.45,2088.96
764,1753.79,2090.96
765,1753.12,2092.96
766,1752.26,2094.62
767,1751.4,2096.28
768,1750.64,2097.95
769,1749.79,2099.61
770,1748.93,2101.27
771,1748.07,2103.05
772,1747.21,2104.71
773,1746.36,2106.37
774,1745.59,2108.03
775,1744.74,2109.7
776,1743.88,2111.36
777,1743.69,2111.25
778,1743.5,2111.14
779,1743.31,2111.03
780,1743.12,2110.92
781,1742.93,2110.92
782,1742.64,2110.81
783,1742.45,2110.7
784,1742.26,2110.58
785,1742.07,2110.58
786,1741.88,2110.47
787,1741.59,2110.36
788,1741.4,2110.36
789,1741.21,2110.25
790,1740.92,2110.25
791,1740.54,2110.36
792,1740.26,2110.36
793,1739.97,2110.47
794,1739.59,2110.47
795,1739.3,2110.58
796,1739.02,2110.58
797,1738.64,2110.7
798,1738.35,2110.7
799,1738.35,2110.81
800,1738.26,2110.92
801,1738.26,2111.03
802,1738.16,2111.14
803,1738.16,2111.25
804,1738.16,2111.36
805,1738.07,2111.47
806,1738.07,2111.58
807,1737.97,2111.69
808,1737.97,2111.92
809,1737.97,2112.03
810,1737.88,2112.14
811,1737.88,2112.25
812,1737.78,2112.36
813,1737.78,2112.47
814,1737.78,2112.58
815,1737.68,2112.69
816,1737.68,2112.8
817,1737.59,2112.91
818,1737.59,2113.02
819,1737.02,2114.69
820,1736.45,2116.35
821,1735.87,2118.01
822,1735.3,2119.68
823,1734.73,2121.34
824,1734.06,2123.0
825,1733.49,2124.67
826,1732.92,2126.33
827,1732.35,2127.99
828,1731.78,2129.66
829,1731.21,2131.32
830,1730.73,2131.98
831,1730.35,2132.65
832,1729.87,2133.31
833,1729.4,2133.98
834,1728.92,2134.64
835,1728.54,2135.2
836,1728.06,2135.86
837,1727.59,2136.53
838,1727.2,2137.19
839,1726.73,2137.86
840,1725.58,2140.41
841,1724.54,2142.96
842,1723.39,2145.51
843,1722.25,2148.06
844,1721.2,2150.61
845,1720.06,2153.05
846,1718.91,2155.6
847,1717.87,2158.15
848,1716.72,2160.7
849,1715.58,2163.25
850,1714.53,2165.8
851,1713.39,2168.35
852,1713.1,2172.23
853,1714.25,2177.33
854,1713.77,2178.22
855,1713.29,2178.99
856,1712.72,2179.88
857,1712.25,2180.66
858,1711.77,2181.43
859,1711.2,2182.32
860,1710.72,2183.21
861,1710.24,2183.98
862,1709.77,2184.87
863,1709.2,2185.65
864,1708.72,2186.42
865,1708.24,2187.31
866,1707.77,2188.2
867,1707.29,2188.97
868,1706.72,2189.86
869,1706.24,2190.64
870,1705.77,2191.41
871,1705.29,2192.3
872,1704.72,2193.19
873,1704.24,2193.96
874,1703.77,2194.29
875,1703.29,2194.74
876,1702.81,2195.07
877,1702.34,2195.4
878,1701.86,2195.85
879,1701.38,2196.18
880,1700.91,2196.62
881,1700.43,2196.96
882,1699.95,2197.29
883,1699.48,2197.73
884,1699.0,2198.06
885,1698.53,2198.62
886,1698.05,2199.06
887,1697.57,2199.62
888,1697.1,2200.17
889,1696.72,2200.61
890,1696.24,2201.17
891,1695.76,2201.72
892,1695.29,2202.28
893,1694.81,2202.72
894,1694.33,2203.27
895,1693.76,2203.27
896,1693.19,2203.39
897,1692.62,2203.5
898,1692.05,2203.5
899,1691.47,2203.61
900,1690.9,2203.61
901,1690.33,2203.61
902,1689.76,2203.72
903,1689.19,2203.72
904,1688.62,2203.83
905,1687.95,2204.16
906,1687.28,2204.49
907,1686.71,2204.83
908,1686.04,2205.16
909,1685.38,2205.49
910,1684.71,2205.94
911,1684.04,2206.27
912,1683.47,2206.6
913,1682.8,2206.93
914,1682.14,2207.27
915,1681.76,2207.71
916,1681.38,2208.15
917,1680.99,2208.6
918,1680.52,2209.04
919,1680.14,2209.48
920,1679.76,2209.93
921,1679.37,2210.37
922,1678.99,2210.81
923,1678.61,2211.26
924,1678.14,2211.7
925,1677.75,2212.03
926,1677.37,2212.48
927,1676.99,2212.92
928,1676.61,2213.36
929,1676.23,2213.81
930,1675.85,2214.25
931,1675.37,2214.69
932,1674.99,2215.14
933,1674.61,2215.58
934,1674.23,2216.03
935,1672.8,2215.91
936,1671.37,2215.8
937,1669.94,2215.58
938,1668.51,2215.47
939,1667.08,2215.36
940,1665.65,2215.25
941,1664.23,2215.14
942,1662.8,2214.92
943,1661.37,2214.81
944,1659.94,2214.69
945,1658.51,2214.58
946,1657.08,2214.47
947,1655.65,2214.25
948,1654.22,2214.14
949,1652.79,2214.03
950,1651.36,2213.92
951,1649.93,2213.81
952,1648.5,2213.59
953,1647.08,2213.48
954,1645.65,2213.36
955,1644.22,2213.25
956,1642.79,2213.14
957,1641.36,2212.92
958,1639.93,2212.81
959,1638.5,2212.7
960,1637.07,2212.59
961,1635.64,2212.48
962,1634.21,2212.26
963,1632.78,2212.14
964,1631.35,2212.03
965,1629.93,2211.92
966,1628.5,2211.81
967,1627.07,2211.59
968,1625.64,2211.48
969,1624.21,2211.37
970,1622.78,2211.26
971,1621.35,2211.15
972,1619.92,2210.93
973,1618.49,2210.81
974,1617.06,2210.7
975,1615.63,2210.59
976,1614.2,2210.48
977,1612.77,2210.26
978,1611.35,2210.15
979,1609.92,2210.04
980,1608.49,2209.93
981,1607.06,2209.82
982,1605.63,2209.59
983,1604.2,2209.48
984,1602.77,2209.37
985,1601.34,2209.26
986,1599.91,2209.15
987,1598.48,2208.93
988,1597.05,2208.82
989,1595.62,2208.71
990,1594.2,2208.6
991,1592.77,2208.49
992,1591.34,2208.26
993,1589.91,2208.15
994,1588.48,2208.04
995,1583.24,2208.26
996,1578.0,2208.38
997,1578.09,2207.04
998,1578.19,2205.71
999,1578.38,2204.38
1000,1578.47,2203.05
1001,1578.09,2202.61
1002,1577.71,2202.28
1003,1577.33,2201.83
1004,1576.95,2201.39
1005,1576.57,2201.06
1006,1576.09,2200.61
1007,1575.71,2200.28
1008,1575.33,2199.84
1009,1574.95,2199.39
1010,1574.57,2199.06
1011,1574.19,2198.62
1012,1574.19,2198.84
1013,1574.19,2199.06
1014,1574.09,2199.28
1015,1574.09,2199.51
1016,1574.09,2199.73
1017,1574.09,2199.95
1018,1574.09,2200.17
1019,1574.0,2200.39
1020,1574.0,2200.61
1021,1574.0,2200.84
1022,1573.62,2200.61
1023,1573.33,2200.28
1024,1572.95,2200.06
1025,1572.66,2199.73
1026,1572.28,2199.51
1027,1572.0,2199.17
1028,1571.61,2198.95
1029,1571.33,2198.62
1030,1570.95,2198.4
1031,1570.76,2198.17
1032,1570.66,2197.84
1033,1570.47,2197.62
1034,1570.38,2197.4
1035,1570.19,2197.18
1036,1570.09,2196.84
1037,1569.9,2196.62
1038,1569.8,2196.4
1039,1569.61,2196.07
1040,1569.52,2195.85
1041,1569.33,2195.62
1042,1569.14,2195.29
1043,1569.04,2195.07
1044,1568.85,2194.85
1045,1568.76,2194.52
1046,1568.57,2194.29
1047,1568.47,2194.07
1048,1568.28,2193.85
1049,1568.18,2193.52
1050,1567.99,2193.3
1051,1567.99,2193.19
1052,1567.99,2193.07
1053,1567.9,2193.07
1054,1567.9,2192.96
1055,1567.9,2192.85
1056,1567.9,2192.74
1057,1567.9,2192.63
1058,1567.9,2192.52
1059,1567.8,2192.52
1060,1567.8,2192.41
1061,1567.8,2192.3
1062,1567.9,2192.3
1063,1567.9,2192.3
1064,1567.99,2192.3
1065,1567.99,2192.3
1066,1567.99,2192.3
1067,1568.09,2192.3
1068,1568.09,2192.3
1069,1568.18,2192.3
1070,1568.18,2192.3
1071,1568.28,2192.3
1072,1567.9,2192.08
1073,1567.52,2191.85
1074,1567.04,2191.63
1075,1566.66,2191.41
1076,1566.28,2191.19
1077,1565.9,2190.97
1078,1565.52,2190.75
1079,1565.04,2190.52
1080,1564.66,2190.3
1081,1564.28,2190.08
1082,1563.99,2189.97
1083,1563.61,2189.86
1084,1563.33,2189.75
1085,1562.94,2189.53
1086,1562.66,2189.42
1087,1562.28,2189.3
1088,1561.99,2189.19
1089,1561.61,2189.08
1090,1561.32,2188.97
1091,1561.04,2188.86
1092,1560.66,2188.75
1093,1560.37,2188.53
1094,1559.99,2188.42
1095,1559.7,2188.31
1096,1559.32,2188.2
1097,1559.04,2188.09
1098,1558.94,2187.75
1099,1558.85,2187.42
1100,1558.75,2187.09
1101,1558.66,2186.87
1102,1558.56,2186.53
1103,1558.47,2186.2
1104,1558.37,2185.87
1105,1558.28,2185.54
1106,1558.18,2185.2
1107,1558.09,2184.98
1108,1557.99,2184.65
1109,1557.89,2184.32
1110,1557.8,2183.98
1111,1557.8,2183.87
1112,1557.7,2183.76
1113,1557.7,2183.65
1114,1557.7,2183.54
1115,1557.7,2183.32
1116,1557.61,2183.21
1117,1557.61,2183.1
1118,1557.61,2182.99
1119,1557.51,2182.87
1120,1557.51,2182.76
1121,1557.42,2182.76
1122,1557.32,2182.65
1123,1557.23,2182.65
1124,1557.13,2182.54
1125,1557.04,2182.54
1126,1557.04,2182.54
1127,1556.94,2182.43
1128,1556.85,2182.43
1129,1556.75,2182.32
1130,1556.66,2182.32
1131,1556.66,2182.32
1132,1556.56,2182.21
1133,1556.56,2182.21
1134,1556.47,2182.21
1135,1556.47,2182.1
1136,1556.37,2182.1
1137,1556.27,2182.1
1138,1556.27,2182.1
1139,1556.27,2181.99
1140,1556.18,2181.99
1141,1556.08,2181.88
1142,1555.89,2181.88
1143,1555.7,2181.77
1144,1555.61,2181.65
1145,1555.51,2181.54
1146,1555.32,2181.54
1147,1555.13,2181.43
1148,1555.04,2181.32
1149,1554.85,2181.32
1150,1554.75,2181.21
1151,1553.32,2180.99
1152,1551.99,2180.88
1153,1550.56,2180.66
1154,1549.13,2180.44
1155,1547.8,2180.32
1156,1546.37,2180.1
1157,1545.03,2179.99
1158,1543.6,2179.77
1159,1542.17,2179.55
1160,1540.84,2179.44
1161,1539.41,2179.22
1162,1537.98,2178.99
1163,1536.65,2178.88
1164,1535.22,2178.66
1165,1533.79,2178.44
1166,1532.46,2178.33
1167,1531.03,2178.11
1168,1529.6,2177.88
1169,1528.26,2177.77
1170,1526.83,2177.55
1171,1525.5,2177.44
1172,1524.07,2177.22
1173,1522.64,2177.0
1174,1521.31,2176.89
1175,1519.88,2176.67
1176,1516.73,2175.89
1177,1513.59,2175.11
1178,1510.35,2174.34
1179,1507.21,2173.56
1180,1504.06,2172.9
1181,1500.92,2172.12
1182,1497.68,2171.34
1183,1494.53,2170.57
1184,1491.39,2169.79
1185,1490.25,2170.23
1186,1489.2,2170.79
1187,1488.15,2171.34
1188,1487.01,2171.79
1189,1485.96,2172.23
1190,1484.82,2172.78
1191,1483.77,2173.23
1192,1482.62,2173.78
1193,1481.58,2174.23
1194,1480.43,2174.78
