727,640.27,2209.15
728,641.79,2200.28
729,643.32,2191.41
730,644.75,2182.65
731,646.27,2173.78
732,647.8,2164.91
733,649.32,2156.04
734,650.85,2147.17
735,652.27,2138.41
736,653.8,2129.54
737,655.32,2120.67
738,656.94,2112.03
739,658.56,2103.38
740,660.18,2094.73
741,661.8,2086.19
742,663.42,2077.54
743,665.14,2068.9
744,666.76,2060.25
745,668.38,2051.6
746,670.0,2042.95
747,671.62,2034.3
748,673.24,2025.77
749,674.86,2017.12
750,676.48,2008.47
751,678.1,1999.82
752,679.81,1991.17
753,681.43,1982.53
754,683.05,1973.99
755,684.67,1965.34
756,686.29,1956.69
757,687.91,1948.04
758,688.86,1938.18
759,689.91,1928.42
760,690.86,1918.55
761,691.82,1908.68
762,692.77,1898.93
763,693.82,1889.06
764,694.77,1879.19
765,695.72,1869.32
766,696.77,1859.57
767,697.72,1849.7
768,698.39,1840.39
769,698.96,1830.96
770,699.63,1821.65
771,700.3,1812.34
772,700.87,1802.91
773,701.53,1793.6
774,702.2,1784.28
775,702.87,1774.97
776,703.44,1765.55
777,704.11,1756.23
778,704.58,1747.81
779,705.06,1739.38
780,705.44,1730.84
781,705.92,1722.42
782,706.39,1713.99
783,706.87,1705.56
784,707.35,1697.14
785,707.73,1688.6
786,708.2,1680.17
787,708.68,1671.75
788,709.25,1662.99
789,709.82,1654.23
790,710.39,1645.58
791,710.97,1636.82
792,711.54,1628.06
793,712.01,1619.31
794,712.59,1610.55
795,713.16,1601.9
796,713.73,1593.14
797,714.3,1584.38
798,715.54,1573.74
799,716.87,1563.2
800,718.11,1552.56
801,719.45,1541.92
802,720.68,1531.27
803,722.02,1520.74
804,723.35,1510.09
805,724.59,1499.45
806,725.92,1488.81
807,727.16,1478.16
808,728.4,1467.63
809,729.74,1456.99
810,730.97,1446.34
811,732.31,1435.7
812,733.55,1425.17
813,734.88,1414.52
814,736.22,1403.88
815,737.45,1393.23
816,738.79,1382.7
817,740.03,1372.06
818,745.36,1361.19
819,750.7,1350.22
820,756.03,1339.35
821,761.37,1328.37
822,766.7,1317.51
823,771.94,1306.53
824,777.28,1295.67
825,782.62,1284.69
826,787.95,1273.82
827,793.29,1262.85
828,798.62,1251.98
829,804.62,1236.68
830,810.63,1221.38
831,816.63,1206.08
832,822.63,1190.78
833,828.63,1175.48
834,823.68,1162.84
835,818.63,1150.2
836,813.68,1137.56
837,803.29,1130.35
838,792.81,1123.26
839,782.33,1116.16
840,771.94,1108.96
841,757.94,1107.74
842,743.93,1106.41
843,729.93,1105.19
844,715.92,1103.85
845,701.91,1102.64
846,688.0,1101.42
847,674.0,1100.09
848,659.99,1098.87
849,645.99,1097.54
850,631.98,1096.32
851,616.74,1096.65
852,601.49,1096.87
853,586.15,1097.2
854,570.91,1097.42
855,555.66,1097.76
856,540.42,1097.98
857,525.08,1098.2
858,509.83,1098.53
859,494.59,1098.87
860,479.34,1099.09
861,464.01,1099.31
862,448.76,1099.64
863,433.52,1099.97
864,418.27,1100.2
865,402.93,1100.42
866,387.69,1100.75
867,372.44,1101.08
868,357.1,1101.3
869,341.86,1101.53
870,326.61,1101.86
871,312.42,1101.3
872,298.32,1100.75
873,284.12,1100.2
874,270.02,1099.64
875,255.82,1099.09
876,241.63,1098.53
877,227.52,1097.98
878,213.33,1097.42
879,199.23,1096.87
880,185.03,1096.32
881,168.74,1096.09
882,152.45,1095.98
883,136.15,1095.76
884,119.86,1095.65
885,103.57,1095.43
886,87.37,1095.21
887,71.08,1095.1
888,54.78,1094.87
889,38.49,1094.76
890,22.2,1094.54
