775,1838.2,1666.09
776,1831.72,1663.43
777,1825.25,1660.77
778,1818.77,1658.11
779,1812.29,1655.34
780,1805.81,1652.68
781,1799.33,1650.02
782,1792.85,1647.36
783,1786.66,1650.9
784,1780.46,1654.45
785,1775.51,1662.66
786,1770.56,1670.97
787,1765.6,1679.18
788,1760.65,1687.38
789,1755.69,1695.59
790,1750.74,1703.9
791,1745.78,1712.11
792,1740.83,1720.31
793,1735.87,1728.63
794,1730.92,1736.83
795,1729.01,1739.71
796,1727.2,1742.6
797,1725.3,1745.48
798,1723.39,1748.36
799,1721.58,1751.24
800,1719.68,1754.13
801,1717.77,1757.01
802,1715.87,1759.89
803,1714.06,1762.78
804,1712.15,1765.66
805,1710.24,1768.54
806,1708.43,1771.42
807,1706.53,1774.31
808,1704.62,1777.19
809,1702.72,1780.07
810,1700.91,1782.95
811,1699.0,1785.84
812,1697.1,1788.72
813,1695.29,1791.6
814,1693.38,1794.48
815,1692.71,1795.37
816,1692.05,1796.37
817,1691.47,1797.26
818,1690.81,1798.14
819,1690.14,1799.14
820,1689.47,1800.03
821,1688.81,1800.92
822,1688.24,1801.8
823,1687.57,1802.8
824,1686.9,1803.69
825,1685.47,1805.9
826,1684.04,1808.23
827,1682.61,1810.45
828,1681.18,1812.78
829,1679.76,1815.0
830,1678.33,1817.21
831,1676.9,1819.54
832,1675.47,1821.76
833,1674.04,1824.09
834,1672.61,1826.31
835,1672.23,1826.86
836,1671.94,1827.41
837,1671.56,1827.86
838,1671.18,1828.41
839,1670.8,1828.97
840,1670.51,1829.52
841,1670.13,1830.08
842,1669.75,1830.52
843,1669.47,1831.07
844,1669.08,1831.63
845,1669.08,1831.63
846,1669.08,1831.63
847,1669.08,1831.63
848,1669.08,1831.63
849,1669.08,1831.63
850,1669.08,1831.63
851,1669.08,1831.63
852,1669.08,1831.63
853,1669.08,1831.63
854,1669.08,1831.63
855,1669.08,1831.63
856,1669.08,1831.63
857,1669.08,1831.63
858,1669.08,1831.63
859,1669.08,1831.63
860,1669.08,1831.63
861,1669.08,1831.63
862,1669.08,1831.63
863,1669.08,1831.63
864,1669.08,1831.63
865,1669.08,1831.63
866,1669.08,1831.63
867,1669.08,1831.63
868,1669.08,1831.63
869,1669.08,1831.63
870,1669.08,1831.63
871,1669.08,1831.63
872,1669.08,1831.63
873,1669.08,1831.63
874,1669.08,1831.63
875,1669.08,1831.63
876,1669.08,1831.63
877,1669.08,1831.63
878,1669.08,1831.63
879,1669.08,1831.63
880,1669.08,1831.63
881,1669.08,1831.63
882,1669.08,1831.63
883,1669.08,1831.63
884,1669.08,1831.63
885,1669.08,1831.63
886,1669.08,1831.63
887,1669.08,1831.63
888,1669.08,1831.63
889,1669.08,1831.63
890,1669.08,1831.63
891,1669.08,1831.63
892,1669.08,1831.63
893,1669.08,1831.63
894,1669.08,1831.63
895,1669.08,1831.63
896,1669.08,1831.63
897,1669.08,1831.63
898,1669.08,1831.63
899,1669.08,1831.63
900,1669.08,1831.63
901,1669.08,1831.63
902,1669.08,1831.63
903,1669.08,1831.63
904,1669.08,1831.63
905,1669.08,1831.63
906,1669.08,1831.63
907,1669.08,1831.63
908,1669.08,1831.63
909,1669.08,1831.63
910,1669.08,1831.63
911,1669.08,1831.63
912,1669.08,1831.63
913,1669.08,1831.63
914,1669.08,1831.63
915,1669.08,1831.63
916,1669.08,1831.63
917,1669.08,1831.63
918,1669.08,1831.63
919,1669.08,1831.63
920,1669.08,1831.63
921,1669.08,1831.63
922,1669.08,1831.63
923,1669.08,1831.63
924,1669.08,1831.63
925,1669.08,1831.63
926,1669.08,1831.63
927,1669.08,1831.63
928,1669.08,1831.63
929,1669.08,1831.63
930,1669.08,1831.63
931,1669.08,1831.63
932,1669.08,1831.63
933,1669.08,1831.63
934,1669.08,1831.63
935,1669.08,1831.63
936,1669.08,1831.63
937,1669.08,1831.63
938,1669.08,1831.63
939,1669.08,1831.63
940,1669.08,1831.63
941,1669.08,1831.63
942,1669.08,1831.63
943,1669.08,1831.63
944,1669.08,1831.63
945,1669.08,1831.63
946,1669.08,1831.63
947,1669.08,1831.63
948,1669.08,1831.63
949,1669.08,1831.63
950,1669.08,1831.63
951,1669.08,1831.63
952,1669.08,1831.63
953,1669.08,1831.63
954,1669.08,1831.63
955,1669.08,1831.63
956,1669.08,1831.63
957,1669.08,1831.63
958,1669.08,1831.63
959,1669.08,1831.63
960,1669.08,1831.63
961,1669.08,1831.63
962,1669.08,1831.63
963,1669.08,1831.63
964,1669.08,1831.63
965,1669.08,1831.63
966,1669.08,1831.63
967,1669.08,1831.63
968,1669.08,1831.63
969,1669.08,1831.63
970,1669.08,1831.63
971,1669.08,1831.63
972,1669.08,1831.63
973,1669.08,1831.63
974,1669.08,1831.63
975,1669.08,1831.63
976,1669.08,1831.63
977,1669.08,1831.63
978,1669.08,1831.63
979,1669.08,1831.63
980,1669.08,1831.63
981,1669.08,1831.63
982,1669.08,1831.63
983,1669.08,1831.63
984,1669.08,1831.63
985,1669.08,1831.63
986,1669.08,1831.63
987,1669.08,1831.63
988,1669.08,1831.63
989,1669.08,1831.63
990,1669.08,1831.63
991,1669.08,1831.63
992,1669.08,1831.63
993,1669.08,1831.63
994,1669.08,1831.63
995,1669.08,1831.63
996,1668.8,1832.07
997,1668.51,1832.51
998,1668.32,1833.07
999,1668.04,1833.51
1000,1667.75,1833.96
1001,1667.46,1834.4
1002,1667.18,1834.84
1003,1666.99,1835.4
1004,1666.7,1835.84
1005,1666.42,1836.28
1006,1663.94,1840.28
1007,1661.46,1844.27
1008,1658.98,1848.15
1009,1656.51,1852.14
1010,1654.03,1856.13
1011,1651.55,1860.12
1012,1649.08,1864.11
1013,1646.6,1867.99
1014,1644.12,1871.99
1015,1641.64,1875.98
1016,1641.17,1876.75
1017,1640.79,1877.42
1018,1640.41,1878.19
1019,1639.93,1878.97
1020,1639.45,1879.75
1021,1639.07,1880.41
1022,1638.6,1881.19
1023,1638.21,1881.96
1024,1637.74,1882.63
1025,1637.36,1883.41
1026,1637.36,1883.41
1027,1637.36,1883.41
1028,1637.36,1883.41
1029,1637.36,1883.41
1030,1637.36,1883.41
1031,1637.36,1883.41
1032,1637.36,1883.41
1033,1637.36,1883.41
1034,1637.36,1883.41
1035,1637.36,1883.41
1036,1637.36,1883.41
1037,1637.36,1883.41
1038,1637.36,1883.41
1039,1637.36,1883.41
1040,1637.36,1883.41
1041,1637.36,1883.41
1042,1637.36,1883.41
1043,1637.36,1883.41
1044,1637.36,1883.41
1045,1637.36,1883.41
1046,1637.36,1883.41
1047,1637.36,1883.41
1048,1637.36,1883.41
1049,1637.36,1883.41
1050,1637.36,1883.41
1051,1637.36,1883.41
1052,1637.36,1883.41
1053,1637.36,1883.41
1054,1637.36,1883.41
1055,1637.36,1883.41
1056,1637.36,1883.41
1057,1637.36,1883.41
1058,1637.36,1883.41
1059,1637.36,1883.41
1060,1637.36,1883.41
1061,1637.36,1883.41
1062,1637.36,1883.41
1063,1637.36,1883.41
1064,1637.36,1883.41
1065,1637.36,1883.41
1066,1637.36,1883.41
1067,1637.36,1883.41
1068,1637.36,1883.41
1069,1637.36,1883.41
1070,1637.36,1883.41
1071,1637.36,1883.41
1072,1637.36,1883.41
1073,1637.36,1883.41
1074,1637.36,1883.41
1075,1637.36,1883.41
1076,1637.36,1883.41
1077,1637.36,1883.41
1078,1637.36,1883.41
1079,1637.36,1883.41
1080,1637.36,1883.41
1081,1637.36,1883.41
1082,1637.36,1883.41
1083,1637.36,1883.41
1084,1637.36,1883.41
1085,1637.36,1883.41
1086,1637.36,1883.41
1087,1637.36,1883.41
1088,1637.36,1883.41
1089,1637.36,1883.41
1090,1637.36,1883.41
1091,1637.36,1883.41
1092,1637.36,1883.41
1093,1637.36,1883.41
1094,1637.36,1883.41
1095,1637.36,1883.41
1096,1637.36,1883.41
1097,1637.36,1883.41
1098,1637.36,1883.41
1099,1637.36,1883.41
1100,1637.36,1883.41
1101,1637.36,1883.41
1102,1637.36,1883.41
1103,1637.36,1883.41
1104,1637.36,1883.41
1105,1637.36,1883.41
1106,1637.36,1883.41
1107,1637.36,1883.41
1108,1637.36,1883.41
1109,1637.36,1883.41
1110,1637.36,1883.41
1111,1637.36,1883.41
1112,1637.36,1883.41
1113,1637.36,1883.41
1114,1637.36,1883.41
1115,1637.36,1883.41
1116,1637.36,1883.41
1117,1637.36,1883.41
1118,1637.36,1883.41
1119,1637.36,1883.41
1120,1637.36,1883.41
1121,1637.36,1883.41
1122,1637.36,1883.41
1123,1637.36,1883.41
1124,1637.36,1883.41
1125,1637.36,1883.41
1126,1637.36,1883.41
1127,1637.36,1883.41
1128,1637.36,1883.41
1129,1637.36,1883.41
1130,1637.36,1883.41
1131,1637.36,1883.41
1132,1637.36,1883.41
1133,1637.36,1883.41
1134,1637.36,1883.41
1135,1637.36,1883.41
1136,1637.36,1883.41
1137,1637.36,1883.41
1138,1637.36,1883.41
1139,1637.36,1883.41
1140,1637.36,1883.41
1141,1637.36,1883.41
1142,1637.36,1883.41
1143,1637.36,1883.41
1144,1637.36,1883.41
1145,1637.36,1883.41
1146,1637.36,1883.41
1147,1637.36,1883.41
1148,1637.36,1883.41
1149,1637.36,1883.41
1150,1637.36,1883.41
1151,1637.36,1883.41
1152,1637.36,1883.41
1153,1637.36,1883.41
1154,1637.36,1883.41
1155,1637.36,1883.41
1156,1637.36,1883.41
1157,1637.36,1883.41
1158,1637.36,1883.41
1159,1637.36,1883.41
1160,1637.36,1883.41
1161,1637.36,1883.41
1162,1637.36,1883.41
1163,1637.36,1883.41
1164,1637.36,1883.41
1165,1637.36,1883.41
1166,1637.36,1883.41
1167,1637.36,1883.41
1168,1637.36,1883.41
1169,1637.36,1883.41
1170,1637.36,1883.41
1171,1637.36,1883.41
1172,1637.36,1883.41
1173,1637.36,1883.41
1174,1637.36,1883.41
1175,1637.36,1883.41
1176,1636.5,1885.07
1177,1635.74,1886.62
1178,1634.88,1888.28
1179,1634.02,1889.84
1180,1633.16,1891.5
1181,1632.4,1893.05
1182,1631.54,1894.71
1183,1630.69,1896.27
1184,1629.93,1897.93
1185,1629.07,1899.48
1186,1626.97,1902.14
1187,1624.78,1904.8
1188,1622.68,1907.46
1189,1620.49,1910.13
1190,1615.54,1909.35
1191,1610.49,1908.46
