794,1905.28,641.07
795,1903.66,640.07
796,1902.14,639.07
797,1900.52,638.08
798,1898.99,637.08
799,1897.37,635.97
800,1895.75,634.97
801,1894.23,633.97
802,1892.61,632.98
803,1891.08,631.98
804,1889.46,630.98
805,1887.84,629.98
806,1886.32,628.98
807,1884.7,627.99
808,1883.17,626.99
809,1881.55,625.99
810,1879.94,624.88
811,1878.41,623.88
812,1876.79,622.89
813,1875.27,621.89
814,1873.65,620.89
815,1874.12,620.78
816,1874.6,620.56
817,1875.08,620.45
818,1875.55,620.34
819,1876.03,620.11
820,1876.51,620.0
821,1876.98,619.89
822,1877.46,619.78
823,1877.93,619.56
824,1878.41,619.45
825,1877.93,619.34
826,1877.46,619.12
827,1876.89,619.01
828,1876.41,618.78
829,1875.93,618.67
830,1875.46,618.56
831,1874.98,618.34
832,1874.41,618.23
833,1873.93,618.01
834,1873.46,617.9
835,1871.17,617.56
836,1868.88,617.23
837,1866.6,616.9
838,1864.31,616.57
839,1862.02,616.12
840,1859.64,615.79
841,1857.35,615.46
842,1855.07,615.13
843,1852.78,614.79
844,1850.49,614.46
845,1850.02,615.13
846,1849.45,615.9
847,1848.97,616.57
848,1848.4,617.23
849,1847.92,617.9
850,1847.35,618.67
851,1846.87,619.34
852,1846.3,620.0
853,1845.83,620.78
854,1845.25,621.45
855,1845.25,621.45
856,1845.25,621.45
857,1845.25,621.45
858,1845.25,621.45
859,1845.25,621.45
860,1845.25,621.45
861,1845.25,621.45
862,1845.25,621.45
863,1845.25,621.45
864,1845.25,621.45
865,1845.25,621.45
866,1845.25,621.45
867,1845.25,621.45
868,1845.25,621.45
869,1845.25,621.45
870,1845.25,621.45
871,1845.25,621.45
872,1845.25,621.45
873,1845.25,621.45
874,1845.06,621.56
875,1844.97,621.56
876,1844.78,621.67
877,1844.59,621.78
878,1844.4,621.89
879,1844.3,621.89
880,1844.11,622.0
881,1843.92,622.11
882,1843.73,622.22
883,1843.63,622.22
884,1843.44,622.33
885,1842.59,624.22
886,1841.82,626.1
887,1840.97,627.99
888,1840.2,629.87
889,1839.35,631.76
890,1838.58,633.53
891,1837.82,635.42
892,1836.96,637.3
893,1836.2,639.18
894,1835.34,641.07
895,1834.11,643.51
896,1832.87,646.06
897,1831.63,648.5
898,1830.39,650.94
899,1829.15,653.49
900,1827.91,655.93
901,1826.67,658.37
902,1825.44,660.81
903,1824.2,663.36
904,1822.96,665.79
905,1811.72,667.79
906,1805.33,667.12
907,1799.04,666.46
908,1792.66,665.79
909,1786.28,665.13
910,1779.99,664.46
911,1773.6,663.69
912,1767.22,663.02
913,1760.93,662.36
914,1754.55,661.69
915,1748.17,661.03
916,1741.88,660.36
917,1735.49,659.7
918,1732.92,661.03
919,1730.35,662.47
920,1727.78,663.8
921,1725.11,665.13
922,1722.54,666.57
923,1719.96,667.9
924,1717.39,669.23
925,1714.82,670.56
926,1712.25,672.0
927,1709.58,673.33
928,1707.01,674.66
929,1704.43,676.11
930,1701.86,677.44
931,1694.24,681.54
932,1686.71,685.75
933,1679.09,689.85
934,1671.56,694.07
935,1663.94,698.17
936,1656.41,702.38
937,1648.79,706.48
938,1642.79,709.15
939,1636.79,711.81
940,1630.88,714.47
941,1624.88,717.13
942,1618.87,719.79
943,1612.87,722.45
944,1606.87,725.11
945,1600.96,727.77
946,1594.96,730.43
947,1588.96,733.09
948,1583.62,733.21
949,1578.19,733.32
950,1572.85,733.43
951,1567.52,733.54
952,1562.09,733.54
953,1556.75,733.65
954,1551.42,733.76
955,1545.98,733.87
956,1540.65,733.98
957,1538.27,734.09
958,1535.98,734.2
959,1533.6,734.42
960,1531.22,734.54
961,1528.83,734.65
962,1526.55,734.76
963,1524.17,734.87
964,1521.78,735.09
965,1519.5,735.2
966,1517.12,735.31
967,1513.21,738.97
968,1512.07,745.96
969,1511.02,753.05
970,1509.87,760.04
971,1508.73,767.13
972,1507.59,774.12
973,1506.54,781.21
974,1505.4,788.2
975,1504.25,795.29
976,1503.11,802.28
977,1502.06,809.38
978,1500.92,816.36
979,1500.06,816.25
980,1499.2,816.25
981,1498.35,816.14
982,1497.49,816.03
983,1496.63,816.03
984,1495.77,815.92
985,1494.92,815.81
986,1494.06,815.81
987,1493.2,815.7
988,1492.34,815.7
989,1491.49,815.58
990,1490.63,815.47
991,1489.77,815.47
992,1488.91,815.36
993,1488.06,815.25
994,1487.2,815.25
995,1486.34,815.14
996,1485.48,815.03
997,1484.63,815.03
998,1483.77,814.92
999,1481.2,814.48
1000,1478.62,814.03
1001,1476.15,813.59
1002,1473.57,813.15
1003,1471.0,812.7
1004,1468.43,812.26
1005,1465.86,811.81
1006,1463.38,811.37
1007,1460.81,810.93
1008,1458.23,810.48
1009,1457.19,810.93
1010,1456.14,811.37
1011,1454.99,811.93
1012,1453.95,812.37
1013,1452.9,812.81
1014,1451.85,813.26
1015,1450.8,813.7
1016,1449.66,814.25
1017,1448.61,814.7
1018,1447.56,815.14
1019,1445.47,815.25
1020,1443.37,815.25
1021,1441.27,815.36
1022,1439.18,815.36
1023,1436.99,815.47
1024,1434.89,815.58
1025,1432.79,815.58
1026,1430.7,815.7
1027,1428.6,815.7
1028,1426.51,815.81
1029,1424.51,815.81
1030,1422.5,815.92
1031,1420.5,816.03
1032,1418.5,816.03
1033,1416.5,816.03
1034,1414.6,816.14
1035,1412.6,816.14
1036,1410.59,816.25
1037,1408.59,816.36
1038,1406.59,816.36
1039,1406.31,815.81
1040,1406.02,815.25
1041,1405.74,814.81
1042,1405.45,814.25
1043,1405.16,813.7
1044,1404.88,813.15
1045,1404.59,812.7
1046,1404.31,812.15
1047,1404.02,811.59
1048,1403.64,811.04
1049,1403.35,810.59
1050,1403.07,810.04
1051,1402.78,809.49
1052,1402.5,809.04
1053,1402.21,808.49
1054,1401.92,807.93
1055,1401.64,807.38
1056,1401.35,806.94
1057,1401.07,806.38
1058,1400.78,805.83
1059,1401.07,806.05
1060,1401.45,806.16
1061,1401.73,806.38
1062,1402.02,806.6
1063,1402.31,806.83
1064,1402.69,806.94
1065,1402.97,807.16
1066,1403.26,807.38
1067,1403.64,807.49
1068,1403.93,807.71
1069,1402.21,807.71
1070,1400.5,807.6
1071,1398.88,807.6
1072,1397.16,807.6
1073,1395.45,807.6
1074,1393.73,807.49
1075,1392.02,807.49
1076,1390.4,807.49
1077,1388.68,807.38
1078,1386.97,807.38
1079,1384.01,810.59
1080,1381.15,813.81
1081,1378.2,817.03
1082,1375.25,820.24
1083,1372.29,823.46
1084,1369.43,826.67
1085,1366.48,829.89
1086,1363.53,833.1
1087,1360.67,836.32
1088,1357.72,839.53
1089,1358.38,840.2
1090,1359.05,840.75
1091,1359.72,841.42
1092,1360.38,841.97
1093,1361.05,842.64
1094,1361.72,843.3
1095,1362.38,843.86
1096,1363.05,844.52
1097,1363.72,845.08
1098,1364.38,845.74
1099,1364.67,846.07
1100,1364.86,846.52
1101,1365.15,846.85
1102,1365.43,847.18
1103,1365.62,847.63
1104,1365.91,847.96
1105,1366.19,848.29
1106,1366.39,848.74
1107,1366.67,849.07
1108,1366.96,849.4
1109,1367.15,849.84
1110,1367.43,850.18
1111,1367.62,850.62
1112,1367.91,850.95
1113,1368.2,851.29
1114,1368.39,851.73
1115,1368.67,852.06
1116,1368.96,852.39
1117,1369.15,852.84
1118,1369.43,853.17
1119,1368.39,852.62
1120,1367.34,852.06
1121,1366.39,851.51
1122,1365.34,850.95
1123,1364.29,850.4
1124,1363.24,849.84
1125,1362.19,849.29
1126,1361.24,848.74
1127,1360.19,848.18
1128,1359.14,847.63
1129,1358.57,849.51
1130,1357.91,851.4
1131,1357.33,853.39
1132,1356.76,855.28
1133,1356.19,857.16
1134,1355.52,859.05
1135,1354.95,860.93
1136,1354.38,862.93
1137,1353.71,864.81
1138,1353.14,866.7
1139,1352.0,869.36
1140,1350.95,872.02
1141,1349.81,874.68
1142,1348.66,877.34
1143,1347.62,880.0
1144,1346.47,882.77
1145,1345.33,885.43
1146,1344.19,888.1
1147,1343.14,890.76
1148,1341.99,893.42
1149,1340.28,897.41
1150,1338.66,901.51
1151,1336.94,905.61
1152,1335.23,909.6
1153,1333.61,913.71
1154,1331.89,917.7
1155,1330.18,921.8
1156,1328.46,925.79
1157,1326.84,929.89
1158,1325.13,933.89
1159,1326.65,936.21
1160,1328.08,938.43
1161,1329.61,940.76
1162,1331.04,943.09
1163,1332.56,945.42
1164,1333.99,947.63
1165,1335.52,949.96
1166,1337.04,952.29
1167,1338.47,954.51
1168,1339.99,956.84
1169,1341.42,959.17
1170,1342.95,961.49
1171,1344.38,963.71
1172,1345.9,966.04
1173,1347.43,968.37
1174,1348.85,970.59
1175,1350.38,972.91
1176,1351.81,975.24
1177,1353.33,977.57
1178,1354.76,979.79
1179,1356.29,982.12
1180,1358.0,983.45
1181,1359.72,984.78
1182,1361.34,986.11
1183,1363.05,987.44
1184,1364.77,988.77
1185,1366.48,990.1
1186,1368.2,991.43
1187,1369.82,992.76
1188,1371.53,994.09
1189,1373.25,995.42
1190,1373.25,995.53
1191,1373.34,995.64
1192,1373.34,995.86
1193,1373.44,995.98
1194,1373.44,996.09
1195,1373.44,996.2
1196,1373.53,996.31
1197,1373.53,996.53
1198,1373.63,996.64
1199,1373.63,996.75
