796,53.64,722.89
797,57.93,719.57
798,62.22,716.24
799,63.74,711.36
800,65.17,706.48
801,66.69,701.61
802,68.12,696.73
803,69.65,691.85
804,71.17,686.97
805,72.6,682.09
806,74.13,677.21
807,75.56,672.34
808,77.08,667.46
809,78.51,662.58
810,80.03,657.7
811,81.56,652.82
812,82.99,647.94
813,84.51,643.07
814,85.94,638.19
815,87.47,633.31
816,88.99,628.32
817,90.51,623.44
818,92.04,618.45
819,93.56,613.46
820,94.99,608.58
821,96.52,603.59
822,98.04,598.72
823,99.57,593.73
824,101.28,588.07
825,103.09,582.53
826,104.9,576.87
827,106.62,571.22
828,108.43,565.56
829,110.14,560.02
830,111.95,554.37
831,113.67,548.71
832,115.48,543.17
833,117.19,537.51
834,117.57,536.18
835,117.95,534.85
836,118.43,533.63
837,118.81,532.3
838,119.19,530.97
839,119.57,529.64
840,119.96,528.31
841,120.43,527.09
842,120.81,525.76
843,121.19,524.43
844,121.19,524.43
845,121.19,524.43
846,121.19,524.43
847,121.19,524.43
848,121.19,524.43
849,121.19,524.43
850,121.19,524.43
851,121.19,524.43
852,121.19,524.43
853,121.19,524.43
854,121.19,524.43
855,121.19,524.43
856,121.19,524.43
857,121.19,524.43
858,121.19,524.43
859,121.19,524.43
860,121.19,524.43
861,121.19,524.43
862,121.19,524.43
863,121.19,524.43
864,121.19,524.43
865,121.19,524.43
866,121.19,524.43
867,121.19,524.43
868,121.19,524.43
869,121.19,524.43
870,121.19,524.43
871,121.19,524.43
872,121.19,524.43
873,121.19,524.43
874,121.19,524.43
875,121.19,524.43
876,121.19,524.43
877,121.19,524.43
878,121.19,524.43
879,121.19,524.43
880,121.19,524.43
881,121.19,524.43
882,121.19,524.43
883,121.19,524.43
884,121.19,524.43
885,121.19,524.43
886,121.19,524.43
887,121.19,524.43
888,121.19,524.43
889,121.19,524.43
890,121.19,524.43
891,121.19,524.43
892,121.19,524.43
893,121.19,524.43
894,121.58,522.77
895,121.86,520.99
896,122.24,519.33
897,122.53,517.67
898,122.91,515.89
899,123.29,514.23
900,123.58,512.57
901,123.96,510.9
902,124.24,509.13
903,124.62,507.47
904,125.39,505.47
905,126.05,503.59
906,126.82,501.59
907,127.58,499.6
908,128.34,497.71
909,129.01,495.71
910,129.77,493.83
911,130.53,491.83
912,131.29,489.84
913,131.96,487.95
914,132.72,485.96
915,133.68,482.85
916,134.72,479.86
917,135.68,476.76
918,136.63,473.76
919,137.68,470.66
920,138.63,467.66
921,139.68,464.56
922,140.63,461.57
923,141.58,458.46
924,142.63,455.47
925,143.58,452.36
926,144.54,449.37
927,145.59,446.27
928,146.54,443.27
929,147.59,440.17
930,148.54,437.17
931,149.49,434.07
932,150.54,431.08
933,151.49,427.97
934,151.49,427.97
935,151.49,427.97
936,151.49,427.97
937,151.49,427.97
938,151.49,427.97
939,151.49,427.97
940,151.49,427.97
941,151.49,427.97
942,151.49,427.97
943,151.49,427.97
944,151.49,427.97
945,151.49,427.97
946,151.49,427.97
947,151.49,427.97
948,151.49,427.97
949,151.49,427.97
950,151.49,427.97
951,151.49,427.97
952,151.49,427.97
953,151.49,427.97
954,151.49,427.97
955,151.49,427.97
956,151.49,427.97
957,151.49,427.97
958,151.49,427.97
959,151.49,427.97
960,151.49,427.97
961,151.49,427.97
962,151.49,427.97
963,151.49,427.97
964,151.49,427.97
965,151.49,427.97
966,151.49,427.97
967,151.49,427.97
968,151.49,427.97
969,151.49,427.97
970,151.49,427.97
971,151.49,427.97
972,151.49,427.97
973,151.49,427.97
974,151.49,427.97
975,151.49,427.97
976,151.49,427.97
977,151.49,427.97
978,151.49,427.97
979,151.49,427.97
980,151.49,427.97
981,151.49,427.97
982,151.49,427.97
983,151.49,427.97
984,151.49,427.97
985,151.49,427.97
986,151.49,427.97
987,151.49,427.97
988,151.49,427.97
989,151.49,427.97
990,151.49,427.97
991,151.49,427.97
992,151.49,427.97
993,151.49,427.97
994,151.49,427.97
995,151.49,427.97
996,151.49,427.97
997,151.49,427.97
998,151.49,427.97
999,151.49,427.97
1000,151.49,427.97
1001,151.49,427.97
1002,151.49,427.97
1003,151.49,427.97
1004,151.49,427.97
1005,151.49,427.97
1006,151.49,427.97
1007,151.49,427.97
1008,151.49,427.97
1009,151.49,427.97
1010,151.49,427.97
1011,151.49,427.97
1012,151.49,427.97
1013,151.49,427.97
1014,151.49,427.97
1015,151.49,427.97
1016,151.49,427.97
1017,151.49,427.97
1018,151.49,427.97
1019,151.49,427.97
1020,151.49,427.97
1021,151.49,427.97
1022,151.49,427.97
1023,151.49,427.97
1024,151.49,427.97
1025,151.49,427.97
1026,151.49,427.97
1027,151.49,427.97
1028,151.49,427.97
1029,151.49,427.97
1030,151.49,427.97
1031,151.49,427.97
1032,151.49,427.97
1033,151.49,427.97
1034,152.54,426.53
1035,153.49,425.09
1036,154.54,423.54
1037,155.59,422.09
1038,156.64,420.65
1039,157.59,419.21
1040,158.64,417.66
1041,159.69,416.22
1042,160.64,414.78
1043,161.69,413.34
1044,162.74,411.78
1045,163.69,410.34
1046,164.74,408.9
1047,165.78,407.46
1048,166.83,405.91
1049,167.79,404.47
1050,168.83,403.02
1051,173.12,404.69
1052,177.31,406.35
1053,181.6,407.9
1054,185.79,409.57
1055,190.08,411.23
1056,194.37,412.89
1057,198.56,414.44
1058,202.85,416.11
1059,207.13,417.77
1060,211.33,419.43
1061,215.61,420.99
1062,219.81,422.65
1063,224.09,424.31
1064,234.48,429.3
1065,244.87,434.18
1066,255.35,439.17
1067,265.73,444.05
1068,276.12,449.04
1069,277.45,449.7
1070,278.69,450.48
1071,280.02,451.14
1072,281.36,451.81
1073,282.6,452.47
1074,283.93,453.25
1075,285.26,453.92
1076,286.6,454.58
1077,287.84,455.36
1078,289.17,456.02
1079,291.36,457.24
1080,293.55,458.35
1081,295.74,459.57
1082,297.94,460.79
1083,300.13,462.01
1084,302.32,463.12
1085,304.51,464.34
1086,306.7,465.56
1087,308.89,466.67
1088,311.08,467.89
1089,312.61,468.77
1090,314.13,469.66
1091,315.56,470.44
1092,317.09,471.32
1093,318.61,472.21
1094,320.13,473.1
1095,321.66,473.98
1096,323.09,474.76
1097,324.61,475.65
1098,326.14,476.53
1099,326.14,476.53
1100,326.14,476.53
1101,326.14,476.53
1102,326.14,476.53
1103,326.14,476.53
1104,326.14,476.53
1105,326.14,476.53
1106,326.14,476.53
1107,326.14,476.53
1108,326.14,476.53
1109,326.14,476.53
1110,326.14,476.53
1111,326.14,476.53
1112,326.14,476.53
1113,326.14,476.53
1114,326.14,476.53
1115,326.14,476.53
1116,326.14,476.53
1117,326.14,476.53
1118,326.14,476.53
1119,326.14,476.53
1120,326.14,476.53
1121,326.14,476.53
1122,326.14,476.53
1123,326.14,476.53
1124,326.14,476.53
1125,326.14,476.53
1126,326.14,476.53
1127,326.14,476.53
1128,326.14,476.53
1129,326.14,476.53
1130,326.14,476.53
1131,326.14,476.53
1132,326.14,476.53
1133,326.14,476.53
1134,326.14,476.53
1135,326.14,476.53
1136,326.14,476.53
1137,326.14,476.53
1138,326.14,476.53
1139,326.42,476.76
1140,326.71,476.98
1141,326.99,477.2
1142,327.28,477.42
1143,327.57,477.64
1144,327.85,477.86
1145,328.14,478.09
1146,328.42,478.31
1147,328.71,478.53
1148,329.0,478.75
1149,329.47,478.97
1150,329.85,479.19
1151,330.33,479.42
1152,330.71,479.64
1153,331.19,479.86
1154,331.57,480.08
1155,332.04,480.3
1156,332.43,480.53
1157,332.9,480.75
1158,333.28,480.97
1159,337.76,483.52
1160,342.33,485.96
1161,346.81,488.51
1162,351.29,491.06
1163,355.77,493.61
1164,360.34,496.05
1165,364.82,498.6
1166,369.3,501.15
1167,373.78,503.59
1168,378.25,506.14
1169,382.83,508.69
1170,387.31,511.13
1171,391.78,513.68
1172,396.26,516.23
1173,400.84,518.67
1174,405.31,521.22
1175,409.79,523.77
1176,414.27,526.32
1177,418.84,528.75
1178,423.32,531.31
1179,429.04,533.63
1180,434.85,535.96
1181,440.57,538.18
1182,446.38,540.51
1183,452.1,542.84
1184,457.81,545.16
1185,463.62,547.49
1186,469.34,549.71
1187,475.15,552.04
1188,480.87,554.37
1189,486.2,556.7
1190,491.54,558.91
1191,496.78,561.24
1192,502.12,563.46
1193,507.45,565.79
1194,512.79,568.0
1195,518.12,570.33
1196,523.36,572.55
1197,528.7,574.77
1198,534.03,577.1
