871,1872.22,2172.01
872,1872.79,2171.01
873,1873.36,2170.01
874,1873.93,2168.9
875,1874.5,2167.91
876,1874.98,2166.91
877,1875.55,2165.91
878,1876.12,2164.8
879,1876.7,2163.8
880,1877.27,2162.81
881,1877.27,2162.81
882,1877.27,2162.81
883,1877.27,2162.81
884,1877.27,2162.81
885,1877.27,2162.81
886,1877.27,2162.81
887,1877.27,2162.81
888,1877.27,2162.81
889,1877.27,2162.81
890,1877.27,2162.81
891,1877.27,2162.81
892,1877.27,2162.81
893,1877.27,2162.81
894,1877.27,2162.81
895,1877.27,2162.81
896,1877.27,2162.81
897,1877.27,2162.81
898,1877.27,2162.81
899,1877.27,2162.81
900,1877.27,2162.81
901,1877.27,2162.81
902,1877.27,2162.81
903,1877.27,2162.81
904,1877.27,2162.81
905,1877.27,2162.81
906,1877.27,2162.81
907,1877.27,2162.81
908,1877.27,2162.81
909,1877.27,2162.81
910,1877.27,2162.81
911,1877.27,2162.81
912,1877.27,2162.81
913,1877.27,2162.81
914,1877.27,2162.81
915,1877.27,2162.81
916,1877.27,2162.81
917,1877.27,2162.81
918,1877.27,2162.81
919,1877.27,2162.81
920,1877.27,2162.81
921,1877.27,2162.81
922,1877.27,2162.81
923,1877.27,2162.81
924,1877.27,2162.81
925,1877.27,2162.81
926,1877.27,2162.81
927,1877.27,2162.81
928,1877.27,2162.81
929,1877.27,2162.81
930,1877.27,2162.81
931,1877.36,2162.58
932,1877.46,2162.25
933,1877.46,2162.03
934,1877.55,2161.81
935,1877.65,2161.48
936,1877.74,2161.25
937,1877.84,2161.03
938,1877.84,2160.7
939,1877.93,2160.48
940,1878.03,2160.26
941,1878.12,2160.03
942,1878.12,2159.7
943,1878.22,2159.48
944,1878.32,2159.26
945,1878.41,2158.93
946,1878.51,2158.7
947,1878.51,2158.48
948,1878.6,2158.15
949,1878.7,2157.93
950,1878.7,2157.93
951,1878.7,2157.93
952,1878.7,2157.93
953,1878.7,2157.93
954,1878.7,2157.93
955,1878.7,2157.93
956,1878.7,2157.93
957,1878.7,2157.93
958,1878.7,2157.93
959,1878.7,2157.93
960,1878.7,2157.93
961,1878.7,2157.93
962,1878.7,2157.93
963,1878.7,2157.93
964,1878.7,2157.93
965,1878.7,2157.93
966,1878.7,2157.93
967,1878.7,2157.93
968,1878.7,2157.93
969,1878.7,2157.93
970,1878.7,2157.93
971,1878.98,2156.93
972,1879.17,2155.82
973,1879.46,2154.82
974,1879.65,2153.83
975,1879.94,2152.72
976,1880.13,2151.72
977,1880.41,2150.72
978,1880.6,2149.61
979,1880.89,2148.61
980,1881.17,2147.62
981,1881.36,2146.51
982,1881.65,2145.51
983,1881.84,2144.51
984,1882.13,2143.4
985,1882.32,2142.41
986,1882.6,2141.3
987,1882.79,2140.3
988,1883.08,2139.3
989,1883.27,2138.19
990,1883.56,2137.19
991,1883.84,2136.2
992,1884.03,2135.09
993,1884.32,2134.09
994,1884.51,2133.09
995,1884.79,2131.98
996,1884.98,2130.99
997,1885.27,2129.99
998,1885.46,2128.88
999,1885.75,2127.88
1000,1888.13,2108.03
1001,1888.41,2107.37
1002,1888.61,2106.82
1003,1888.89,2106.15
1004,1889.08,2105.6
1005,1889.37,2104.93
1006,1889.65,2104.27
1007,1889.84,2103.71
1008,1890.13,2103.05
1009,1890.32,2102.49
1010,1890.61,2101.83
1011,1890.61,2101.83
1012,1890.61,2101.83
1013,1890.61,2101.83
1014,1890.61,2101.83
1015,1890.61,2101.83
1016,1890.61,2101.83
1017,1890.61,2101.83
1018,1890.61,2101.83
1019,1890.61,2101.83
1020,1890.61,2101.83
1021,1890.61,2101.83
1022,1890.61,2101.83
1023,1890.61,2101.83
1024,1890.61,2101.83
1025,1890.61,2101.83
1026,1890.61,2101.83
1027,1890.61,2101.83
1028,1890.61,2101.83
1029,1890.61,2101.83
1030,1890.61,2101.83
1031,1890.61,2101.83
1032,1890.61,2101.83
1033,1890.61,2101.83
1034,1890.61,2101.83
1035,1890.61,2101.83
1036,1890.61,2101.83
1037,1890.61,2101.83
1038,1890.61,2101.83
1039,1890.61,2101.83
1040,1890.61,2101.83
1041,1890.61,2101.83
1042,1890.61,2101.83
1043,1890.61,2101.83
1044,1890.61,2101.83
1045,1890.61,2101.83
1046,1890.61,2101.83
1047,1890.61,2101.83
1048,1890.61,2101.83
1049,1890.61,2101.83
1050,1890.61,2101.83
1051,1890.7,2098.5
1052,1890.8,2095.06
1053,1890.89,2091.74
1054,1890.99,2088.3
1055,1890.99,2084.86
1056,1891.08,2081.54
1057,1891.18,2078.21
1058,1891.27,2074.77
1059,1887.37,2072.78
1060,1883.37,2070.78
1061,1879.46,2068.79
1062,1875.46,2066.79
1063,1871.55,2064.79
1064,1867.55,2062.69
1065,1863.55,2060.69
1066,1859.64,2058.7
1067,1855.64,2056.7
1068,1851.73,2054.7
1069,1848.4,2053.26
1070,1845.06,2051.93
1071,1841.63,2050.49
1072,1838.3,2049.05
1073,1834.96,2047.61
1074,1831.63,2046.28
1075,1828.29,2044.84
1076,1824.86,2043.4
1077,1821.53,2042.07
1078,1818.19,2040.62
1079,1818.0,2040.51
1080,1817.81,2040.4
1081,1817.62,2040.29
1082,1817.43,2040.18
1083,1817.15,2040.07
1084,1816.96,2039.96
1085,1816.77,2039.85
1086,1816.58,2039.74
1087,1816.38,2039.63
1088,1816.19,2039.63
1089,1816.0,2039.52
1090,1815.81,2039.4
1091,1815.62,2039.29
1092,1815.43,2039.18
1093,1815.15,2039.07
1094,1814.96,2038.96
1095,1814.76,2038.85
1096,1814.57,2038.74
1097,1814.38,2038.63
1098,1813.81,2038.41
1099,1813.15,2038.07
1100,1812.57,2037.85
1101,1811.91,2037.52
1102,1811.33,2037.3
1103,1810.67,2036.96
1104,1810.1,2036.74
1105,1809.52,2036.41
1106,1808.86,2036.19
1107,1808.29,2035.86
1108,1807.62,2035.63
1109,1807.05,2035.3
1110,1806.38,2035.08
1111,1805.81,2034.75
1112,1805.24,2034.53
1113,1804.57,2034.19
1114,1804.0,2033.97
1115,1803.33,2033.64
1116,1802.76,2033.42
1117,1802.09,2033.08
1118,1801.52,2032.86
1119,1801.52,2032.86
1120,1801.52,2032.86
1121,1801.52,2032.86
1122,1801.52,2032.86
1123,1801.52,2032.86
1124,1801.52,2032.86
1125,1801.52,2032.86
1126,1801.52,2032.86
1127,1801.52,2032.86
1128,1801.52,2032.86
1129,1801.52,2032.86
1130,1801.52,2032.86
1131,1801.52,2032.86
1132,1801.52,2032.86
1133,1801.52,2032.86
1134,1801.52,2032.86
1135,1801.52,2032.86
1136,1801.52,2032.86
1137,1801.52,2032.86
1138,1801.52,2032.86
1139,1801.52,2032.86
1140,1801.52,2032.86
1141,1801.52,2032.86
1142,1801.52,2032.86
1143,1801.52,2032.86
1144,1801.52,2032.86
1145,1801.52,2032.86
1146,1801.52,2032.86
1147,1801.52,2032.86
1148,1801.52,2032.86
1149,1800.19,2032.42
1150,1798.95,2031.86
1151,1797.61,2031.42
1152,1796.38,2030.87
1153,1795.04,2030.42
1154,1793.71,2029.87
1155,1792.47,2029.43
1156,1791.14,2028.87
1157,1789.9,2028.43
1158,1788.56,2027.87
1159,1786.28,2026.99
1160,1783.89,2026.1
1161,1781.51,2025.21
1162,1779.23,2024.33
1163,1776.84,2023.55
1164,1774.56,2022.66
1165,1772.27,2021.78
1166,1769.89,2020.89
1167,1767.51,2020.0
1168,1765.22,2019.11
1169,1762.84,2018.23
1170,1760.55,2017.34
1171,1758.17,2016.45
1172,1755.88,2015.57
1173,1753.6,2014.68
1174,1751.21,2013.9
1175,1748.83,2013.02
1176,1746.55,2012.13
1177,1744.16,2011.24
1178,1741.88,2010.36
1179,1741.88,2010.36
1180,1741.88,2010.36
1181,1741.88,2010.36
1182,1741.88,2010.36
1183,1741.88,2010.36
1184,1741.88,2010.36
1185,1741.88,2010.36
1186,1741.88,2010.36
1187,1741.88,2010.36
1188,1741.88,2010.36
1189,1741.88,2010.36
1190,1741.88,2010.36
1191,1741.88,2010.36
1192,1741.88,2010.36
1193,1741.88,2010.36
1194,1741.88,2010.36
1195,1741.88,2010.36
1196,1741.88,2010.36
1197,1741.88,2010.36
1198,1741.88,2010.36
