1,484.97,1470.4
2,504.97,1473.62
3,524.98,1476.83
4,544.99,1480.05
5,565.0,1483.26
6,585.01,1486.48
7,589.2,1486.37
8,593.39,1486.26
9,597.49,1486.04
10,601.68,1485.92
11,605.87,1485.81
12,610.07,1485.7
13,614.26,1485.59
14,618.36,1485.37
15,622.55,1485.26
16,626.74,1485.15
17,626.74,1485.15
18,626.74,1485.15
19,626.74,1485.15
20,626.74,1485.15
21,626.74,1485.15
22,626.74,1485.15
23,626.74,1485.15
24,626.74,1485.15
25,626.74,1485.15
26,626.74,1485.15
27,626.74,1485.15
28,626.74,1485.15
29,626.74,1485.15
30,626.74,1485.15
31,626.74,1485.15
32,626.74,1485.15
33,626.74,1485.15
34,626.74,1485.15
35,626.74,1485.15
36,626.74,1485.15
37,629.03,1485.48
38,631.31,1485.81
39,633.6,1486.15
40,635.89,1486.48
41,638.17,1486.81
42,640.46,1487.14
43,642.75,1487.48
44,645.03,1487.81
45,647.32,1488.14
46,649.61,1488.47
47,654.56,1489.14
48,659.61,1489.69
49,664.57,1490.36
50,669.62,1490.91
51,674.57,1491.58
52,679.62,1492.24
53,684.57,1492.8
54,689.62,1493.46
55,694.58,1494.13
56,699.63,1494.68
57,704.58,1495.35
58,709.63,1495.9
59,714.59,1496.57
60,722.11,1496.9
61,729.64,1497.34
62,737.17,1497.68
63,744.69,1498.12
64,752.22,1498.45
65,759.75,1498.9
66,767.28,1499.23
67,774.8,1500.12
68,782.23,1501.0
69,789.76,1501.89
70,797.29,1502.78
71,804.82,1503.66
72,812.25,1504.55
73,819.77,1505.44
74,827.3,1506.33
75,834.73,1507.21
76,842.26,1508.1
77,846.55,1508.54
78,850.93,1508.88
79,855.22,1509.32
80,859.51,1509.76
81,863.89,1510.09
82,868.18,1510.54
83,872.46,1510.98
84,876.85,1511.31
85,881.13,1511.76
86,885.42,1512.2
87,889.8,1512.53
88,894.09,1512.98
89,898.47,1513.31
90,902.76,1513.75
91,907.05,1514.2
92,911.43,1514.53
93,915.72,1514.97
94,920.01,1515.42
95,924.39,1515.75
96,928.68,1516.19
97,928.77,1516.19
98,928.77,1516.08
99,928.77,1516.08
100,928.87,1516.08
101,928.96,1516.08
102,928.96,1515.97
103,929.06,1515.97
104,929.06,1515.97
105,929.15,1515.86
106,929.15,1515.86
107,929.15,1515.86
108,929.15,1515.86
109,929.15,1515.86
110,929.15,1515.86
111,929.15,1515.86
112,929.15,1515.86
113,929.15,1515.86
114,929.15,1515.86
115,929.15,1515.86
116,929.15,1515.86
117,929.15,1515.86
118,929.15,1515.86
119,929.15,1515.86
120,929.15,1515.86
121,929.15,1515.86
122,929.15,1515.86
123,929.15,1515.86
124,929.15,1515.86
125,929.15,1515.86
126,929.15,1515.86
127,929.15,1515.86
128,929.15,1515.86
129,929.15,1515.86
130,929.15,1515.86
131,929.15,1515.86
132,929.15,1515.86
133,929.15,1515.86
134,929.15,1515.86
135,929.15,1515.86
136,929.15,1515.86
137,929.15,1515.86
138,929.15,1515.86
139,929.15,1515.86
140,929.15,1515.86
141,929.15,1515.86
142,929.15,1515.86
143,929.15,1515.86
144,929.15,1515.86
145,929.15,1515.86
146,929.15,1515.86
147,929.15,1515.86
148,929.15,1515.86
149,929.15,1515.86
150,929.15,1515.86
151,929.15,1515.86
152,929.15,1515.86
153,929.15,1515.86
154,929.15,1515.86
155,929.15,1515.86
156,929.15,1515.86
157,929.15,1515.86
158,929.15,1515.86
159,929.15,1515.86
160,929.15,1515.86
161,929.15,1515.86
162,929.15,1515.86
163,929.15,1515.86
164,929.15,1515.86
165,929.15,1515.86
166,929.15,1515.86
167,932.11,1515.86
168,935.16,1515.75
169,938.11,1515.75
170,941.06,1515.64
171,944.11,1515.64
172,947.07,1515.64
173,950.02,1515.53
174,952.97,1515.53
175,956.02,1515.42
176,958.98,1515.42
177,969.08,1514.86
178,979.17,1514.42
179,989.37,1513.86
180,999.47,1513.42
181,1009.57,1512.87
182,1019.67,1512.31
183,1029.77,1511.87
184,1039.96,1511.31
185,1050.06,1510.87
186,1060.16,1510.32
187,1070.36,1509.87
188,1080.65,1509.43
189,1090.84,1508.88
190,1101.13,1508.43
191,1111.42,1507.99
192,1121.62,1507.54
193,1131.91,1507.1
194,1142.1,1506.55
195,1152.39,1506.1
196,1162.59,1505.66
197,1171.73,1510.65
198,1176.02,1516.97
199,1180.31,1523.29
200,1184.59,1529.5
201,1188.88,1535.82
202,1193.17,1542.14
203,1197.46,1548.46
204,1201.74,1554.78
205,1206.03,1561.1
206,1210.32,1567.31
207,1214.61,1573.63
208,1218.89,1579.95
209,1223.09,1586.26
210,1227.37,1592.58
211,1231.66,1598.79
212,1235.95,1605.11
213,1240.24,1611.43
214,1244.52,1617.75
215,1248.81,1624.07
216,1253.1,1630.39
217,1257.39,1636.6
218,1261.67,1642.92
219,1265.96,1649.24
220,1277.01,1657.22
221,1287.97,1665.32
222,1299.02,1673.3
223,1309.98,1681.28
224,1321.03,1689.38
225,1332.09,1697.36
226,1343.04,1705.34
227,1354.09,1713.33
228,1365.05,1721.42
229,1376.1,1729.4
230,1386.49,1737.27
231,1396.97,1745.15
232,1407.36,1753.02
233,1417.84,1760.89
234,1428.22,1768.65
235,1438.61,1776.52
236,1449.09,1784.4
237,1459.47,1792.27
238,1469.95,1800.14
239,1480.34,1808.01
240,1486.63,1812.56
241,1492.82,1817.1
242,1499.11,1821.65
243,1505.4,1826.08
244,1511.59,1830.63
245,1517.88,1835.18
246,1524.17,1839.72
247,1530.36,1844.27
248,1536.65,1848.81
249,1542.94,1853.36
250,1549.13,1857.9
251,1555.42,1862.34
252,1561.71,1866.89
253,1567.9,1871.43
254,1574.19,1875.98
255,1575.14,1876.75
256,1576.09,1877.53
257,1577.14,1878.31
258,1578.09,1879.08
259,1579.05,1879.86
260,1580.0,1880.63
261,1580.95,1881.41
262,1582.0,1882.19
263,1582.95,1882.96
264,1583.91,1883.74
265,1584.86,1884.51
266,1585.81,1885.29
267,1586.86,1886.07
268,1587.81,1886.84
269,1588.76,1887.62
270,1588.76,1887.62
271,1588.76,1887.62
272,1588.76,1887.62
273,1588.76,1887.62
274,1588.76,1887.62
275,1588.76,1887.62
276,1588.76,1887.62
277,1588.76,1887.62
278,1588.76,1887.62
279,1588.76,1887.62
280,1588.76,1887.62
281,1588.76,1887.62
282,1588.76,1887.62
283,1588.76,1887.62
284,1588.76,1887.62
285,1588.76,1887.62
286,1588.76,1887.62
287,1588.76,1887.62
288,1588.76,1887.62
289,1588.76,1887.62
290,1588.76,1887.62
291,1588.76,1887.62
292,1588.76,1887.62
293,1588.76,1887.62
294,1588.76,1887.62
295,1588.76,1887.62
296,1588.76,1887.62
297,1588.76,1887.62
298,1588.76,1887.62
299,1588.76,1887.62
300,1588.76,1887.62
301,1588.76,1887.62
302,1588.76,1887.62
303,1588.76,1887.62
304,1588.76,1887.62
305,1588.76,1887.62
306,1588.76,1887.62
307,1588.76,1887.62
308,1588.76,1887.62
309,1588.76,1887.62
310,1588.76,1887.62
311,1588.76,1887.62
312,1588.76,1887.62
313,1588.76,1887.62
314,1588.76,1887.62
315,1588.76,1887.62
316,1588.76,1887.62
317,1588.76,1887.62
318,1588.76,1887.62
319,1588.76,1887.62
320,1588.76,1887.62
321,1588.76,1887.62
322,1588.76,1887.62
323,1588.76,1887.62
324,1588.76,1887.62
325,1588.76,1887.62
326,1588.76,1887.62
327,1588.76,1887.62
328,1588.76,1887.62
329,1588.76,1887.62
330,1588.76,1887.62
331,1588.76,1887.62
332,1588.76,1887.62
333,1588.76,1887.62
334,1588.76,1887.62
335,1588.76,1887.62
336,1588.76,1887.62
337,1588.76,1887.62
338,1588.76,1887.62
339,1588.76,1887.62
340,1588.76,1887.62
341,1588.76,1887.62
342,1588.76,1887.62
343,1588.76,1887.62
344,1588.76,1887.62
345,1588.76,1887.62
346,1588.76,1887.62
347,1588.76,1887.62
348,1588.76,1887.62
349,1588.76,1887.62
350,1588.76,1887.62
351,1588.76,1887.62
352,1588.76,1887.62
353,1588.76,1887.62
354,1588.76,1887.62
355,1588.76,1887.62
356,1588.76,1887.62
357,1588.76,1887.62
358,1588.76,1887.62
359,1588.76,1887.62
360,1588.76,1887.62
361,1588.76,1887.62
362,1588.76,1887.62
363,1588.76,1887.62
364,1588.76,1887.62
365,1588.76,1887.62
366,1588.76,1887.62
367,1588.76,1887.62
368,1588.76,1887.62
369,1588.76,1887.62
370,1588.76,1887.62
371,1588.76,1887.62
372,1588.76,1887.62
373,1588.76,1887.62
374,1588.76,1887.62
375,1588.76,1887.62
376,1588.76,1887.62
377,1588.76,1887.62
378,1588.76,1887.62
379,1588.0,1893.16
380,1587.24,1898.71
381,1586.48,1904.25
382,1585.72,1909.79
383,1584.95,1915.34
384,1584.1,1920.77
385,1583.33,1926.31
386,1582.57,1931.86
387,1581.81,1937.4
388,1581.05,1942.94
389,1580.29,1948.49
390,1579.52,1954.03
391,1578.76,1959.58
392,1578.0,1965.12
393,1577.14,1970.66
394,1576.38,1976.1
395,1575.62,1981.64
396,1574.85,1987.18
397,1574.09,1992.73
398,1573.33,1998.27
399,1567.99,2008.25
400,1562.56,2018.12
401,1557.23,2028.1
402,1551.89,2038.07
403,1546.56,2047.94
404,1541.13,2057.92
405,1535.79,2067.9
406,1530.45,2077.88
407,1525.02,2087.74
408,1519.69,2097.72
409,1516.73,2104.82
410,1513.78,2111.92
411,1510.83,2119.01
412,1507.87,2126.11
413,1504.92,2133.2
414,1501.97,2140.3
415,1499.01,2147.39
416,1496.06,2154.49
417,1493.11,2161.59
418,1490.15,2168.68
419,1490.25,2170.46
420,1490.44,2172.34
421,1490.53,2174.12
422,1490.63,2176.0
423,1490.82,2177.77
424,1490.91,2179.66
425,1491.01,2181.43
426,1491.2,2183.32
427,1491.3,2185.09
428,1492.53,2185.87
429,1493.77,2186.75
430,1495.11,2187.53
431,1496.34,2188.31
