1,163.88,1097.87
2,164.16,1097.87
3,164.45,1097.76
4,164.74,1097.76
5,165.02,1097.76
6,165.31,1097.76
7,165.59,1097.65
8,165.88,1097.65
9,166.17,1097.65
10,166.45,1097.65
11,166.74,1097.54
12,167.02,1097.54
13,167.31,1097.54
14,167.59,1097.54
15,167.88,1097.42
16,168.17,1097.42
17,168.45,1097.42
18,168.74,1097.42
19,169.02,1097.31
20,169.31,1097.31
21,169.6,1097.31
22,169.88,1097.31
23,170.17,1097.2
24,170.45,1097.2
25,170.74,1097.2
26,171.02,1097.2
27,171.22,1097.09
28,171.5,1097.09
29,171.79,1097.09
30,172.07,1097.09
31,172.36,1096.98
32,172.64,1096.98
33,172.93,1096.98
34,173.22,1096.98
35,173.5,1096.87
36,173.79,1096.87
37,174.07,1096.87
38,174.36,1096.87
39,174.65,1096.76
40,174.93,1096.76
41,175.22,1096.76
42,175.5,1096.76
43,175.79,1096.65
44,176.07,1096.65
45,176.36,1096.65
46,176.65,1096.54
47,176.93,1096.54
48,177.22,1096.54
49,177.5,1096.54
50,177.79,1096.43
51,178.08,1096.43
52,178.36,1096.43
53,178.65,1096.43
54,178.93,1096.32
55,179.22,1096.32
56,179.5,1096.32
57,179.79,1096.32
58,180.08,1096.2
59,180.36,1096.2
60,180.65,1096.2
61,180.93,1096.2
62,181.22,1096.09
63,181.51,1096.09
64,181.79,1096.09
65,182.08,1096.09
66,182.36,1095.98
67,182.65,1095.98
68,182.93,1095.98
69,183.22,1095.98
70,183.51,1095.87
71,183.79,1095.87
72,184.08,1095.87
73,184.36,1095.87
74,184.65,1095.76
75,184.94,1095.76
76,185.22,1095.76
77,185.41,1095.76
78,185.7,1095.65
79,185.98,1095.65
80,186.27,1095.65
81,186.55,1095.65
82,186.84,1095.54
83,187.13,1095.54
84,187.41,1095.54
85,187.7,1095.54
86,187.98,1095.43
87,188.27,1095.43
88,188.56,1095.43
89,188.84,1095.32
90,189.13,1095.32
91,189.41,1095.32
92,189.7,1095.32
93,189.98,1095.21
94,190.27,1095.21
95,190.56,1095.21
96,190.84,1095.21
97,191.13,1095.1
98,191.41,1095.1
99,191.7,1095.1
100,191.99,1095.1
101,192.27,1094.99
102,192.56,1094.99
103,192.84,1094.99
104,193.13,1094.99
105,193.41,1094.87
106,193.7,1094.87
107,193.99,1094.87
108,194.27,1094.87
109,194.56,1094.76
110,194.84,1094.76
111,195.13,1094.76
112,195.42,1094.76
113,195.7,1094.65
114,195.99,1094.65
115,196.27,1094.65
116,196.56,1094.65
117,196.84,1094.54
118,197.13,1094.54
119,197.42,1094.54
120,197.7,1094.54
121,197.99,1094.43
122,198.27,1094.43
123,198.56,1094.43
124,198.85,1094.43
125,199.13,1094.32
126,199.42,1094.32
127,199.61,1094.32
128,199.89,1094.32
129,200.18,1094.21
130,200.47,1094.21
131,200.75,1094.21
132,201.04,1094.21
133,201.32,1094.1
134,201.61,1094.1
135,201.89,1094.1
136,202.18,1093.99
137,202.47,1093.99
138,202.75,1093.99
139,203.04,1093.99
140,203.32,1093.88
141,203.61,1093.88
142,203.9,1093.88
143,204.18,1093.88
144,204.47,1093.77
145,204.75,1093.77
146,205.04,1093.77
147,205.32,1093.77
148,205.61,1093.65
149,205.9,1093.65
150,206.18,1093.65
151,206.47,1093.65
152,206.75,1093.54
153,207.04,1093.54
154,207.33,1093.54
155,207.61,1093.54
156,207.9,1093.43
157,208.18,1093.43
158,208.47,1093.43
159,208.75,1093.43
160,209.04,1093.32
161,209.33,1093.32
162,209.61,1093.32
163,209.9,1093.32
164,210.18,1093.21
165,210.47,1093.21
166,210.76,1093.21
167,211.04,1093.21
168,211.33,1093.1
169,211.61,1093.1
170,211.9,1093.1
171,212.18,1093.1
172,212.47,1092.99
173,212.76,1092.99
174,213.04,1092.99
175,213.33,1092.99
176,213.61,1092.88
177,213.8,1092.88
178,214.09,1092.88
179,214.38,1092.77
180,214.66,1092.77
181,214.95,1092.77
182,215.23,1092.77
183,215.52,1092.66
184,215.81,1092.66
185,216.09,1092.66
186,216.38,1092.66
187,216.66,1092.55
188,216.95,1092.55
189,217.23,1092.55
190,217.52,1092.55
191,217.81,1092.43
192,218.09,1092.43
193,218.38,1092.43
194,218.66,1092.43
195,218.95,1092.32
196,219.24,1092.32
197,219.52,1092.32
198,219.81,1092.32
199,220.09,1092.21
200,220.38,1092.21
201,220.66,1092.21
202,220.95,1092.21
203,221.24,1092.1
204,221.52,1092.1
205,221.81,1092.1
206,222.09,1092.1
207,222.38,1091.99
208,222.67,1091.99
209,222.95,1091.99
210,223.24,1091.99
211,223.52,1091.88
212,223.81,1091.88
213,224.09,1091.88
214,224.38,1091.88
215,224.67,1091.77
216,224.95,1091.77
217,225.24,1091.77
218,225.52,1091.77
219,225.81,1091.66
220,226.1,1091.66
221,226.38,1091.66
222,226.67,1091.55
223,226.95,1091.55
224,227.24,1091.55
225,227.52,1091.55
226,227.81,1091.44
227,228.0,1091.44
228,228.29,1091.44
229,228.57,1091.44
230,228.86,1091.33
231,229.14,1091.33
232,229.43,1091.33
233,229.72,1091.33
234,230.0,1091.22
235,230.29,1091.22
236,230.57,1091.22
237,230.86,1091.22
238,231.15,1091.1
239,231.43,1091.1
240,231.72,1091.1
241,232.0,1091.1
242,232.29,1090.99
243,232.57,1090.99
244,232.86,1090.99
245,233.15,1090.99
246,233.43,1090.88
247,233.72,1090.88
248,234.0,1090.88
249,234.29,1090.88
250,234.58,1090.77
251,234.86,1090.77
252,235.15,1090.77
253,235.43,1090.77
254,235.72,1090.66
255,236.0,1090.66
256,236.29,1090.66
257,236.58,1090.66
258,236.86,1090.55
259,237.15,1090.55
260,237.43,1090.55
261,237.72,1090.55
262,238.01,1090.44
263,238.29,1090.44
264,238.58,1090.44
265,238.86,1090.33
266,239.15,1090.33
267,239.43,1090.33
268,239.72,1090.33
269,240.01,1090.22
270,240.29,1090.22
271,240.58,1090.22
272,240.86,1090.22
273,241.15,1090.11
274,241.44,1090.11
275,241.72,1090.11
276,242.01,1090.11
277,242.2,1090.0
278,242.48,1090.0
279,242.77,1090.0
280,243.05,1090.0
281,243.34,1089.88
282,243.63,1089.88
283,243.91,1089.88
284,244.2,1089.88
285,244.48,1089.77
286,244.77,1089.77
287,245.06,1089.77
288,245.34,1089.77
289,245.63,1089.66
290,245.91,1089.66
291,246.2,1089.66
292,246.48,1089.66
293,246.77,1089.55
294,247.06,1089.55
295,247.34,1089.55
296,247.63,1089.55
297,247.91,1089.44
298,248.2,1089.44
299,248.49,1089.44
300,248.77,1089.44
301,249.06,1089.33
302,249.34,1089.33
303,249.63,1089.33
304,249.91,1089.33
305,250.2,1089.22
306,250.49,1089.22
307,250.77,1089.22
308,251.06,1089.11
309,251.34,1089.11
310,251.63,1089.11
311,251.92,1089.11
312,252.2,1089.0
313,252.49,1089.0
314,252.77,1089.0
315,253.06,1089.0
316,253.34,1088.89
317,253.63,1088.89
318,253.92,1088.89
319,254.2,1088.89
320,254.49,1088.78
321,254.77,1088.78
322,255.06,1088.78
323,255.35,1088.78
324,255.63,1088.67
325,255.92,1088.67
326,256.2,1088.67
327,256.39,1088.67
328,256.68,1088.55
329,256.97,1088.55
330,257.25,1088.55
331,257.54,1088.55
332,257.82,1088.44
333,258.11,1088.44
334,258.39,1088.44
335,258.68,1088.44
336,258.97,1088.33
337,259.25,1088.33
338,259.54,1088.33
339,259.82,1088.33
340,260.11,1088.22
341,260.4,1088.22
342,260.68,1088.22
343,260.97,1088.22
344,261.25,1088.11
345,261.54,1088.11
346,261.82,1088.11
347,262.11,1088.11
348,262.4,1088.0
349,262.68,1088.0
350,262.97,1088.0
351,263.25,1088.0
352,263.54,1087.89
353,263.83,1087.89
354,264.11,1087.89
355,264.4,1087.78
356,264.68,1087.78
357,264.97,1087.78
358,265.25,1087.78
359,265.54,1087.67
360,265.83,1087.67
361,266.11,1087.67
362,266.4,1087.67
363,266.68,1087.56
364,266.97,1087.56
365,267.26,1087.56
366,267.54,1087.56
367,267.83,1087.45
368,268.11,1087.45
369,268.4,1087.45
370,268.68,1087.45
371,268.97,1087.33
372,269.26,1087.33
373,269.54,1087.33
374,269.83,1087.33
375,270.11,1087.22
376,270.4,1087.22
377,270.59,1087.22
378,270.88,1087.22
379,271.16,1087.11
380,271.45,1087.11
381,271.73,1087.11
382,272.02,1087.11
383,272.31,1087.0
384,272.59,1087.0
385,272.88,1087.0
386,273.16,1087.0
387,273.45,1086.89
388,273.73,1086.89
389,274.02,1086.89
390,274.31,1086.89
391,274.59,1086.78
392,274.88,1086.78
393,275.16,1086.78
394,275.45,1086.78
395,275.74,1086.67
396,276.02,1086.67
397,276.31,1086.67
398,276.59,1086.56
399,276.88,1086.56
400,277.16,1086.56
401,277.45,1086.56
402,277.74,1086.45
403,278.02,1086.45
404,278.31,1086.45
405,278.59,1086.45
406,278.88,1086.34
407,279.17,1086.34
408,279.45,1086.34
409,279.74,1086.34
410,280.02,1086.23
411,280.31,1086.23
412,280.59,1086.23
413,280.88,1086.23
414,281.17,1086.12
415,281.45,1086.12
416,281.74,1086.12
417,282.02,1086.12
418,282.31,1086.0
419,282.6,1086.0
420,282.88,1086.0
421,283.17,1086.0
422,283.45,1085.89
423,283.74,1085.89
424,284.02,1085.89
425,284.31,1085.89
426,284.6,1085.78
427,284.79,1085.78
428,285.07,1085.78
429,285.36,1085.78
430,285.64,1085.67
431,285.93,1085.67
432,286.22,1085.67
433,286.5,1085.67
434,286.79,1085.56
435,287.07,1085.56
436,287.36,1085.56
437,287.65,1085.56
438,287.93,1085.45
439,288.22,1085.45
440,288.5,1085.45
441,288.79,1085.34
442,289.07,1085.34
443,289.36,1085.34
444,289.65,1085.34
445,289.93,1085.23
446,290.22,1085.23
447,290.5,1085.23
448,290.79,1085.23
449,291.08,1085.12
450,291.36,1085.12
451,291.65,1085.12
452,291.93,1085.12
453,292.22,1085.01
454,292.5,1085.01
455,292.79,1085.01
456,293.08,1085.01
457,293.36,1084.9
458,293.65,1084.9
459,293.93,1084.9
460,294.22,1084.9
461,294.51,1084.78
462,294.79,1084.78
463,295.08,1084.78
464,295.36,1084.78
465,295.65,1084.67
466,295.93,1084.67
467,296.22,1084.67
468,296.51,1084.67
469,296.79,1084.56
470,297.08,1084.56
471,297.36,1084.56
472,297.65,1084.56
473,297.94,1084.45
474,298.22,1084.45
475,298.51,1084.45
476,298.79,1084.45
477,298.98,1084.34
478,299.27,1084.34
479,299.55,1084.34
480,299.84,1084.34
481,300.13,1084.23
482,300.41,1084.23
483,300.7,1084.23
484,300.98,1084.12
485,301.27,1084.12
486,301.56,1084.12
487,301.84,1084.12
488,302.13,1084.01
489,302.41,1084.01
490,302.7,1084.01
491,302.98,1084.01
492,303.27,1083.9
493,303.56,1083.9
494,303.84,1083.9
495,304.13,1083.9
496,304.41,1083.79
497,304.7,1083.79
498,304.99,1083.79
499,305.27,1083.79
500,305.56,1083.68
501,305.84,1083.68
502,306.13,1083.68
503,306.41,1083.68
504,306.7,1083.57
505,306.99,1083.57
506,307.27,1083.57
507,307.56,1083.57
508,307.84,1083.45
509,308.13,1083.45
510,308.42,1083.45
511,308.7,1083.45
512,308.99,1083.34
513,309.27,1083.34
514,309.56,1083.34
515,309.84,1083.34
516,310.13,1083.23
517,310.42,1083.23
518,310.7,1083.23
519,310.99,1083.23
520,311.27,1083.12
521,311.56,1083.12
522,311.85,1083.12
523,312.13,1083.12
524,312.42,1083.01
525,312.7,1083.01
526,312.99,1083.01
527,313.27,1082.9
528,313.47,1082.9
529,313.75,1082.9
530,314.04,1082.9
531,314.32,1082.79
532,314.61,1082.79
533,314.89,1082.79
534,315.18,1082.79
535,315.47,1082.68
536,315.75,1082.68
537,316.04,1082.68
538,316.32,1082.68
539,316.61,1082.57
540,316.9,1082.57
541,317.18,1082.57
542,317.47,1082.57
543,317.75,1082.46
544,318.04,1082.46
545,318.32,1082.46
546,318.61,1082.46
547,318.9,1082.35
548,319.18,1082.35
549,319.47,1082.35
550,319.75,1082.35
551,320.04,1082.23
552,320.33,1082.23
553,320.61,1082.23
554,320.9,1082.23
555,321.18,1082.12
556,321.47,1082.12
557,321.75,1082.12
558,322.04,1082.12
559,322.33,1082.01
560,322.61,1082.01
561,322.9,1082.01
562,323.18,1082.01
563,323.47,1081.9
564,323.76,1081.9
565,324.04,1081.9
566,324.33,1081.9
567,324.61,1081.79
568,324.9,1081.79
569,325.18,1081.79
570,325.47,1081.79
571,325.76,1081.68
572,326.04,1081.68
573,326.33,1081.68
574,326.61,1081.57
575,326.9,1081.57
576,327.19,1081.57
577,327.47,1081.57
578,327.66,1081.46
579,327.95,1081.46
580,328.23,1081.46
581,328.52,1081.46
582,328.81,1081.35
583,329.09,1081.35
584,329.38,1081.35
585,329.66,1081.35
586,329.95,1081.24
587,330.23,1081.24
588,330.52,1081.24
589,330.81,1081.24
590,331.09,1081.13
591,331.38,1081.13
592,331.66,1081.13
593,331.95,1081.13
594,332.24,1081.02
595,332.52,1081.02
596,332.81,1081.02
597,333.09,1081.02
598,333.38,1080.9
599,333.66,1080.9
600,333.95,1080.9
601,334.24,1080.9
602,334.52,1080.79
603,334.81,1080.79
604,335.09,1080.79
605,335.38,1080.79
606,335.67,1080.68
607,335.95,1080.68
608,336.24,1080.68
609,336.52,1080.68
610,336.81,1080.57
611,337.09,1080.57
612,337.38,1080.57
613,337.67,1080.57
614,337.95,1080.46
615,338.24,1080.46
616,338.52,1080.46
617,338.81,1080.35
618,339.1,1080.35
619,339.38,1080.35
620,339.67,1080.35
621,339.95,1080.24
622,340.24,1080.24
623,340.52,1080.24
624,340.81,1080.24
625,341.1,1080.13
626,341.38,1080.13
627,341.67,1080.13
628,341.86,1080.13
629,342.14,1080.02
630,342.43,1080.02
631,342.72,1080.02
632,343.0,1080.02
633,343.29,1079.91
634,343.57,1079.91
635,343.86,1079.91
636,344.15,1079.91
637,344.43,1079.8
638,344.72,1079.8
639,345.0,1079.8
640,345.29,1079.8
641,345.57,1079.68
642,345.86,1079.68
643,346.15,1079.68
644,346.43,1079.68
645,346.72,1079.57
646,347.0,1079.57
647,347.29,1079.57
648,347.58,1079.57
649,347.86,1079.46
650,348.15,1079.46
651,348.43,1079.46
652,348.72,1079.46
653,349.0,1079.35
654,349.29,1079.35
655,349.58,1079.35
656,349.86,1079.35
657,350.15,1079.24
658,350.43,1079.24
659,350.72,1079.24
660,351.01,1079.13
661,351.29,1079.13
662,351.58,1079.13
663,351.86,1079.13
664,352.15,1079.02
665,352.43,1079.02
666,352.72,1079.02
667,353.01,1079.02
668,353.29,1078.91
669,353.58,1078.91
670,353.86,1078.91
671,354.15,1078.91
672,354.44,1078.8
673,354.72,1078.8
674,355.01,1078.8
675,355.29,1078.8
676,355.58,1078.69
677,355.86,1078.69
678,356.05,1078.69
679,356.34,1078.69
680,356.63,1078.58
681,356.91,1078.58
682,357.2,1078.58
683,357.48,1078.58
684,357.77,1078.46
685,358.06,1078.46
686,358.34,1078.46
687,358.63,1078.46
688,358.91,1078.35
689,359.2,1078.35
690,359.48,1078.35
691,359.77,1078.35
692,360.06,1078.24
693,360.34,1078.24
694,360.63,1078.24
695,360.91,1078.24
696,361.2,1078.13
697,361.49,1078.13
698,361.77,1078.13
699,362.06,1078.13
700,362.34,1078.02
701,362.63,1078.02
702,362.91,1078.02
703,363.2,1077.91
704,363.49,1077.91
705,363.77,1077.91
706,364.06,1077.91
707,364.34,1077.8
708,364.63,1077.8
709,364.92,1077.8
710,365.2,1077.8
711,365.49,1077.69
712,365.77,1077.69
713,366.06,1077.69
714,366.34,1077.69
715,366.63,1077.58
716,366.92,1077.58
717,367.2,1077.58
718,367.49,1077.58
719,367.77,1077.47
720,368.06,1077.47
721,368.35,1077.47
722,368.63,1077.47
723,368.92,1077.36
724,369.2,1077.36
725,369.49,1077.36
726,369.77,1077.36
727,370.06,1077.25
728,370.25,1077.25
729,370.54,1077.25
730,370.82,1077.25
731,371.11,1077.13
732,371.39,1077.13
733,371.68,1077.13
734,371.97,1077.13
735,372.25,1077.02
736,372.54,1077.02
737,372.82,1077.02
738,373.11,1077.02
739,373.4,1076.91
740,373.68,1076.91
741,373.97,1076.91
742,374.25,1076.91
743,374.54,1076.8
744,374.82,1076.8
745,375.11,1076.8
746,375.4,1076.8
747,375.68,1076.69
748,375.97,1076.69
749,376.25,1076.69
750,376.54,1076.58
751,376.83,1076.58
752,377.11,1076.58
753,377.4,1076.58
754,377.68,1076.47
755,377.97,1076.47
756,378.25,1076.47
757,378.54,1076.47
758,378.83,1076.36
759,379.11,1076.36
760,379.4,1076.36
761,379.68,1076.36
762,379.97,1076.25
763,380.26,1076.25
764,380.54,1076.25
765,380.83,1076.25
766,381.11,1076.14
767,381.4,1076.14
768,381.68,1076.14
769,381.97,1076.14
770,382.26,1076.03
771,382.54,1076.03
772,382.83,1076.03
773,383.11,1076.03
774,383.4,1075.91
775,383.69,1075.91
776,383.97,1075.91
777,384.26,1075.91
778,384.45,1075.8
779,384.73,1075.8
780,385.02,1075.8
781,385.31,1075.8
782,385.59,1075.69
783,385.88,1075.69
784,386.16,1075.69
785,386.45,1075.69
786,386.73,1075.58
787,387.02,1075.58
788,387.31,1075.58
789,387.59,1075.58
790,387.88,1075.47
791,388.16,1075.47
792,388.45,1075.47
793,388.74,1075.36
794,389.02,1075.36
795,389.31,1075.36
796,389.59,1075.36
797,389.88,1075.25
798,390.16,1075.25
799,390.45,1075.25
800,390.74,1075.25
801,391.02,1075.14
802,391.31,1075.14
803,391.59,1075.14
804,391.88,1075.14
805,392.17,1075.03
806,392.45,1075.03
807,392.74,1075.03
808,393.02,1075.03
809,393.31,1074.92
810,393.59,1074.92
811,393.88,1074.92
812,394.17,1074.92
813,394.45,1074.81
814,394.74,1074.81
815,395.02,1074.81
816,395.31,1074.81
817,395.6,1074.7
818,395.88,1074.7
819,396.17,1074.7
820,396.45,1074.7
821,396.74,1074.58
822,397.02,1074.58
823,397.31,1074.58
824,397.6,1074.58
825,397.88,1074.47
826,398.17,1074.47
827,398.45,1074.47
828,398.64,1074.47
829,398.93,1074.36
830,399.22,1074.36
831,399.5,1074.36
832,399.79,1074.36
833,400.07,1074.25
834,400.36,1074.25
835,400.65,1074.25
836,400.93,1074.14
837,401.22,1074.14
838,401.5,1074.14
839,401.79,1074.14
840,402.07,1074.03
841,402.36,1074.03
842,402.65,1074.03
843,402.93,1074.03
844,403.22,1073.92
845,403.5,1073.92
846,403.79,1073.92
847,404.08,1073.92
848,404.36,1073.81
849,404.65,1073.81
850,404.93,1073.81
851,405.22,1073.81
852,405.5,1073.7
853,405.79,1073.7
854,406.08,1073.7
855,406.36,1073.7
856,406.65,1073.59
857,406.93,1073.59
858,407.22,1073.59
859,407.51,1073.59
860,407.79,1073.48
861,408.08,1073.48
862,408.36,1073.48
863,408.65,1073.48
864,408.93,1073.36
865,409.22,1073.36
866,409.51,1073.36
867,409.79,1073.36
868,410.08,1073.25
869,410.36,1073.25
870,410.65,1073.25
871,410.94,1073.25
872,411.22,1073.14
873,411.51,1073.14
874,411.79,1073.14
875,412.08,1073.14
876,412.36,1073.03
877,412.65,1073.03
878,412.84,1073.03
879,413.13,1072.92
880,413.41,1072.92
881,413.7,1072.92
882,413.98,1072.92
883,414.27,1072.81
884,414.56,1072.81
885,414.84,1072.81
886,415.13,1072.81
887,415.41,1072.7
888,415.7,1072.7
889,415.98,1072.7
890,416.27,1072.7
891,416.56,1072.59
892,416.84,1072.59
893,417.13,1072.59
894,417.41,1072.59
895,417.7,1072.48
896,417.99,1072.48
897,418.27,1072.48
898,418.56,1072.48
899,418.84,1072.37
900,419.13,1072.37
901,419.41,1072.37
902,419.7,1072.37
903,419.99,1072.26
904,420.27,1072.26
905,420.56,1072.26
906,420.84,1072.26
907,421.13,1072.15
908,421.42,1072.15
909,421.7,1072.15
910,421.99,1072.15
911,422.27,1072.03
912,422.56,1072.03
913,422.84,1072.03
914,423.13,1072.03
915,423.42,1071.92
916,423.7,1071.92
917,423.99,1071.92
918,424.27,1071.92
919,424.56,1071.81
920,424.85,1071.81
921,425.13,1071.81
922,425.42,1071.7
923,425.7,1071.7
924,425.99,1071.7
925,426.27,1071.7
926,426.56,1071.59
927,426.85,1071.59
928,427.04,1071.59
929,427.32,1071.59
930,427.61,1071.48
931,427.89,1071.48
932,428.18,1071.48
933,428.47,1071.48
934,428.75,1071.37
935,429.04,1071.37
936,429.32,1071.37
937,429.61,1071.37
938,429.9,1071.26
939,430.18,1071.26
940,430.47,1071.26
941,430.75,1071.26
942,431.04,1071.15
943,431.32,1071.15
944,431.61,1071.15
945,431.9,1071.15
946,432.18,1071.04
947,432.47,1071.04
948,432.75,1071.04
949,433.04,1071.04
950,433.33,1070.93
951,433.61,1070.93
952,433.9,1070.93
953,434.18,1070.93
954,434.47,1070.81
955,434.75,1070.81
956,435.04,1070.81
957,435.33,1070.81
958,435.61,1070.7
959,435.9,1070.7
960,436.18,1070.7
961,436.47,1070.7
962,436.76,1070.59
963,437.04,1070.59
964,437.33,1070.59
965,437.61,1070.59
966,437.9,1070.48
967,438.18,1070.48
968,438.47,1070.48
969,438.76,1070.37
970,439.04,1070.37
971,439.33,1070.37
972,439.61,1070.37
973,439.9,1070.26
974,440.19,1070.26
975,440.47,1070.26
976,440.76,1070.26
977,441.04,1070.15
978,441.23,1070.15
979,441.52,1070.15
980,441.81,1070.15
981,442.09,1070.04
982,442.38,1070.04
983,442.66,1070.04
984,442.95,1070.04
985,443.23,1069.93
986,443.52,1069.93
987,443.81,1069.93
988,444.09,1069.93
989,444.38,1069.82
990,444.66,1069.82
991,444.95,1069.82
992,445.24,1069.82
993,445.52,1069.71
994,445.81,1069.71
995,446.09,1069.71
996,446.38,1069.71
997,446.66,1069.6
998,446.95,1069.6
999,447.24,1069.6
1000,447.52,1069.6
1001,447.81,1069.48
1002,448.09,1069.48
1003,448.38,1069.48
1004,448.67,1069.48
1005,448.95,1069.37
1006,449.24,1069.37
1007,449.52,1069.37
1008,449.81,1069.37
1009,450.09,1069.26
1010,450.38,1069.26
1011,450.67,1069.26
1012,450.95,1069.15
1013,451.24,1069.15
1014,451.52,1069.15
1015,451.81,1069.15
1016,452.1,1069.04
1017,452.38,1069.04
1018,452.67,1069.04
1019,452.95,1069.04
1020,453.24,1068.93
1021,453.52,1068.93
1022,453.81,1068.93
1023,454.1,1068.93
1024,454.38,1068.82
1025,454.67,1068.82
1026,454.95,1068.82
1027,455.24,1068.82
1028,455.43,1068.71
1029,455.72,1068.71
1030,456.0,1068.71
1031,456.29,1068.71
1032,456.57,1068.6
1033,456.86,1068.6
1034,457.15,1068.6
1035,457.43,1068.6
1036,457.72,1068.49
1037,458.0,1068.49
1038,458.29,1068.49
1039,458.57,1068.49
1040,458.86,1068.38
1041,459.15,1068.38
1042,459.43,1068.38
1043,459.72,1068.38
1044,460.0,1068.26
1045,460.29,1068.26
1046,460.58,1068.26
1047,460.86,1068.26
1048,461.15,1068.15
1049,461.43,1068.15
1050,461.72,1068.15
1051,462.0,1068.15
1052,462.29,1068.04
1053,462.58,1068.04
1054,479.63,1066.6
1055,496.69,1065.16
1056,513.74,1063.72
1057,530.8,1062.28
1058,547.85,1060.73
1059,564.9,1059.28
1060,581.96,1057.84
1061,599.01,1056.4
1062,616.07,1054.96
1063,633.12,1053.52
1064,650.18,1055.29
1065,667.14,1057.07
1066,684.19,1058.73
1067,701.15,1060.5
1068,718.11,1062.28
1069,735.17,1064.05
1070,752.22,1065.83
1071,769.18,1067.49
1072,786.14,1069.26
1073,803.2,1071.04
1074,817.58,1071.81
1075,832.06,1072.48
1076,846.45,1073.25
1077,860.84,1074.03
1078,875.32,1074.7
1079,889.71,1075.47
1080,904.1,1076.25
1081,918.58,1076.91
1082,932.96,1077.69
1083,943.06,1068.49
1084,953.07,1059.39
1085,963.07,1050.19
1086,973.17,1040.99
1087,983.18,1031.9
1088,993.28,1022.7
1089,1003.28,1013.49
1090,1013.38,1004.29
1091,1023.38,995.2
1092,1033.48,986.0
1093,1033.58,976.79
1094,1033.58,967.59
1095,1033.67,958.5
1096,1033.77,949.3
1097,1033.86,940.1
1098,1033.86,930.89
1099,1033.96,921.8
1100,1034.05,912.6
1101,1034.05,903.4
1102,1034.15,894.19
1103,1034.25,885.1
1104,1034.34,875.9
1105,1034.34,866.7
1106,1034.44,857.49
1107,1034.53,848.4
1108,1034.53,839.2
1109,1034.63,830.0
1110,1034.72,820.8
1111,1034.82,811.7
1112,1034.82,802.5
1113,1034.91,793.3
1114,1035.01,784.1
1115,1035.01,774.89
1116,1035.1,765.8
1117,1035.2,756.6
1118,1035.29,747.4
1119,1035.29,738.19
1120,1035.39,729.1
1121,1035.48,719.9
1122,1035.48,710.7
1123,1035.58,701.5
1124,1035.67,692.4
1125,1035.77,683.2
1126,1035.77,674.0
1127,1035.87,664.8
1128,1035.96,655.7
1129,1035.96,646.5
1130,1036.06,637.3
1131,1036.15,628.1
1132,1036.25,619.01
1133,1036.25,609.8
1134,1036.34,600.6
1135,1036.44,591.4
1136,1036.44,582.2
1137,1036.53,573.1
1138,1036.63,563.9
1139,1036.72,554.7
1140,1036.72,545.5
1141,1036.82,536.41
1142,1036.91,527.2
1143,1036.91,518.0
1144,1037.01,508.8
1145,1037.1,499.71
1146,1037.2,490.5
1147,1037.2,481.3
1148,1037.29,472.1
1149,1037.39,463.01
1150,1037.39,453.8
1151,1037.48,444.6
1152,1037.58,435.4
1153,1037.68,426.31
1154,1037.68,417.11
1155,1037.77,407.9
1156,1037.87,398.7
1157,1037.87,389.5
1158,1037.96,380.41
1159,1038.06,371.2
1160,1038.15,362.0
1161,1038.15,352.8
1162,1038.25,343.71
1163,1038.34,334.5
1164,1038.34,325.3
1165,1038.44,316.1
1166,1038.53,307.01
1167,1038.63,297.81
1168,1038.63,288.6
1169,1038.72,279.4
1170,1038.82,270.31
1171,1038.82,261.11
1172,1038.91,251.9
1173,1039.01,242.7
1174,1039.1,233.61
1175,1039.1,224.41
1176,1039.2,215.21
1177,1039.3,206.0
1178,1039.3,196.8
1179,1039.39,187.71
1180,1039.49,178.51
1181,1039.58,169.3
1182,1039.58,160.1
1183,1039.68,151.01
1184,1039.77,141.81
1185,1039.77,132.6
1186,1039.87,123.4
1187,1039.96,114.31
1188,1040.06,105.11
1189,1040.06,95.91
1190,1040.15,86.7
1191,1040.25,77.61
1192,1040.25,68.41
1193,1040.34,59.21
1194,1040.44,50.0
1195,1040.53,40.91
1196,1040.53,31.71
1197,1040.63,22.51
