1,1528.26,1438.8
2,1521.21,1435.37
3,1514.16,1432.04
4,1507.11,1428.6
5,1500.06,1425.28
6,1493.01,1421.84
7,1485.96,1418.4
8,1478.91,1415.08
9,1471.86,1411.64
10,1460.71,1406.65
11,1449.66,1401.55
12,1438.51,1396.56
13,1427.46,1391.46
14,1416.31,1386.47
15,1405.16,1381.48
16,1394.11,1376.38
17,1382.96,1371.39
18,1371.91,1366.29
19,1360.76,1361.3
20,1349.62,1356.31
21,1338.56,1351.21
22,1327.42,1346.22
23,1316.36,1341.12
24,1305.22,1336.13
25,1294.07,1331.15
26,1283.02,1326.05
27,1271.87,1321.06
28,1260.82,1315.96
29,1249.67,1310.97
30,1238.52,1305.98
31,1227.47,1300.88
32,1216.32,1295.89
33,1205.27,1290.79
34,1194.12,1285.8
35,1182.97,1280.81
36,1171.92,1275.71
37,1160.77,1270.72
38,1149.72,1265.62
39,1138.58,1260.63
40,1125.62,1254.42
41,1112.75,1248.21
42,1099.89,1242.11
43,1086.93,1235.91
44,1074.07,1229.7
45,1061.11,1223.49
46,1048.16,1217.28
47,1035.29,1211.18
48,1022.34,1204.97
49,1009.47,1198.76
50,1000.71,1193.11
51,992.04,1187.56
52,983.27,1181.91
53,974.51,1176.37
54,965.84,1170.71
55,957.07,1165.17
56,948.3,1159.51
57,939.63,1153.97
58,930.87,1148.32
59,924.96,1127.69
60,918.96,1107.07
61,927.91,1098.31
62,936.97,1089.44
63,945.92,1080.57
64,954.88,1071.81
65,963.83,1063.05
66,972.89,1054.18
67,981.84,1045.31
68,990.8,1036.55
69,999.85,1027.8
70,1008.81,1018.93
71,1011.19,1004.07
72,1013.57,989.21
73,1015.95,974.35
74,1018.33,959.5
75,1020.72,944.64
76,1023.1,929.78
77,1025.48,914.93
78,1027.86,900.07
79,1030.24,885.21
80,1032.63,870.36
81,1035.01,855.5
82,1037.39,840.64
83,1039.77,825.78
84,1042.15,810.93
85,1044.54,796.07
86,1046.92,781.21
87,1049.3,766.36
88,1051.68,751.5
89,1054.06,736.64
90,1056.45,721.79
91,1058.83,706.93
92,1061.21,691.96
93,1063.59,677.1
94,1065.97,662.25
95,1068.36,647.39
96,1070.74,632.53
97,1073.12,617.68
98,1075.5,602.82
99,1077.88,587.96
100,1080.26,573.1
101,1082.65,558.25
102,1085.03,543.39
103,1087.41,528.53
104,1089.79,513.68
105,1092.17,498.82
106,1094.56,483.96
107,1096.94,469.11
108,1099.32,454.25
109,1101.7,439.39
110,1104.08,424.53
111,1106.47,409.68
112,1108.85,394.82
113,1111.23,379.96
114,1107.7,365.66
115,1104.18,351.36
116,1100.65,337.05
117,1097.03,322.64
118,1093.51,308.34
119,1089.98,294.04
120,1086.46,279.73
121,1084.93,272.53
122,1083.31,265.43
123,1081.79,258.22
124,1080.17,251.02
125,1078.65,243.81
126,1077.03,236.71
127,1075.5,229.51
128,1073.88,222.3
129,1072.36,215.21
130,1070.74,208.0
131,1069.21,200.79
132,1067.59,193.58
133,1066.07,186.49
134,1064.45,179.28
135,1062.92,172.08
136,1061.3,164.98
137,1059.78,157.77
138,1058.16,150.57
139,1056.64,143.47
140,1055.02,136.26
141,1053.49,129.06
142,1051.87,121.85
143,1050.35,114.75
144,1048.73,107.55
145,1047.2,100.34
146,1045.58,93.24
147,1044.06,86.04
148,1042.44,78.83
149,1040.91,71.62
150,1039.3,64.53
151,1037.77,57.32
152,1036.34,57.21
153,1035.01,57.1
154,1033.58,56.99
155,1032.24,56.88
156,1030.82,56.77
157,1029.39,56.66
158,1028.05,56.55
159,1026.62,56.43
160,1025.19,56.32
161,1023.86,56.21
162,1022.43,55.99
163,1021.1,55.88
164,1019.67,55.77
165,1018.24,55.66
166,1016.9,55.55
167,1015.48,55.44
168,1014.14,55.33
169,1012.71,55.21
170,1011.28,55.1
171,1009.95,54.99
172,1008.52,54.88
173,1007.09,54.77
174,1005.76,54.66
175,1004.33,54.55
176,1002.99,54.44
177,1001.56,54.33
178,1000.14,54.22
179,998.8,54.11
180,997.37,54.0
181,996.04,53.88
182,994.61,53.66
183,993.18,53.55
184,991.85,53.44
185,990.42,53.33
186,988.99,53.22
187,987.65,53.11
188,986.23,53.0
189,984.89,52.89
190,983.46,52.78
191,982.03,52.66
192,980.7,52.55
193,979.27,52.44
194,977.94,52.33
195,976.51,52.22
196,975.08,52.11
197,973.74,52.0
198,972.31,51.89
199,970.89,51.78
200,969.55,51.67
201,968.12,51.56
202,966.79,51.33
203,965.36,51.22
204,963.93,51.11
205,962.6,51.0
206,961.17,50.89
207,959.83,50.78
208,958.4,50.67
209,956.97,50.56
210,955.64,50.45
211,954.21,50.34
212,952.88,50.23
213,951.45,50.11
214,950.02,50.0
215,948.69,49.89
216,947.26,49.78
217,945.83,49.67
218,944.49,49.56
219,943.06,49.45
220,941.73,49.34
221,940.3,49.23
222,938.87,49.12
223,937.54,48.9
224,936.11,48.78
225,934.77,48.67
226,933.35,48.56
227,931.92,48.45
228,930.58,48.34
229,929.15,48.23
230,927.72,48.12
231,926.39,48.01
232,924.96,47.9
233,923.63,47.79
234,922.2,47.68
235,920.77,47.56
236,919.44,47.45
237,918.01,47.34
238,916.67,47.23
239,915.24,47.12
240,913.81,47.01
241,912.48,46.9
242,911.05,46.79
243,909.62,46.57
244,908.29,46.46
245,906.86,46.35
246,905.52,46.23
247,904.1,46.12
248,902.67,46.01
249,901.33,45.9
250,899.9,45.79
251,898.57,45.68
252,897.14,45.57
253,895.71,45.46
254,894.38,45.35
255,892.95,45.24
256,891.52,45.13
257,890.18,45.01
258,888.76,44.9
259,887.42,44.79
260,885.99,44.68
261,884.56,44.57
262,883.23,44.46
263,881.8,44.24
264,880.47,44.13
265,879.04,44.02
266,877.61,43.91
267,876.27,43.79
268,874.84,43.68
269,873.42,43.57
270,872.08,43.46
271,870.65,43.35
272,869.32,43.24
273,867.89,43.13
274,866.46,43.02
275,865.13,42.91
276,863.7,42.8
277,862.36,42.69
278,860.93,42.58
279,859.51,42.46
280,858.17,42.35
281,856.74,42.24
282,855.31,42.13
283,853.98,42.02
284,852.55,41.8
285,851.22,41.69
286,849.79,41.58
287,848.36,41.47
288,847.02,41.36
289,845.59,41.24
290,844.26,41.13
291,842.83,41.02
292,841.4,40.91
293,840.07,40.8
294,838.64,40.69
295,837.21,40.58
296,835.88,40.47
297,834.45,40.36
298,833.11,40.25
299,831.68,40.14
300,830.25,40.03
301,828.92,39.91
302,827.49,39.8
303,826.16,39.69
304,824.73,39.47
305,823.3,39.36
306,821.97,39.25
307,820.54,39.14
308,819.11,39.03
309,817.77,38.92
310,816.34,38.81
311,815.01,38.69
312,813.58,38.58
313,812.15,38.47
314,810.82,38.36
315,809.39,38.25
316,808.05,38.14
317,806.63,38.03
318,805.2,37.92
319,803.86,37.81
320,802.43,37.7
321,801.0,37.59
322,799.67,37.48
323,798.24,37.36
324,796.91,37.14
325,795.48,37.03
326,794.05,36.92
327,792.72,36.81
328,791.29,36.7
329,789.95,36.59
330,788.52,36.48
331,787.09,36.37
332,785.76,36.26
333,784.33,36.14
334,782.9,36.03
335,781.57,35.92
336,780.14,35.81
337,778.8,35.7
338,777.38,35.59
339,775.95,35.48
340,774.61,35.37
341,773.18,35.26
342,771.85,35.15
343,770.42,35.04
344,768.99,34.93
345,767.66,34.7
346,766.23,34.59
347,764.89,34.48
348,763.46,34.37
349,762.04,34.26
350,760.7,34.15
351,759.27,34.04
352,757.84,33.93
353,756.51,33.82
354,755.08,33.71
355,753.75,33.59
356,752.32,33.48
357,750.89,33.37
358,749.55,33.26
359,748.12,33.15
360,746.79,33.04
361,745.36,32.93
362,743.93,32.82
363,742.6,32.71
364,741.17,32.6
365,739.74,32.38
366,738.41,32.26
367,736.98,32.15
368,735.64,32.04
369,734.21,31.93
370,732.79,31.82
371,731.45,31.71
372,730.02,31.6
373,728.69,31.49
374,727.26,31.38
375,725.83,31.27
376,724.5,31.16
377,723.07,31.04
378,721.64,30.93
379,720.3,30.82
380,718.87,30.71
381,717.54,30.6
382,716.11,30.49
383,714.68,30.38
384,713.35,30.27
385,711.92,30.05
386,710.59,29.94
387,709.16,29.82
388,707.73,29.71
389,706.39,29.6
390,704.96,29.49
391,703.53,29.38
392,702.2,29.27
393,700.77,29.16
394,699.44,29.05
395,698.01,28.94
396,696.58,28.83
397,695.25,28.72
398,693.82,28.61
399,692.48,28.49
400,691.05,28.38
401,689.62,28.27
402,688.29,28.16
403,686.86,28.05
404,685.43,27.94
405,684.1,27.83
406,682.67,27.61
407,681.33,27.5
408,679.91,27.39
409,678.48,27.27
410,677.14,27.16
411,675.71,27.05
412,674.38,26.94
413,672.95,26.83
414,671.52,26.72
415,670.19,26.61
416,668.76,26.5
417,667.33,26.39
418,665.99,26.28
419,664.57,26.17
420,663.23,26.06
421,661.8,25.94
422,660.37,25.83
423,659.04,25.72
424,657.61,25.61
425,656.28,25.5
426,654.85,25.28
427,653.42,25.17
428,652.08,25.06
429,650.66,24.95
430,649.23,24.84
431,647.89,24.72
432,646.46,24.61
433,645.13,24.5
434,643.7,24.39
435,642.27,24.28
436,640.94,24.17
437,639.51,24.06
438,638.17,23.95
439,636.74,23.84
440,635.32,23.73
441,633.98,23.62
442,632.55,23.51
443,631.12,23.39
444,629.79,23.28
445,628.36,23.17
446,627.03,22.95
447,625.6,22.84
448,624.17,22.73
449,622.83,22.62
450,621.4,22.51
451,620.07,22.4
452,618.64,22.29
453,617.21,22.17
454,615.88,22.06
455,614.45,21.95
456,613.02,21.84
457,611.69,21.73
458,610.26,21.62
459,608.92,21.51
460,607.49,21.4
461,606.06,21.29
462,604.73,21.18
463,603.3,21.07
464,601.97,20.96
465,600.54,20.84
466,599.11,20.73
467,597.78,20.51
468,596.35,20.4
469,595.01,20.29
470,593.58,20.18
471,592.15,20.07
472,590.82,19.96
473,589.39,19.85
474,587.96,19.74
475,586.63,19.62
476,585.2,19.51
477,583.87,19.4
478,582.44,19.29
479,581.01,19.18
480,579.67,19.07
481,578.24,18.96
482,576.91,18.85
483,575.48,18.74
484,574.05,18.63
485,572.72,18.52
486,571.29,18.4
487,569.86,18.18
488,568.53,18.07
489,567.1,17.96
490,565.76,17.85
491,564.33,17.74
492,562.9,17.63
493,561.57,17.52
494,560.14,17.41
495,558.81,17.3
496,557.38,17.19
497,555.95,17.07
498,554.61,16.96
499,553.19,16.85
500,551.76,16.74
501,550.42,16.63
502,548.99,16.52
503,547.66,16.41
504,546.23,16.3
505,544.8,16.19
506,543.47,16.08
507,542.04,15.85
508,540.7,15.74
509,539.27,15.63
510,537.85,15.52
511,536.51,15.41
512,535.08,15.3
513,533.65,15.19
514,532.32,15.08
515,530.89,14.97
516,529.56,14.86
517,528.13,14.75
518,526.79,16.3
519,525.46,17.74
520,524.03,19.29
521,522.7,20.84
522,521.36,22.29
523,520.03,23.84
524,520.03,23.84
525,520.03,23.84
526,520.03,23.84
527,520.03,23.84
528,520.03,23.84
529,520.03,23.84
530,520.03,23.84
531,520.03,23.84
532,520.03,23.84
533,520.03,23.84
534,520.03,23.84
535,520.03,23.84
536,520.03,23.84
537,520.03,23.84
538,520.03,23.84
539,520.03,23.84
540,520.03,23.84
541,520.03,23.84
542,520.03,23.84
543,520.03,23.84
544,520.03,23.84
545,520.03,23.84
546,520.03,23.84
547,520.03,23.84
548,520.03,23.84
549,520.03,23.84
550,520.03,23.84
551,520.03,23.84
552,520.03,23.84
553,520.03,23.84
554,519.46,28.05
555,518.89,32.15
556,518.31,36.37
557,517.74,40.47
558,517.17,44.68
559,516.6,48.78
560,516.03,53.0
561,515.46,57.21
562,514.88,61.31
563,514.31,65.53
564,513.74,69.63
565,513.17,73.84
566,512.6,78.05
567,512.12,82.16
568,511.55,86.37
569,510.98,90.47
570,510.41,94.69
571,509.83,98.79
572,509.26,103.0
573,508.69,107.21
574,508.12,111.32
575,507.55,115.53
576,506.98,119.63
577,506.4,123.85
578,505.83,127.95
579,505.26,132.16
580,503.55,140.03
581,501.74,147.79
582,500.02,155.56
583,498.31,163.43
584,496.49,171.3
585,494.78,179.06
586,493.06,186.93
587,491.35,194.69
588,489.54,202.57
589,487.82,210.33
590,490.87,216.2
591,489.35,222.3
592,487.82,228.51
593,486.2,234.72
594,484.68,240.82
595,483.16,246.91
596,481.63,253.12
597,480.11,259.33
598,478.49,265.43
599,476.96,271.53
600,475.44,277.74
601,474.01,282.28
602,472.58,286.83
603,471.06,291.26
604,469.63,295.81
605,468.2,300.36
606,466.77,304.9
607,465.34,309.45
608,463.81,313.88
609,462.39,318.43
610,460.96,322.97
611,459.91,326.74
612,458.86,330.62
613,457.72,334.39
614,456.67,338.16
615,455.62,342.04
616,454.57,345.81
617,453.52,349.58
618,452.38,353.46
619,451.33,357.23
620,450.29,361.0
621,449.24,364.77
622,448.09,368.65
623,447.05,372.42
624,446.0,376.19
625,444.95,380.07
626,443.9,383.84
627,442.76,387.61
628,441.71,391.49
629,440.66,395.26
630,442.76,399.48
631,442.09,401.69
632,441.42,403.91
633,444.47,406.35
634,447.62,408.79
635,444.85,413.34
636,442.19,417.88
637,439.42,422.32
638,436.66,426.86
639,436.66,427.86
640,436.66,428.86
641,436.66,429.75
642,436.66,430.74
643,436.66,431.74
644,436.66,432.74
645,436.66,433.74
646,436.66,434.62
647,436.66,435.62
648,436.66,436.62
649,435.71,439.72
650,434.85,442.94
651,433.9,446.04
652,433.04,449.26
653,432.09,452.36
654,431.23,455.47
655,430.28,458.68
656,429.42,461.79
657,428.47,465.0
658,427.61,468.11
659,427.51,468.33
660,427.51,468.66
661,427.42,468.88
662,427.42,469.11
663,427.32,469.33
664,427.32,469.66
665,427.32,469.88
666,427.23,470.1
667,427.23,470.44
668,427.13,470.66
669,427.13,470.66
670,427.13,470.66
671,427.13,470.66
672,427.13,470.66
673,427.13,470.66
674,427.13,470.66
675,427.13,470.66
676,427.13,470.66
677,427.13,470.66
678,427.13,470.66
679,427.13,470.66
680,427.13,470.66
681,427.13,470.66
682,427.13,470.66
683,427.13,470.66
684,427.13,470.66
685,427.13,470.66
686,427.13,470.66
687,427.13,470.66
688,427.13,470.66
689,427.13,470.66
690,427.13,470.66
691,427.13,470.66
692,427.13,470.66
693,427.13,470.66
694,427.13,470.66
695,427.13,470.66
696,427.13,470.66
697,427.13,470.66
698,427.13,470.66
699,427.13,470.66
700,427.13,470.66
701,427.13,470.66
702,427.13,470.66
703,427.13,470.66
704,427.13,470.66
705,427.13,470.66
706,427.13,470.66
707,427.13,470.66
708,427.13,470.66
709,427.13,470.66
710,427.13,470.66
711,427.13,470.66
712,427.13,470.66
713,427.13,470.66
714,427.13,470.66
715,427.13,470.66
716,427.13,470.66
717,427.13,470.66
718,427.13,470.66
719,427.04,470.77
720,427.04,470.77
721,426.94,470.88
722,426.94,470.99
723,426.85,470.99
724,426.75,471.1
725,426.75,471.21
726,426.66,471.32
727,426.66,471.32
728,426.56,471.43
729,426.18,472.43
730,425.8,473.54
731,425.42,474.54
732,425.04,475.65
733,424.75,476.64
734,424.37,477.75
735,423.99,478.86
736,423.61,479.86
737,423.23,480.86
738,422.84,481.97
739,421.42,488.29
740,419.89,494.61
741,418.46,501.04
742,416.94,507.36
743,415.51,513.68
744,414.08,520.0
745,412.55,526.32
746,411.13,532.75
747,409.6,539.07
748,408.17,545.39
749,406.74,551.71
750,405.22,558.03
751,403.79,564.46
752,402.26,570.78
753,400.84,577.1
754,405.12,580.09
755,409.32,583.08
756,413.51,586.08
757,417.8,589.07
758,415.13,593.28
759,412.46,597.5
760,409.89,601.71
761,407.22,605.92
762,404.55,610.14
763,401.88,614.35
764,399.22,618.56
765,396.64,622.78
766,393.98,626.99
767,391.31,631.2
768,389.31,634.08
769,387.4,636.97
770,385.4,639.85
771,383.49,642.73
772,381.49,645.73
773,379.59,648.61
774,377.59,651.49
775,375.68,654.37
776,373.68,657.26
777,373.2,661.47
778,372.63,665.79
779,372.16,670.01
780,371.59,674.22
781,371.11,678.54
782,370.54,682.76
783,370.06,686.97
784,369.49,691.3
785,369.01,695.51
786,369.49,700.39
787,369.01,704.82
788,369.97,709.48
789,370.82,714.25
790,371.78,719.01
791,372.73,723.67
792,371.2,729.55
793,369.68,735.42
794,369.39,740.86
795,367.3,747.06
796,366.06,753.16
797,364.53,759.37
798,363.01,765.58
799,361.49,771.79
800,359.87,778.0
801,358.34,784.21
802,356.82,790.42
803,355.29,796.62
804,353.77,802.83
805,352.24,809.04
806,350.72,815.25
807,349.19,821.46
808,347.58,827.67
809,346.05,833.88
810,344.53,840.09
811,343.0,846.3
812,342.05,847.18
813,341.1,848.18
814,340.05,849.07
815,339.1,850.07
816,338.14,850.95
817,337.19,851.84
818,336.24,852.84
819,335.19,853.72
820,334.24,854.72
821,333.28,855.61
822,333.28,855.61
823,333.28,855.61
824,333.28,855.61
825,333.28,855.61
826,333.28,855.61
827,333.28,855.61
828,333.28,855.61
829,333.28,855.61
830,333.28,855.61
831,333.28,855.61
832,332.71,856.16
833,332.24,856.72
834,331.66,857.27
835,331.19,857.83
836,330.62,858.38
837,330.04,858.94
838,329.57,859.49
839,329.0,860.04
840,328.52,860.6
841,327.95,861.15
842,327.28,863.48
843,326.04,865.92
844,324.71,868.47
845,329.85,879.78
846,331.85,886.65
847,333.09,890.87
848,334.43,895.08
849,335.67,899.29
850,337.0,903.51
851,338.24,907.72
852,339.57,911.93
853,340.81,916.15
854,340.72,920.47
855,340.52,924.91
856,340.43,929.23
857,340.24,933.66
858,340.14,937.99
859,340.91,944.75
860,341.76,951.4
861,342.53,958.17
862,343.29,964.93
863,344.15,971.58
864,344.91,978.35
865,345.67,985.11
866,346.53,991.76
867,347.29,998.53
868,348.05,1005.29
869,348.91,1011.94
870,349.67,1018.7
871,350.43,1025.47
872,351.29,1032.12
873,352.05,1038.88
874,352.82,1045.65
875,353.67,1052.3
876,354.44,1059.06
877,354.24,1068.26
878,354.63,1076.14
879,355.1,1084.01
880,355.48,1091.77
881,355.86,1099.64
882,355.58,1108.18
883,355.39,1116.72
884,355.58,1125.36
885,354.72,1135.9
886,353.86,1146.43
887,353.01,1156.96
888,352.15,1167.5
889,351.29,1178.03
890,350.72,1187.56
891,350.15,1197.1
892,348.43,1205.75
893,348.72,1213.29
894,349.0,1220.94
895,349.29,1228.48
896,349.58,1236.13
897,349.86,1243.67
898,346.81,1250.65
899,346.34,1258.41
900,344.72,1269.94
901,343.1,1281.36
902,341.38,1292.78
903,339.76,1304.31
904,338.14,1315.84
905,336.52,1327.26
906,334.9,1338.68
907,333.19,1350.22
908,331.57,1361.75
909,329.95,1373.17
910,329.66,1384.81
911,330.52,1385.58
912,331.38,1386.47
913,332.24,1387.25
914,333.09,1388.13
915,333.95,1388.91
916,334.71,1389.69
917,335.57,1390.57
918,336.43,1391.35
919,337.29,1392.24
920,338.14,1393.01
921,339.0,1393.79
922,339.86,1394.68
923,340.72,1395.45
924,341.57,1396.34
925,342.33,1397.11
926,343.19,1397.89
927,344.05,1398.78
928,344.91,1399.55
929,345.76,1400.44
930,346.62,1401.22
931,346.62,1401.22
932,346.62,1401.22
933,346.62,1401.22
934,346.62,1401.22
935,346.62,1401.22
936,346.62,1401.22
937,346.62,1401.22
938,346.62,1401.22
939,346.62,1401.22
940,346.62,1401.22
941,346.62,1401.22
942,346.62,1401.22
943,346.62,1401.22
944,346.62,1401.22
945,346.62,1401.22
946,346.62,1401.22
947,346.62,1401.22
948,346.62,1401.22
949,346.62,1401.22
950,346.62,1401.22
951,346.62,1401.22
952,346.62,1401.22
953,346.62,1401.22
954,346.62,1401.22
955,346.62,1401.22
956,346.62,1401.22
957,346.62,1401.22
958,346.62,1401.22
959,346.62,1401.22
960,346.62,1401.22
961,346.62,1401.22
962,346.62,1401.22
963,346.62,1401.22
964,346.62,1401.22
965,346.62,1401.22
966,346.62,1401.22
967,346.62,1401.22
968,346.62,1401.22
969,346.62,1401.22
970,346.62,1401.22
971,346.62,1401.22
972,346.72,1401.22
973,346.72,1401.22
974,346.81,1401.11
975,346.81,1401.11
976,346.91,1401.11
977,346.91,1401.11
978,347.0,1401.11
979,347.0,1401.11
980,347.0,1401.11
981,347.1,1401.0
982,347.1,1401.0
983,347.19,1401.0
984,347.19,1401.0
985,347.29,1401.0
986,347.29,1401.0
987,347.38,1400.88
988,347.38,1400.88
989,347.48,1400.88
990,347.48,1400.88
991,347.48,1400.88
992,347.48,1400.88
993,347.48,1400.88
994,347.48,1400.88
995,347.48,1400.88
996,347.48,1400.88
997,347.48,1400.88
998,347.48,1400.88
999,347.48,1400.88
1000,347.48,1400.88
1001,347.58,1400.77
1002,347.58,1400.77
1003,347.67,1400.66
1004,347.77,1400.55
1005,347.86,1400.55
1006,347.86,1400.44
1007,347.96,1400.44
1008,348.05,1400.33
1009,348.15,1400.22
1010,348.15,1400.22
1011,348.24,1400.11
1012,347.86,1400.55
1013,347.48,1401.11
1014,347.19,1401.55
1015,346.81,1401.99
1016,346.43,1402.44
1017,346.05,1402.99
1018,345.76,1403.43
1019,345.38,1403.88
1020,340.33,1412.97
1021,335.38,1422.06
1022,330.33,1431.26
1023,325.38,1440.36
1024,320.33,1449.45
1025,315.09,1454.66
1026,308.03,1456.54
1027,300.89,1458.32
1028,294.7,1465.52
1029,290.98,1481.16
1030,287.26,1496.79
1031,283.55,1512.53
1032,279.83,1528.17
1033,276.12,1543.8
1034,272.31,1559.43
1035,268.59,1575.07
1036,264.87,1590.81
1037,261.16,1606.44
1038,257.44,1622.08
1039,255.73,1628.73
1040,254.01,1635.49
1041,252.3,1642.14
1042,250.68,1648.8
1043,248.96,1655.56
1044,247.25,1662.21
1045,245.53,1668.87
1046,243.82,1675.63
1047,242.1,1682.28
1048,240.48,1689.04
1049,238.77,1695.7
1050,237.05,1702.35
1051,235.34,1709.11
1052,233.62,1715.76
1053,231.91,1722.42
1054,230.19,1729.18
1055,228.57,1735.83
1056,226.86,1742.49
1057,225.14,1749.25
1058,223.43,1755.9
1059,223.71,1760.56
1060,224.09,1765.33
1061,225.62,1768.65
1062,227.05,1771.98
1063,227.14,1775.08
1064,227.24,1778.19
1065,227.33,1781.29
1066,227.43,1784.4
1067,227.52,1787.5
1068,227.62,1790.6
1069,227.72,1793.71
1070,228.76,1799.36
1071,229.72,1805.13
1072,230.76,1810.78
1073,231.81,1816.55
1074,232.86,1822.2
1075,233.81,1827.86
1076,234.86,1833.62
1077,235.91,1839.28
1078,236.86,1845.04
1079,237.91,1850.7
1080,238.96,1854.47
1081,240.01,1858.24
1082,241.15,1862.01
1083,242.2,1865.78
1084,243.25,1869.55
1085,250.87,1873.21
1086,255.44,1873.43
1087,259.92,1873.65
1088,264.49,1873.98
1089,269.07,1874.2
1090,273.64,1874.42
1091,278.12,1874.65
1092,282.69,1874.87
1093,287.26,1875.2
1094,291.74,1875.42
1095,296.32,1875.64
1096,304.03,1876.09
1097,311.75,1876.42
1098,319.47,1876.86
1099,320.99,1876.97
1100,322.52,1877.2
1101,324.04,1877.31
1102,325.57,1877.42
1103,327.09,1877.53
1104,328.61,1877.75
1105,330.14,1877.86
1106,331.66,1877.97
1107,333.19,1878.19
1108,334.71,1878.31
1109,336.24,1878.42
1110,337.76,1878.64
1111,339.29,1878.75
1112,340.81,1878.86
1113,342.33,1878.97
1114,343.86,1879.19
1115,345.38,1879.3
1116,353.96,1881.52
1117,357.29,1884.51
1118,363.96,1884.4
1119,370.54,1884.18
1120,377.21,1884.07
1121,383.88,1883.85
1122,390.45,1883.74
1123,397.12,1883.63
1124,403.79,1883.41
1125,410.46,1883.29
1126,417.03,1883.07
1127,423.7,1882.96
1128,431.04,1883.74
1129,438.38,1884.51
1130,445.62,1885.4
1131,452.95,1886.18
1132,460.29,1886.95
1133,467.63,1887.73
1134,474.96,1888.51
1135,482.2,1889.39
1136,489.54,1890.17
1137,496.88,1890.94
1138,509.17,1891.5
1139,521.46,1892.05
1140,533.65,1892.5
1141,545.94,1893.05
1142,558.24,1893.61
1143,570.53,1894.16
1144,582.82,1894.71
1145,595.01,1895.16
1146,607.3,1895.71
1147,619.59,1896.27
1148,631.12,1894.49
1149,642.56,1892.72
1150,654.09,1890.94
1151,661.52,1889.61
1152,668.85,1888.39
1153,676.19,1887.06
1154,683.62,1885.73
1155,684.38,1892.83
1156,698.39,1892.5
1157,712.4,1892.05
1158,726.31,1891.72
1159,740.31,1891.39
1160,754.32,1891.06
1161,768.32,1890.61
1162,782.33,1890.28
1163,796.34,1889.95
1164,810.25,1889.61
1165,824.25,1889.28
1166,838.26,1888.84
1167,852.26,1888.51
1168,866.27,1888.17
1169,880.18,1887.84
1170,894.19,1887.4
1171,908.19,1887.06
1172,913.53,1892.05
1173,918.86,1897.04
1174,924.2,1902.03
1175,927.63,1901.92
1176,931.15,1901.81
1177,934.58,1901.59
1178,938.01,1901.48
1179,941.44,1901.37
1180,944.97,1901.26
1181,948.4,1901.15
1182,951.83,1900.92
1183,955.36,1900.81
1184,958.79,1900.7
1185,958.79,1900.7
1186,958.79,1900.7
1187,958.79,1900.7
1188,958.79,1900.7
1189,958.79,1900.7
1190,958.79,1900.7
1191,958.79,1900.7
1192,958.79,1900.7
1193,958.79,1900.7
1194,958.79,1900.7
