1,528.51,584.3
2,528.51,584.3
3,528.51,584.3
4,528.51,584.3
5,528.51,584.3
6,528.51,584.3
7,528.51,584.3
8,528.51,584.3
9,528.51,584.3
10,528.51,584.3
11,527.94,584.41
12,527.37,584.41
13,526.7,584.52
14,526.13,584.64
15,525.55,584.75
16,524.98,584.75
17,524.41,584.86
18,523.74,584.97
19,523.17,584.97
20,522.6,585.08
21,522.03,585.19
22,521.46,585.3
23,520.89,585.3
24,520.22,585.41
25,519.65,585.52
26,519.08,585.52
27,518.5,585.63
28,517.93,585.74
29,517.27,585.85
30,516.69,585.85
31,516.12,585.97
32,513.17,584.52
33,510.31,583.19
34,507.36,581.75
35,504.4,580.31
36,501.45,578.87
37,498.59,577.54
38,495.64,576.1
39,492.68,574.66
40,489.83,573.33
41,486.87,571.88
42,484.59,570.67
43,482.39,569.56
44,480.11,568.34
45,477.92,567.12
46,475.63,565.9
47,473.44,564.79
48,471.15,563.57
49,468.96,562.35
50,466.67,561.24
51,464.48,560.02
52,462.19,558.8
53,460.0,557.58
54,457.72,556.47
55,455.53,555.25
56,453.24,554.03
57,451.05,552.81
58,448.76,551.71
59,446.57,550.49
60,444.28,549.27
61,442.09,548.16
62,439.8,546.94
63,437.61,545.72
64,435.33,544.5
65,433.13,543.39
66,430.85,542.17
67,428.85,542.61
68,426.75,543.17
69,424.75,543.61
70,422.75,544.06
71,420.75,544.5
72,418.65,545.05
73,416.65,545.5
74,408.08,577.87
75,399.41,610.36
76,390.83,642.73
77,390.26,646.28
78,389.69,649.94
79,389.12,653.49
80,388.54,657.15
81,387.97,660.69
82,387.4,664.24
83,386.83,667.9
84,386.26,671.45
85,385.69,675.11
86,385.21,678.66
87,384.64,682.2
88,384.07,685.86
89,383.49,689.41
90,382.92,693.07
91,382.35,696.62
92,381.78,700.17
93,381.21,703.82
94,380.64,707.37
95,380.06,711.03
96,379.49,714.58
97,379.49,714.58
98,379.49,714.58
99,379.49,714.58
100,379.49,714.58
101,379.49,714.58
102,379.49,714.58
103,379.49,714.58
104,379.49,714.58
105,379.49,714.58
106,379.49,714.58
107,379.68,716.02
108,379.87,717.46
109,380.06,718.9
110,380.26,720.34
111,380.45,721.79
112,380.64,723.12
113,380.83,724.56
114,381.02,726.0
115,381.21,727.44
116,381.4,728.88
117,381.59,730.32
118,380.06,737.09
119,378.54,743.96
120,376.92,750.72
121,375.4,757.49
122,373.87,764.36
123,372.35,771.12
124,370.82,778.0
125,369.3,784.76
126,367.68,791.52
127,366.15,798.4
128,364.63,805.16
129,362.34,816.91
130,360.15,828.67
131,357.87,840.42
132,355.58,852.17
133,353.39,863.93
134,351.1,875.68
135,348.81,887.43
136,346.53,899.18
137,344.34,910.94
138,342.05,922.69
139,342.33,930.67
140,342.53,938.65
141,342.81,946.64
142,343.1,954.62
143,343.29,962.6
144,343.57,970.59
145,343.76,978.57
146,344.05,986.55
147,344.34,994.53
148,344.53,1002.52
149,344.81,1010.5
150,345.1,1018.48
151,345.29,1026.47
152,345.57,1034.45
153,345.57,1034.45
154,345.57,1034.45
155,345.57,1034.45
156,345.57,1034.45
157,345.57,1034.45
158,345.57,1034.45
159,345.57,1034.45
160,345.57,1034.45
161,345.57,1034.45
162,345.57,1034.45
163,345.57,1034.45
164,345.57,1034.45
165,345.57,1034.45
166,345.57,1034.45
167,345.57,1034.45
168,345.57,1034.45
169,345.57,1034.45
170,345.57,1034.45
171,345.57,1034.45
172,345.57,1034.45
173,345.57,1034.45
174,345.57,1034.45
175,345.57,1034.45
176,345.57,1034.45
177,345.57,1034.45
178,345.57,1034.45
179,345.57,1034.45
180,345.57,1034.45
181,345.57,1034.45
182,345.57,1034.45
183,345.57,1034.45
184,345.57,1034.45
185,345.57,1034.45
186,345.57,1034.45
187,345.57,1034.45
188,345.57,1034.45
189,345.57,1034.45
190,345.57,1034.45
191,345.57,1034.45
192,345.57,1034.45
193,345.57,1034.45
194,345.57,1034.45
195,345.57,1034.45
196,345.57,1034.45
197,345.57,1034.45
198,345.57,1034.45
199,345.57,1034.45
200,345.57,1034.45
201,345.57,1034.45
202,345.57,1034.45
203,345.57,1034.45
204,345.57,1034.45
205,345.57,1034.45
206,345.57,1034.45
207,345.57,1034.45
208,345.57,1034.45
209,345.57,1034.45
210,345.57,1034.45
211,345.57,1034.45
212,345.57,1034.45
213,345.57,1034.45
214,345.57,1034.45
215,345.57,1034.45
216,345.57,1034.45
217,345.57,1034.45
218,345.57,1034.45
219,345.57,1034.45
220,345.57,1034.45
221,345.57,1034.45
222,345.57,1034.45
223,345.57,1034.45
224,345.57,1034.45
225,345.57,1034.45
226,345.57,1034.45
227,345.57,1034.45
228,345.57,1034.45
229,345.57,1034.45
230,345.57,1034.45
231,345.57,1034.45
232,345.57,1034.45
233,345.57,1034.45
234,345.57,1034.45
235,345.57,1034.45
236,345.57,1034.45
237,345.57,1034.45
238,345.57,1034.45
239,345.57,1034.45
240,345.57,1034.45
241,345.57,1034.45
242,345.57,1034.45
243,345.57,1034.45
244,345.57,1034.45
245,345.57,1034.45
246,345.57,1034.45
247,345.57,1034.45
248,345.57,1034.45
249,345.57,1034.45
250,345.57,1034.45
251,345.57,1034.45
252,345.57,1034.45
253,345.57,1034.45
254,345.67,1034.45
255,345.67,1034.45
256,345.67,1034.34
257,345.76,1034.34
258,345.76,1034.34
259,345.76,1034.34
260,345.76,1034.34
261,345.86,1034.34
262,345.86,1034.23
263,345.86,1034.23
264,345.96,1034.23
265,345.96,1034.23
266,345.96,1034.23
267,346.05,1034.23
268,346.05,1034.23
269,346.05,1034.12
270,346.05,1034.12
271,346.15,1034.12
272,346.15,1034.12
273,346.05,1035.34
274,346.05,1036.44
275,345.96,1037.66
276,345.86,1038.88
277,345.76,1040.1
278,345.76,1041.21
279,345.67,1042.43
280,345.57,1043.65
281,345.48,1044.87
282,345.48,1045.98
283,345.38,1047.2
284,345.38,1048.09
285,345.48,1048.86
286,345.48,1049.75
287,345.48,1050.52
288,345.57,1051.41
289,345.57,1052.19
290,345.57,1053.07
291,345.67,1053.85
292,345.67,1054.74
293,345.86,1059.62
294,346.05,1064.49
295,346.24,1069.37
296,346.53,1074.36
297,346.72,1079.24
298,346.91,1084.12
299,347.1,1089.0
300,344.91,1092.1
301,342.62,1095.21
302,340.43,1098.2
303,338.24,1101.3
304,325.38,1096.54
305,317.37,1097.2
306,309.37,1097.87
307,301.37,1098.53
308,293.36,1099.2
309,285.36,1099.86
310,277.35,1100.53
311,269.35,1101.19
312,261.35,1101.86
313,253.34,1102.52
314,245.34,1103.19
315,243.25,1103.3
316,241.15,1103.52
317,239.15,1103.63
318,237.05,1103.74
319,234.96,1103.85
320,232.86,1104.08
321,230.76,1104.19
322,228.76,1104.3
323,226.67,1104.52
324,224.57,1104.63
325,222.47,1104.74
326,220.38,1104.85
327,218.28,1105.07
328,216.28,1105.19
329,214.19,1105.3
330,212.09,1105.52
331,209.99,1105.63
332,207.9,1105.74
333,205.9,1105.85
334,203.8,1106.07
335,201.7,1106.18
336,191.03,1105.74
337,180.36,1105.41
338,169.69,1104.96
339,159.02,1104.63
340,148.25,1104.19
341,137.58,1103.85
342,126.91,1103.41
343,116.24,1103.08
344,105.57,1102.64
