0,889.9,555.7
1,889.9,555.7
2,889.9,555.7
3,889.9,555.7
4,889.9,555.7
5,889.9,555.7
6,889.9,555.7
7,889.9,555.7
8,889.9,555.7
9,889.9,555.7
10,889.9,555.7
11,889.9,555.7
12,889.9,555.7
13,889.9,555.7
14,889.9,555.7
15,889.9,555.7
16,889.9,555.7
17,889.9,555.7
18,889.9,555.7
19,889.9,555.7
20,889.9,555.7
21,889.9,555.7
22,889.9,555.7
23,889.9,555.7
24,889.9,555.7
25,889.9,555.7
26,889.9,555.7
27,889.9,555.7
28,889.9,555.7
29,889.9,555.7
30,889.9,555.7
31,889.9,555.7
32,889.9,555.7
33,889.9,555.7
34,889.9,555.7
35,889.9,555.7
36,889.9,555.7
37,889.9,555.7
38,889.9,555.7
39,889.9,555.7
40,889.9,555.7
41,889.9,555.7
42,889.9,555.7
43,889.9,555.7
44,889.9,555.7
45,889.9,555.7
46,889.9,555.7
47,889.99,555.59
48,890.18,555.48
49,890.38,555.25
50,890.47,555.14
51,890.57,555.03
52,890.76,554.92
53,890.85,554.81
54,891.04,554.59
55,891.14,554.48
56,891.33,554.37
57,891.33,554.37
58,891.33,554.37
59,891.33,554.37
60,891.33,554.37
61,891.33,554.37
62,891.33,554.37
63,891.33,554.37
64,891.33,554.37
65,891.33,554.37
66,891.33,554.37
67,891.33,554.37
68,891.33,554.37
69,891.33,554.37
70,891.33,554.37
71,891.33,554.37
72,891.33,554.37
73,891.33,554.37
74,891.33,554.37
75,891.33,554.37
76,891.33,554.37
77,891.33,554.37
78,891.33,554.37
79,891.33,554.37
80,891.33,554.37
81,891.33,554.37
82,891.33,554.37
83,891.33,554.37
84,891.33,554.37
85,891.33,554.37
86,891.33,554.37
87,891.33,554.37
88,891.33,554.37
89,891.33,554.37
90,891.33,554.37
91,891.33,554.37
92,891.33,554.37
93,891.33,554.37
94,891.33,554.37
95,891.33,554.37
96,891.33,554.37
97,891.33,554.37
98,891.33,554.37
99,891.33,554.37
100,891.33,554.37
101,891.33,554.37
102,891.33,554.37
103,891.33,554.37
104,891.33,554.37
105,891.33,554.37
106,891.33,554.37
107,891.23,554.37
108,891.23,554.26
109,891.14,554.14
110,891.04,554.14
111,890.95,554.03
112,890.95,554.03
113,890.85,554.03
114,890.76,553.92
115,890.76,553.81
116,890.66,553.81
117,890.66,553.81
118,890.66,553.81
119,890.66,553.81
120,890.66,553.81
121,890.66,553.81
122,890.66,553.81
123,890.66,553.81
124,890.66,553.81
125,890.66,553.81
126,891.04,553.15
127,891.33,552.59
128,891.71,551.93
129,892.09,551.26
130,892.47,550.71
131,892.76,550.04
132,893.14,549.38
133,893.52,548.82
134,893.9,548.16
135,894.28,547.49
136,894.57,546.94
137,894.95,546.27
138,895.33,545.72
139,895.71,545.05
140,896.0,544.39
141,896.38,543.83
142,896.76,543.17
143,897.14,542.5
144,897.43,541.95
145,897.81,541.28
146,898.47,540.73
147,899.05,540.06
148,899.71,539.51
149,900.28,538.96
150,900.95,538.29
151,901.52,537.74
152,902.19,537.07
153,902.76,536.52
154,903.43,535.96
155,904.0,535.3
156,904.67,534.74
157,906.48,530.97
158,908.29,527.31
159,910.1,523.54
160,911.91,519.89
161,913.72,516.12
162,915.53,512.46
163,917.34,508.69
164,919.15,505.03
165,920.96,501.26
166,922.77,497.6
167,923.15,496.05
168,923.53,494.5
169,923.91,493.05
170,924.29,491.5
171,924.68,489.95
172,925.06,488.4
173,925.44,486.84
174,925.82,485.4
175,926.2,483.85
176,926.58,482.3
177,926.58,482.3
178,926.58,482.3
179,926.58,482.3
180,926.58,482.3
181,926.58,482.3
182,926.58,482.3
183,926.58,482.3
184,926.58,482.3
185,926.58,482.3
186,926.58,482.3
187,926.58,482.3
188,926.58,482.3
189,926.58,482.3
190,926.58,482.3
191,926.58,482.3
192,926.58,482.3
193,926.58,482.3
194,926.58,482.3
195,926.58,482.3
196,926.58,482.3
197,926.58,482.3
198,926.58,482.3
199,926.58,482.3
200,926.58,482.3
201,926.58,482.3
202,926.58,482.3
203,926.58,482.3
204,926.58,482.3
205,926.58,482.3
206,926.58,482.3
207,926.58,482.3
208,926.58,482.3
209,926.58,482.3
210,926.58,482.3
211,926.58,482.3
212,926.58,482.3
213,926.58,482.3
214,926.58,482.3
215,926.58,482.3
216,926.58,482.3
217,926.49,480.08
218,926.39,477.75
219,926.39,475.54
220,926.3,473.32
221,926.2,470.99
222,926.1,468.77
223,926.1,466.55
224,926.01,464.23
225,925.91,462.01
226,921.63,459.02
227,916.48,454.91
228,911.34,450.81
229,906.19,446.71
230,901.05,442.61
231,895.9,438.5
232,890.76,434.4
233,885.61,430.3
234,880.47,426.2
235,875.32,422.09
236,870.18,417.99
237,863.7,415.44
238,857.22,412.89
239,850.74,410.45
240,844.26,407.9
241,837.78,405.35
242,831.3,402.8
243,822.92,398.15
244,814.53,393.49
245,806.15,388.94
246,797.76,384.29
247,789.38,379.63
248,781.0,374.97
249,772.61,370.32
250,764.23,365.77
251,755.84,361.11
252,747.46,356.46
253,744.69,355.46
254,741.93,354.35
255,739.17,353.35
256,736.31,352.24
257,733.55,351.25
258,730.78,350.25
259,728.02,349.14
260,725.26,348.14
261,722.49,347.03
262,719.73,346.04
263,716.87,345.04
264,714.11,343.93
265,711.35,342.93
266,708.58,341.82
267,705.82,340.82
268,703.06,339.83
269,700.2,338.72
270,697.44,337.72
271,694.67,336.61
272,691.91,335.61
273,689.15,334.28
274,686.48,333.06
275,683.72,331.73
276,681.05,330.4
277,678.29,329.07
278,675.62,327.85
279,672.86,326.52
280,670.28,321.2
281,667.61,315.88
282,665.04,310.56
283,662.37,305.23
284,659.8,299.8
285,657.13,294.48
286,654.56,289.16
287,651.89,283.84
288,649.32,278.51
289,652.27,269.09
290,655.23,259.67
291,658.09,250.24
292,661.04,240.82
293,663.99,231.39
294,666.95,221.97
295,669.9,212.54
296,672.76,203.12
297,675.71,193.7
298,678.67,184.27
299,676.29,171.52
300,673.9,158.88
301,671.52,146.13
302,669.14,133.38
303,666.66,120.63
304,664.28,107.99
305,661.9,95.24
306,659.52,82.49
307,657.13,69.85
308,654.75,57.1
309,652.75,45.13
310,650.85,33.26
311,648.94,21.4
312,646.94,9.42
313,647.23,9.65
314,647.61,9.98
315,647.89,10.2
316,648.18,10.42
317,648.46,10.75
318,648.84,10.98
319,649.13,11.2
320,649.42,11.42
321,649.7,11.75
322,650.08,11.97
323,650.37,12.2
324,650.66,12.53
325,651.04,12.75
326,651.32,12.97
327,651.61,13.3
328,651.89,13.53
329,652.27,13.75
330,652.56,14.08
331,652.85,14.3
332,653.13,14.52
333,653.51,14.75
334,653.8,15.08
335,654.09,15.3
336,654.37,15.52
337,654.75,15.85
338,655.04,16.08
339,655.04,16.08
340,655.04,16.08
341,655.04,16.08
342,655.04,16.08
343,655.04,16.08
344,655.04,16.08
345,655.04,16.08
346,655.04,16.08
347,655.04,16.08
348,655.04,16.08
349,655.04,16.08
350,655.04,16.08
351,655.04,16.08
352,655.04,16.08
353,655.04,16.08
354,655.04,16.08
355,655.04,16.08
356,655.04,16.08
357,655.04,16.08
358,655.04,16.08
359,655.04,16.08
360,655.04,16.08
361,654.47,15.63
362,653.89,15.19
363,653.32,14.75
364,652.75,14.3
365,652.18,13.86
366,651.51,13.53
367,650.94,13.08
368,650.37,12.64
369,649.8,12.2
370,649.23,11.75
371,648.65,11.31
