9,903.05,820.13
10,891.42,814.81
11,879.7,809.38
12,868.08,804.05
13,856.46,798.62
14,844.74,793.3
15,833.11,787.87
16,821.49,782.54
17,809.87,777.11
18,798.15,771.79
19,786.52,766.47
20,774.9,761.03
21,763.18,755.71
22,751.55,750.28
23,739.93,744.96
24,728.31,739.53
25,716.59,734.2
26,704.96,728.77
27,693.34,723.45
28,681.62,718.02
29,670.0,712.69
30,656.75,706.26
31,643.6,699.83
32,630.46,693.4
33,617.21,686.97
34,604.06,680.54
35,590.82,674.11
36,577.67,667.68
37,564.43,661.25
38,551.28,654.82
39,538.04,648.39
40,527.75,641.62
41,517.46,634.86
42,507.17,627.99
43,496.88,621.22
44,486.59,614.46
45,476.3,607.7
46,466.01,600.82
47,455.72,594.06
48,455.14,583.64
49,454.57,573.22
50,454.1,562.79
51,453.52,552.37
52,457.05,548.16
53,460.48,543.94
54,464.01,539.73
55,467.53,535.41
56,471.06,531.19
57,474.49,526.98
58,478.01,522.77
59,494.78,503.48
60,511.55,484.07
61,528.32,464.78
62,545.09,445.38
63,561.86,426.09
64,578.62,406.68
65,587.01,391.38
66,595.39,376.08
67,603.78,360.89
68,612.16,345.59
69,620.45,330.29
70,628.84,314.99
71,637.22,299.69
72,645.61,284.5
73,653.99,269.2
74,662.37,253.9
75,662.56,252.24
76,662.76,250.57
77,663.04,248.91
78,663.23,247.25
79,663.42,245.58
80,663.61,243.92
81,663.8,242.26
82,664.09,240.6
83,664.28,238.93
84,664.47,237.27
85,664.66,235.61
86,664.95,233.94
87,665.14,232.28
88,665.33,230.62
89,665.52,228.95
90,665.71,227.29
91,665.99,225.63
92,666.19,223.96
93,666.38,222.3
94,666.57,220.64
95,666.76,218.97
96,667.04,217.31
97,667.23,215.65
98,667.42,213.99
99,667.61,212.32
100,667.9,210.66
101,668.09,209.11
102,668.28,207.44
103,668.47,205.78
104,668.66,204.12
105,668.95,202.45
106,669.14,200.79
107,669.33,199.13
108,669.52,197.47
109,669.71,195.8
110,670.0,194.14
111,670.19,192.48
112,670.38,190.81
113,670.57,189.15
114,670.76,187.49
115,671.04,185.82
116,671.24,184.16
117,671.43,182.5
118,671.62,180.83
119,671.9,179.17
120,672.09,177.51
121,672.28,175.85
122,672.47,174.18
123,672.66,172.52
124,672.95,170.86
125,673.14,169.19
126,673.33,167.53
127,673.52,165.87
128,673.71,164.2
129,674.0,162.54
130,674.19,160.88
131,674.38,159.21
132,674.57,157.55
133,674.76,155.89
134,675.05,154.22
135,675.24,152.56
136,675.43,150.9
137,675.62,149.24
138,675.9,147.57
139,676.09,145.91
140,676.29,144.25
141,676.48,142.58
142,676.67,140.92
143,676.95,139.26
144,677.14,137.59
145,677.33,135.93
146,677.52,134.27
147,677.71,132.6
148,678.0,130.94
149,678.19,129.28
150,678.38,127.62
151,678.57,125.95
152,678.76,124.4
153,679.05,122.74
154,679.24,121.07
155,679.43,119.41
156,679.62,117.75
157,679.91,116.08
158,680.1,114.42
159,680.29,112.76
160,680.48,111.1
161,680.67,109.43
162,680.95,107.77
163,681.14,106.11
164,681.33,104.44
165,681.53,102.78
166,681.72,101.12
167,682.0,99.45
168,682.19,97.79
169,682.38,96.13
170,682.57,94.46
171,682.86,92.8
172,683.05,91.14
173,683.24,89.47
174,683.43,87.81
175,683.62,86.15
176,683.91,84.49
177,684.1,82.82
178,684.29,81.16
179,683.43,81.05
180,682.57,81.05
181,681.81,80.94
182,680.95,80.83
183,680.1,80.72
184,679.24,80.72
185,678.48,80.6
186,677.62,80.49
187,676.76,80.38
188,675.9,80.38
189,675.14,80.27
190,674.28,80.16
191,673.43,80.16
192,672.57,80.05
193,671.81,79.94
194,670.95,79.83
195,670.09,79.83
196,669.23,79.72
197,668.47,79.61
198,667.61,79.61
199,666.76,79.5
200,665.9,79.39
201,665.14,79.27
202,664.28,79.27
203,663.42,79.16
204,662.56,79.05
205,661.8,78.94
206,660.95,78.94
207,660.09,78.83
208,659.23,78.72
209,658.47,78.72
210,657.61,78.61
211,656.75,78.5
212,655.9,78.39
213,655.13,78.39
214,654.28,78.28
215,653.42,78.17
216,652.56,78.05
217,651.7,78.05
218,650.94,77.94
219,650.08,77.83
220,649.23,77.83
221,648.37,77.72
222,647.61,77.61
223,646.75,77.5
224,645.89,77.5
225,645.03,77.39
226,644.27,77.28
227,643.41,77.28
228,642.56,77.17
229,641.7,77.06
230,640.94,76.95
231,640.08,76.95
232,639.22,76.84
233,638.36,76.72
234,637.6,76.61
235,636.74,76.61
236,635.89,76.5
237,635.03,76.39
238,634.27,76.39
239,633.41,76.28
240,632.55,76.17
241,631.69,76.06
242,630.93,76.06
243,630.08,75.95
244,629.22,75.84
245,628.36,75.73
246,627.6,75.73
247,626.74,75.62
248,625.88,75.5
249,625.03,75.5
250,624.26,75.39
251,623.41,75.28
252,622.55,75.17
253,621.69,75.17
254,620.83,75.06
255,620.07,74.95
256,619.21,74.84
257,618.36,74.84
258,617.5,74.73
259,616.74,74.62
260,615.88,74.62
261,615.02,74.51
262,614.16,74.4
263,613.4,74.29
264,612.54,74.29
265,611.69,74.17
266,610.83,74.06
267,610.07,74.06
268,609.21,73.95
269,608.35,73.84
270,607.49,73.73
271,606.73,73.73
272,605.87,73.62
273,605.02,73.51
274,604.16,73.4
275,603.4,73.4
276,602.54,73.29
277,601.68,73.18
278,600.82,73.18
279,600.06,73.07
280,599.2,72.95
281,598.35,72.84
282,597.49,72.84
283,596.73,72.73
284,595.87,72.62
285,595.01,72.51
286,594.16,72.51
287,593.39,72.4
288,592.54,72.29
289,591.68,72.29
290,590.82,72.18
291,589.96,72.07
292,589.2,71.96
293,588.34,71.96
294,587.49,71.85
295,586.63,71.74
296,585.87,71.74
297,585.01,71.62
298,584.15,71.51
299,583.29,71.4
300,582.53,71.4
301,581.67,71.29
302,580.82,71.18
303,579.96,71.07
304,579.2,71.07
305,578.34,70.96
306,577.48,70.85
307,576.62,70.85
308,575.86,70.74
309,575.0,70.63
310,574.15,70.52
311,573.29,70.52
312,572.53,70.4
313,571.67,70.29
314,570.81,70.18
315,569.95,70.18
316,569.19,70.07
317,568.33,69.96
318,567.48,69.96
319,566.62,69.85
320,565.86,69.74
321,565.0,69.63
322,564.14,69.63
323,563.29,69.52
324,562.52,69.41
325,561.67,69.41
326,560.81,69.3
327,559.95,69.18
328,559.09,69.07
329,558.33,69.07
330,557.47,68.96
331,556.62,68.85
332,555.76,68.74
333,555.0,68.74
334,554.14,68.63
335,553.28,68.52
336,552.42,68.52
337,551.66,68.41
338,550.8,68.3
339,549.95,68.19
340,549.09,68.19
341,548.33,68.08
342,547.47,67.97
343,546.61,67.85
344,545.75,67.85
345,544.99,67.74
346,544.13,67.63
347,543.28,67.63
348,542.42,67.52
349,541.66,67.41
350,540.8,67.3
351,539.94,67.3
352,539.08,67.19
353,538.32,67.08
354,537.46,66.97
355,536.61,66.97
356,535.75,66.86
357,534.99,66.75
358,534.13,66.75
359,533.27,66.63
360,532.41,66.52
361,531.65,66.41
362,530.8,66.41
363,529.94,66.3
364,529.08,66.19
365,528.22,66.19
366,527.46,66.08
367,526.6,65.97
368,525.75,65.86
369,524.89,65.86
370,524.13,65.75
371,523.27,65.64
372,522.41,65.53
373,521.55,65.53
374,520.79,65.42
375,519.93,65.3
376,519.08,65.3
377,518.22,65.19
378,517.46,65.08
379,516.6,64.97
380,515.74,64.97
381,514.88,64.86
382,514.12,64.75
383,513.26,64.64
384,512.41,64.64
385,511.55,64.53
386,510.79,64.42
387,509.93,64.42
388,509.07,64.31
389,508.21,64.2
390,507.45,64.08
391,506.59,64.08
392,505.74,63.97
393,504.88,63.86
394,504.12,63.86
395,503.26,63.75
396,502.4,63.64
397,501.54,63.53
398,500.78,63.53
399,499.92,63.42
400,499.07,63.31
401,498.21,63.2
402,497.35,63.2
403,496.59,63.09
404,495.73,62.98
405,494.88,62.98
406,494.02,62.87
407,493.26,62.75
408,492.4,62.64
409,491.54,62.64
410,490.68,62.53
411,489.92,62.42
412,489.06,62.31
413,488.21,62.31
414,487.35,62.2
415,486.59,62.09
416,485.73,62.09
417,484.87,61.98
418,484.01,61.87
419,483.25,61.76
420,482.39,61.76
421,481.54,61.65
422,480.68,61.53
423,479.92,61.53
424,479.06,61.42
425,478.2,61.31
426,477.34,61.2
427,476.58,61.2
428,475.72,61.09
429,474.87,60.98
430,474.01,60.87
431,473.25,60.87
432,472.39,60.76
433,471.53,60.65
434,470.67,60.65
435,469.91,60.54
436,469.05,60.43
437,468.2,60.32
438,467.34,60.32
439,466.48,60.2
440,465.72,60.09
441,464.86,59.98
442,464.01,59.98
443,463.15,59.87
444,462.39,59.76
445,461.53,59.76
446,460.67,59.65
447,459.81,59.54
448,459.05,59.43
449,458.19,59.43
450,457.34,59.32
451,456.48,59.21
452,455.72,59.21
453,454.86,59.1
454,454.0,58.98
455,453.14,58.87
456,452.38,58.87
457,451.52,58.76
458,450.67,58.65
459,449.81,58.54
460,449.05,58.54
461,448.19,58.43
462,447.33,58.32
463,446.47,58.32
464,445.71,58.21
465,444.85,58.1
466,444.0,57.99
467,443.14,57.99
468,442.38,57.88
469,441.52,57.77
470,440.66,57.65
471,439.8,57.65
472,439.04,57.54
473,438.18,57.43
474,437.33,57.43
475,436.47,57.32
476,435.61,57.21
477,434.85,57.1
478,433.99,57.1
479,433.13,56.99
480,432.28,56.88
481,431.52,56.77
482,430.66,56.77
483,429.8,56.66
484,428.94,56.55
485,428.18,56.55
486,427.32,56.43
487,426.47,56.32
488,425.61,56.21
489,424.85,56.21
490,423.99,56.1
491,423.13,55.99
492,422.27,55.99
493,421.51,55.88
494,420.65,55.77
495,419.8,55.66
496,418.94,55.66
497,418.18,55.55
498,417.32,55.44
499,416.46,55.33
500,415.6,55.33
501,414.84,55.21
502,413.98,55.1
503,413.13,55.1
504,412.27,54.99
505,411.51,54.88
506,410.65,54.77
507,409.79,54.77
508,408.93,54.66
509,408.17,54.55
510,407.31,54.44
511,406.46,54.44
512,405.6,54.33
513,404.74,54.22
514,403.98,54.22
515,403.12,54.11
516,402.26,54.0
517,401.41,53.88
518,400.65,53.88
519,399.79,53.77
520,398.93,53.66
521,398.07,53.66
522,397.31,53.55
523,396.45,53.44
524,395.6,53.33
525,394.74,53.33
526,393.98,53.22
527,393.12,53.11
528,392.26,53.0
529,391.4,53.0
530,390.64,52.89
531,389.78,52.78
532,388.93,52.78
533,388.07,52.66
534,387.31,52.55
535,386.45,52.44
536,385.59,52.44
537,384.73,52.33
538,383.97,52.22
539,383.11,52.11
540,382.26,52.11
541,381.4,52.0
542,380.64,51.89
543,379.78,51.89
544,378.92,51.78
545,378.06,51.67
546,377.3,51.56
547,376.44,51.56
548,375.59,51.45
549,374.73,51.33
550,373.87,51.33
551,373.11,51.22
552,372.25,51.11
553,371.39,51.0
554,370.54,51.0
555,369.77,50.89
556,368.92,50.78
557,368.06,50.67
558,367.2,50.67
559,366.44,50.56
560,365.58,50.45
561,364.73,50.45
562,363.87,50.34
563,363.11,50.23
564,362.25,50.11
565,361.39,50.11
566,360.53,50.0
567,359.77,49.89
568,358.91,49.78
569,358.06,49.78
570,357.2,49.67
571,356.44,49.56
572,355.58,49.56
573,354.72,49.45
574,353.86,49.34
575,353.1,49.23
576,352.24,49.23
577,351.39,49.12
578,350.53,49.01
579,349.77,48.9
580,348.91,48.9
581,348.05,48.78
582,347.19,48.67
583,346.34,48.67
584,345.57,48.56
585,344.72,48.45
586,343.86,48.34
587,343.0,48.34
588,342.24,48.23
589,341.38,48.12
590,340.52,48.12
591,339.67,48.01
592,338.9,47.9
593,338.05,47.79
594,337.19,47.79
595,336.33,47.68
596,335.57,47.56
597,334.71,47.45
598,333.85,47.45
599,333.0,47.34
600,332.24,47.23
601,331.38,47.23
602,330.52,47.12
603,329.66,47.01
604,328.9,46.9
605,328.04,46.9
606,327.19,46.79
607,326.33,46.68
608,325.57,46.57
609,324.71,46.57
610,323.85,46.46
611,322.99,46.35
612,322.23,46.35
613,321.37,46.23
614,320.52,46.12
615,319.66,46.01
616,318.9,46.01
617,318.04,45.9
618,317.18,45.79
619,316.32,45.79
620,315.47,45.68
621,314.7,45.57
622,313.85,45.46
623,312.99,45.46
624,312.13,45.35
625,311.37,45.24
626,310.51,45.13
627,309.65,45.13
628,308.8,45.01
629,308.03,44.9
630,307.18,44.9
631,306.32,44.79
632,305.46,44.68
633,304.7,44.57
634,303.84,44.57
635,302.98,44.46
636,302.13,44.35
637,301.37,44.24
638,300.51,44.24
639,299.65,44.13
640,298.79,44.02
641,298.03,44.02
642,297.17,43.91
643,296.32,43.79
644,295.46,43.68
645,294.7,43.68
646,293.84,43.57
647,292.98,43.46
648,292.12,43.46
649,291.36,43.35
650,290.5,43.24
651,289.65,43.13
652,288.79,43.13
653,288.03,43.02
654,287.17,42.91
655,286.31,42.8
656,285.45,42.8
657,284.6,42.69
658,283.83,42.58
659,282.98,42.58
660,282.12,42.46
661,281.26,42.35
662,280.5,42.24
663,279.64,42.24
664,278.78,42.13
665,277.93,42.02
666,277.16,41.91
667,276.31,41.91
668,275.45,41.8
669,274.59,41.69
670,273.83,41.69
671,272.97,41.58
672,272.11,41.47
673,271.26,41.36
674,270.49,41.36
675,269.64,41.24
676,268.78,41.13
677,267.92,41.02
678,267.16,41.02
679,266.3,40.91
680,265.45,40.8
681,264.59,40.8
682,263.83,40.69
683,262.97,40.58
684,262.11,40.47
685,261.25,40.47
686,260.49,40.36
687,259.63,40.25
688,258.78,40.25
689,257.92,40.14
690,257.16,40.03
691,256.3,39.91
692,255.44,39.91
693,254.58,39.8
694,253.73,39.69
695,252.96,39.58
696,252.11,39.58
697,251.25,39.47
698,250.39,39.36
699,249.63,39.36
700,248.77,39.25
701,247.91,39.14
702,247.06,39.03
703,246.29,39.03
704,245.44,38.92
705,244.58,38.81
706,243.72,38.69
707,242.96,38.69
708,242.1,38.58
709,241.24,38.47
710,240.39,38.47
711,239.62,38.36
712,238.77,38.25
713,237.91,38.14
714,237.05,38.14
715,236.29,38.03
716,235.43,37.92
717,234.58,37.92
718,233.72,37.81
719,232.96,37.7
720,232.1,37.59
721,231.24,37.59
722,230.38,37.48
723,229.62,37.36
724,228.76,37.25
725,227.91,37.25
726,227.05,37.14
727,226.29,37.03
728,225.43,37.03
729,224.57,36.92
730,223.71,36.81
731,222.86,36.7
732,222.09,36.7
733,221.24,36.59
734,220.38,36.48
735,219.52,36.37
736,218.76,36.37
737,217.9,36.26
738,217.04,36.14
739,216.19,36.14
740,215.42,36.03
741,214.57,35.92
742,213.71,35.81
743,212.85,35.81
744,212.09,35.7
745,211.23,35.59
746,210.37,35.59
747,209.52,35.48
748,208.75,35.37
749,207.9,35.26
750,207.04,35.26
751,206.18,35.15
752,205.42,35.04
753,204.56,34.93
754,203.7,34.93
755,202.85,34.81
756,202.09,34.7
757,201.23,34.7
758,200.37,34.59
759,199.51,34.48
760,198.75,34.37
761,197.89,34.37
762,197.04,34.26
763,196.18,34.15
764,195.42,34.04
765,194.56,34.04
766,193.7,33.93
767,192.84,33.82
768,191.99,33.82
769,191.22,33.71
770,190.37,33.59
771,189.51,33.48
772,188.65,33.48
773,187.89,33.37
774,187.03,33.26
775,186.17,33.26
776,185.32,33.15
777,184.55,33.04
778,183.7,32.93
779,182.84,32.93
780,181.98,32.82
781,181.22,32.71
782,180.36,32.6
783,179.5,32.6
784,178.65,32.49
785,177.88,32.38
786,177.03,32.38
787,176.17,32.26
788,175.31,32.15
789,174.55,32.04
790,173.69,32.04
791,172.83,31.93
792,171.98,31.82
793,171.22,31.71
794,170.36,31.71
795,169.5,31.6
796,168.64,31.49
797,167.88,31.49
798,167.02,31.38
799,166.17,31.27
800,165.31,31.16
801,164.55,31.16
802,163.69,31.04
803,162.83,30.93
804,161.97,30.82
805,161.12,30.82
806,160.35,30.71
807,159.5,30.6
808,158.64,30.6
809,157.78,30.49
810,157.02,30.38
811,156.16,30.27
812,155.3,30.27
813,154.45,30.16
814,153.68,30.05
815,152.83,30.05
816,151.97,29.94
817,151.11,29.82
818,150.35,29.71
819,149.49,29.71
820,148.63,29.6
821,147.78,29.49
822,147.01,29.38
823,146.16,29.38
824,145.3,29.27
825,144.44,29.16
826,143.68,29.16
827,142.82,29.05
828,141.96,28.94
829,141.11,28.83
830,140.34,28.83
831,139.49,28.72
832,138.63,28.61
833,137.77,28.49
834,137.01,28.49
835,136.15,28.38
836,135.3,28.27
837,134.44,28.27
838,133.68,28.16
839,132.82,28.05
840,131.96,27.94
841,131.1,27.94
842,130.25,27.83
843,129.48,27.72
844,128.63,27.72
845,127.77,27.61
846,126.91,27.5
847,126.15,27.39
848,125.29,27.39
849,124.43,27.27
850,123.58,27.16
851,122.81,27.05
852,121.96,27.05
853,121.1,26.94
854,120.24,26.83
855,119.48,26.83
856,118.62,26.72
857,117.76,26.61
858,116.91,26.5
859,116.14,26.5
860,115.29,26.39
861,114.43,26.28
862,113.57,26.17
863,112.81,26.17
864,111.95,26.06
865,111.09,25.94
866,110.24,25.94
867,109.47,25.83
868,108.62,25.72
869,107.76,25.61
870,106.9,25.61
871,106.14,25.5
872,105.28,25.39
873,104.42,25.39
874,103.57,25.28
875,102.81,25.17
876,101.95,25.06
877,101.09,25.06
878,100.23,24.95
879,99.38,24.84
880,98.61,24.72
881,97.76,24.72
882,96.9,24.61
883,96.04,24.5
884,95.28,24.5
885,94.42,24.39
886,93.56,24.28
887,92.71,24.17
888,91.94,24.17
889,91.09,24.06
890,90.23,23.95
891,89.37,23.84
892,88.61,23.84
893,87.75,23.73
894,86.89,23.62
895,86.04,23.62
896,85.27,23.51
897,84.42,23.39
898,83.56,23.28
899,82.7,23.28
900,81.94,23.17
901,81.08,23.06
902,80.22,22.95
903,79.37,22.95
904,78.6,22.84
905,77.75,22.73
906,76.89,22.73
907,76.03,22.62
908,75.27,22.51
909,74.41,22.4
910,73.55,22.4
911,72.7,22.29
912,71.94,22.17
913,71.08,22.17
914,70.22,22.06
915,69.36,21.95
916,68.51,21.84
917,67.74,21.84
918,66.89,21.73
919,66.03,21.62
920,65.17,21.51
921,64.41,21.51
922,63.55,21.4
923,62.69,21.29
924,61.84,21.29
925,61.07,21.18
926,60.22,21.07
927,59.36,20.96
928,58.5,20.96
929,57.74,20.84
930,56.88,20.73
931,56.02,20.62
932,55.17,20.62
933,54.4,20.51
934,53.55,20.4
935,52.69,20.4
936,51.83,20.29
937,51.07,20.18
938,50.21,20.07
939,49.35,20.07
940,48.5,19.96
941,47.73,19.85
942,46.88,19.85
943,46.02,19.74
944,45.16,19.62
945,44.4,19.51
946,43.54,19.51
947,42.68,19.4
948,41.83,19.29
949,41.06,19.18
950,40.21,19.18
951,39.35,19.07
952,45.54,21.84
953,51.74,24.5
954,58.02,27.27
955,64.22,29.94
956,70.41,32.71
957,76.6,35.48
958,82.8,38.14
959,89.09,40.91
960,95.28,43.57
961,101.47,46.35
962,104.9,48.01
963,108.43,49.67
964,111.86,51.33
965,115.38,53.0
966,118.81,54.66
967,122.34,56.32
968,125.77,57.99
969,129.29,59.65
970,132.72,61.31
971,136.25,62.98
972,143.3,66.41
973,150.35,69.74
974,157.4,73.18
975,164.45,76.5
976,171.5,79.94
977,178.55,83.38
978,185.6,86.7
979,192.65,90.14
980,199.7,93.47
981,206.75,96.9
982,213.8,100.34
983,220.85,103.67
984,227.91,107.1
985,234.96,110.43
986,242.01,113.87
987,249.06,117.3
988,256.11,120.63
989,263.16,124.07
990,270.21,127.39
991,277.26,130.83
992,281.07,132.6
993,284.98,134.27
994,288.79,136.04
995,292.6,137.82
996,296.41,139.59
997,300.32,141.25
998,304.13,143.03
999,307.94,144.8
1000,311.85,146.46
1001,315.66,148.24
1002,320.04,150.57
1003,324.33,152.89
1004,328.71,155.22
1005,333.09,157.55
1006,337.38,159.88
1007,341.76,162.32
1008,346.15,164.65
1009,350.53,166.98
1010,354.82,169.3
1011,359.2,171.63
1012,364.15,174.07
1013,369.01,176.51
1014,373.97,179.06
1015,378.92,181.5
1016,383.78,183.94
1017,388.74,186.38
1018,393.69,188.82
1019,398.64,191.37
1020,403.5,193.81
1021,408.46,196.25
1022,414.08,198.91
1023,419.7,201.57
1024,425.32,204.12
1025,430.94,206.78
1026,436.66,209.44
1027,442.28,212.1
1028,447.9,214.76
1029,453.52,217.31
1030,459.15,219.97
1031,464.77,222.63
1032,469.15,224.74
1033,473.44,226.96
1034,477.82,229.06
1035,482.2,231.17
1036,486.49,233.39
1037,490.87,235.49
1038,495.26,237.6
1039,499.64,239.82
1040,503.93,241.93
1041,508.31,244.14
1042,512.69,246.25
1043,516.98,248.36
1044,521.36,250.57
1045,525.75,252.68
1046,530.13,254.79
1047,534.42,257.0
1048,538.8,259.11
1049,543.18,261.22
1050,547.47,263.44
1051,551.85,265.54
1052,551.95,265.54
1053,552.04,265.65
1054,552.14,265.65
1055,552.23,265.76
1056,552.33,265.87
1057,552.52,265.87
1058,552.61,265.99
1059,552.71,265.99
1060,552.8,266.1
1061,552.9,266.1
1062,552.9,266.1
1063,552.9,266.1
1064,552.9,266.1
1065,552.9,266.1
1066,552.9,266.1
1067,552.9,266.1
1068,552.9,266.1
1069,552.9,266.1
1070,552.9,266.1
1071,552.9,266.1
1072,552.9,266.1
1073,552.9,266.1
1074,552.9,266.1
1075,552.9,266.1
1076,552.9,266.1
1077,552.9,266.1
1078,552.9,266.1
1079,552.9,266.1
1080,552.9,266.1
1081,552.9,266.1
1082,552.9,266.1
1083,552.9,266.1
1084,552.9,266.1
1085,552.9,266.1
1086,552.9,266.1
1087,552.9,266.1
1088,552.9,266.1
1089,552.9,266.1
1090,552.9,266.1
1091,552.9,266.1
1092,554.14,266.65
1093,555.38,267.2
1094,556.62,267.76
1095,557.85,268.42
1096,559.09,268.98
1097,560.33,269.53
1098,561.57,270.09
1099,562.81,270.64
1100,564.05,271.2
1101,565.19,271.86
1102,566.43,272.42
1103,567.67,272.97
1104,568.91,273.52
1105,570.15,274.08
1106,571.38,274.63
1107,572.62,275.19
1108,573.86,275.85
1109,575.1,276.41
1110,576.34,276.96
1111,577.58,277.52
1112,577.58,277.52
1113,577.58,277.52
1114,577.58,277.52
1115,577.58,277.52
1116,577.58,277.52
1117,577.58,277.52
1118,577.58,277.52
1119,577.58,277.52
1120,577.58,277.52
1121,577.58,277.52
1122,577.96,277.74
1123,578.43,277.85
1124,578.82,278.07
1125,579.2,278.29
1126,579.58,278.51
1127,580.05,278.62
1128,580.44,278.85
1129,580.82,279.07
1130,581.29,279.18
1131,581.67,279.4
1132,582.25,280.51
1133,582.82,281.73
1134,583.48,282.84
1135,584.06,284.06
1136,584.63,285.17
1137,585.2,286.39
1138,585.77,287.49
1139,586.44,288.71
1140,587.01,289.93
1141,587.58,291.04
1142,581.67,286.5
1143,575.77,281.84
1144,569.76,277.29
1145,563.86,272.75
1146,557.95,268.2
1147,552.04,263.55
1148,546.13,259.0
1149,540.13,254.45
1150,534.23,249.8
1151,528.32,245.25
1152,524.13,243.37
1153,519.93,241.59
1154,515.74,239.82
1155,511.55,237.93
1156,507.45,236.05
1157,503.26,234.28
1158,499.07,232.5
1159,494.88,230.62
1160,490.68,228.73
1161,486.49,226.96
1162,482.3,225.18
1163,478.11,223.3
1164,473.91,221.41
1165,469.72,219.64
1166,465.62,217.76
1167,461.43,215.98
1168,457.24,214.1
1169,453.05,212.32
1170,448.86,210.44
1171,444.66,208.66
1172,442.85,207.55
1173,440.95,206.56
1174,439.04,205.45
1175,437.23,204.45
1176,435.42,203.34
1177,433.52,202.34
1178,431.61,201.24
1179,429.8,200.24
1180,427.99,199.24
1181,426.08,198.13
1182,422.37,195.58
1183,418.56,192.92
1184,414.84,190.37
1185,411.03,187.71
1186,407.31,185.16
1187,403.6,182.61
1188,399.79,179.95
1189,396.07,177.4
1190,392.26,174.74
1191,388.54,172.19
