100,945.64,1.33
101,945.64,1.33
102,945.64,1.33
103,945.64,1.33
104,945.64,1.33
105,945.64,1.33
106,945.64,1.33
107,945.64,1.33
108,945.64,1.33
109,945.64,1.33
110,945.64,1.33
111,945.64,1.33
112,945.64,1.33
113,945.64,1.33
114,945.64,1.33
115,945.64,1.33
116,945.45,3.33
117,945.26,5.43
118,945.06,7.43
119,944.87,9.54
120,944.68,11.53
121,944.49,13.64
122,944.3,15.63
123,944.11,17.74
124,943.92,19.74
125,943.73,21.84
126,943.54,23.84
127,943.35,24.72
128,943.25,25.5
129,943.06,26.39
130,942.87,27.16
131,942.78,28.05
132,942.59,28.83
133,942.4,29.71
134,942.3,30.49
135,942.11,31.38
136,941.73,33.15
137,941.44,35.04
138,941.06,36.81
139,940.78,38.69
140,940.4,40.47
141,940.11,42.24
142,939.73,44.13
143,939.35,45.9
144,939.06,47.68
145,938.68,49.56
146,938.4,51.33
147,938.01,53.22
148,937.73,54.99
149,937.35,56.77
150,936.97,58.65
151,936.68,60.43
152,936.3,62.2
153,936.01,64.08
154,935.63,65.86
155,935.35,67.74
156,934.97,69.52
157,934.58,71.74
158,934.3,73.95
159,933.92,76.17
160,933.63,78.39
161,933.25,80.6
162,932.87,82.82
163,932.58,85.15
164,932.2,87.37
165,931.92,89.59
166,931.54,91.8
167,931.25,94.02
168,930.87,96.24
169,930.58,97.9
170,930.39,99.56
171,930.11,101.23
172,929.92,102.78
173,929.63,104.44
174,929.44,106.11
175,929.15,107.77
176,928.96,109.43
177,928.77,111.1
178,928.49,112.76
179,928.3,114.42
180,928.11,116.08
181,927.91,117.75
182,927.72,119.41
183,927.44,121.07
184,927.25,122.74
185,927.06,124.4
186,926.87,125.62
187,926.77,126.84
188,926.58,128.06
189,926.39,129.28
190,926.3,130.5
191,926.1,131.72
192,925.91,132.94
193,925.72,134.16
194,925.63,135.38
195,925.44,136.6
196,925.25,137.82
197,925.15,139.04
198,924.96,140.25
199,924.96,140.37
200,924.96,140.37
201,924.96,140.48
202,924.96,140.48
203,924.96,140.59
204,924.96,140.7
205,924.96,140.7
206,924.96,140.81
207,924.87,140.81
208,924.87,140.92
209,924.87,140.92
210,924.87,141.03
211,924.87,141.14
212,924.87,141.14
213,924.87,141.25
214,924.87,141.25
215,924.87,141.36
216,924.68,142.25
217,924.48,143.25
218,924.2,144.14
219,924.01,145.13
220,923.82,146.02
221,923.63,147.02
222,923.44,147.91
223,923.15,148.9
224,922.96,149.79
225,922.77,150.79
226,922.2,153.78
227,921.53,156.77
228,920.96,159.88
229,920.29,162.87
230,919.72,165.87
231,919.05,168.86
232,918.48,171.96
233,917.82,174.96
234,917.24,177.95
235,916.86,179.84
236,916.48,181.72
237,916.01,183.72
238,915.62,185.6
239,915.24,187.49
240,914.86,189.37
241,914.48,191.26
242,914.0,193.25
243,913.62,195.14
244,913.24,197.02
245,913.15,197.47
246,913.15,197.91
247,913.05,198.35
248,912.96,198.8
249,912.86,199.24
250,912.86,199.79
251,912.77,200.24
252,912.67,200.68
253,912.58,201.12
254,912.58,201.57
255,912.48,202.01
256,912.48,202.01
257,912.48,202.01
258,912.48,202.01
259,912.48,202.01
260,912.48,202.01
261,912.48,202.01
262,912.48,202.01
263,912.48,202.01
264,912.48,202.01
265,912.48,202.01
266,912.48,202.01
267,912.48,202.01
268,912.48,202.01
269,912.48,202.01
270,912.48,202.01
271,912.48,202.01
272,912.48,202.01
273,912.48,202.01
274,912.48,202.01
275,912.48,202.01
276,912.48,202.01
277,912.48,202.01
278,912.48,202.01
279,912.48,202.01
280,912.48,202.01
281,912.48,202.01
282,912.48,202.01
283,912.48,202.01
284,912.48,202.01
285,912.19,203.45
286,911.91,204.78
287,911.62,206.22
288,911.34,207.55
289,911.05,209.0
290,910.76,210.44
291,910.48,211.77
292,910.19,213.21
293,909.91,214.54
294,909.62,215.98
295,909.53,216.76
296,909.34,217.53
297,909.24,218.42
298,909.05,219.2
299,908.95,219.97
300,908.86,220.75
301,908.67,221.52
302,908.57,222.41
303,908.38,223.19
304,908.29,223.96
305,908.76,225.41
306,909.34,226.85
307,909.81,228.18
308,910.38,229.62
309,910.96,231.06
310,911.43,232.5
311,912.0,233.94
312,912.48,235.27
313,913.05,236.71
314,913.53,238.16
315,913.72,238.27
316,913.81,238.27
317,914.0,238.38
318,914.1,238.49
319,914.29,238.49
320,914.48,238.6
321,914.58,238.71
322,914.77,238.71
323,914.96,238.82
324,915.05,238.82
325,915.24,238.93
326,915.34,239.04
327,915.53,239.04
328,915.72,239.15
329,915.81,239.26
330,916.01,239.26
331,916.2,239.38
332,916.29,239.49
333,916.48,239.49
334,916.58,239.6
335,916.77,239.71
336,916.96,239.71
337,917.05,239.82
338,917.24,239.93
339,917.34,239.93
340,917.53,240.04
341,917.72,240.04
342,917.82,240.15
343,918.01,240.26
344,918.2,240.26
345,918.29,240.37
346,918.48,240.48
347,918.58,240.48
348,918.77,240.6
349,918.77,240.6
350,918.77,240.6
351,918.77,240.6
352,918.77,240.6
353,918.77,240.6
354,918.77,240.6
355,918.77,240.6
356,918.77,240.6
357,918.77,240.6
358,918.77,240.6
359,918.77,240.6
360,918.77,240.6
361,918.77,240.6
362,918.77,240.6
363,918.77,240.6
364,918.77,240.6
365,918.77,240.6
366,918.77,240.6
367,918.77,240.6
368,918.77,240.6
369,918.77,240.6
370,918.77,240.6
371,918.77,240.6
372,918.77,240.6
373,918.77,240.6
374,918.77,240.6
375,918.77,240.6
376,918.77,240.6
377,918.77,240.6
378,918.77,240.6
379,918.77,240.6
380,918.77,240.6
381,918.77,240.6
382,918.77,240.6
383,918.77,240.6
384,918.77,240.6
385,918.77,240.6
386,918.77,240.6
387,918.77,240.6
388,918.77,240.6
389,918.77,240.6
390,918.77,240.6
391,918.77,240.6
392,918.77,240.6
393,918.77,240.6
394,918.77,240.6
395,918.77,240.6
396,918.77,240.6
397,918.77,240.6
398,918.77,240.6
399,918.77,240.6
400,918.77,240.6
401,918.77,240.6
402,918.77,240.6
403,918.77,240.6
404,918.77,240.6
405,918.77,240.6
406,918.77,240.6
407,918.77,240.6
408,918.77,240.6
409,918.77,240.6
410,918.77,240.6
411,918.77,240.6
412,918.77,240.6
413,918.77,240.6
414,918.77,240.6
415,918.77,240.6
416,918.77,240.6
417,918.77,240.6
418,918.77,240.6
419,918.77,240.6
420,918.77,240.6
421,918.77,240.6
422,918.77,240.6
423,918.77,240.6
424,918.77,240.6
425,918.77,240.6
426,918.77,240.6
427,918.77,240.6
428,918.77,240.6
429,918.77,240.6
430,918.77,240.6
431,918.77,240.6
432,918.77,240.6
433,918.77,240.6
434,918.77,240.6
435,918.67,240.6
436,918.67,240.71
437,918.58,240.71
438,918.58,240.82
439,918.48,240.82
440,918.48,240.82
441,918.39,240.93
442,918.39,240.93
443,918.29,241.04
444,918.29,241.04
445,918.2,241.04
446,918.1,241.15
447,918.1,241.15
448,918.01,241.26
449,918.01,241.26
450,917.91,241.26
451,917.91,241.37
452,917.82,241.37
453,917.82,241.48
454,917.72,241.48
455,917.72,241.48
456,917.72,241.48
457,917.72,241.48
458,917.72,241.48
459,917.72,241.48
460,917.72,241.48
461,917.72,241.48
462,917.72,241.48
463,917.72,241.48
464,917.72,241.48
465,917.72,241.48
466,917.72,241.48
467,917.72,241.48
468,917.72,241.48
469,917.72,241.48
470,917.72,241.48
471,917.72,241.48
472,917.72,241.48
473,917.72,241.48
474,917.72,241.48
475,917.72,241.48
476,917.72,241.48
477,917.72,241.48
478,917.72,241.48
479,917.72,241.48
480,917.72,241.48
481,917.72,241.48
482,917.72,241.48
483,917.72,241.48
484,917.72,241.48
485,917.72,241.48
486,917.72,241.48
487,917.72,241.48
488,917.72,241.48
489,917.72,241.48
490,917.72,241.48
491,917.72,241.48
492,917.72,241.48
493,917.72,241.48
494,917.72,241.48
495,917.72,241.48
496,917.72,241.48
497,917.72,241.48
498,917.72,241.48
499,917.72,241.48
500,917.72,241.48
501,917.72,241.48
502,917.72,241.48
503,917.72,241.48
504,917.72,241.48
505,917.72,241.48
506,917.72,241.48
507,917.72,241.48
508,917.72,241.48
509,917.72,241.48
510,917.72,241.48
511,917.72,241.48
512,917.72,241.48
513,917.72,241.48
514,917.72,241.48
515,917.72,241.48
516,917.72,241.48
517,917.72,241.48
518,917.72,241.48
519,917.72,241.48
520,917.72,241.48
521,917.72,241.48
522,917.72,241.48
523,917.72,241.48
524,917.72,241.48
525,917.72,241.48
526,917.72,241.48
527,917.72,241.48
528,917.72,241.48
529,917.72,241.48
530,917.72,241.48
531,917.72,241.48
532,917.72,241.48
533,917.72,241.48
534,917.72,241.48
535,917.72,241.48
536,917.72,241.48
537,917.72,241.48
538,917.72,241.48
539,917.72,241.48
540,917.72,241.48
541,917.72,241.48
542,917.72,241.48
543,917.72,241.48
544,917.72,241.48
545,917.72,241.48
546,917.72,241.48
547,917.72,241.48
548,917.72,241.48
549,917.72,241.48
550,918.1,241.81
551,918.58,242.15
552,918.96,242.37
553,919.34,242.7
554,919.82,243.03
555,920.2,243.37
556,920.58,243.59
557,921.05,243.92
558,921.44,244.25
559,921.82,244.59
560,922.29,244.81
561,922.67,245.14
562,923.06,245.47
563,923.44,245.81
564,923.91,246.03
565,924.29,246.36
566,924.68,246.69
567,925.15,247.03
568,925.53,247.25
569,925.91,247.58
570,926.39,247.91
571,926.77,248.25
572,927.15,248.47
573,927.63,248.8
574,928.01,249.13
575,928.01,249.13
576,928.01,249.13
577,928.01,249.13
578,928.01,249.13
579,928.01,249.13
580,928.01,249.13
581,928.01,249.13
582,928.01,249.13
583,928.01,249.13
584,928.01,249.13
585,928.01,249.13
586,928.01,249.13
587,928.01,249.13
588,928.01,249.13
589,928.01,249.13
590,928.01,249.13
591,928.01,249.13
592,928.01,249.13
593,928.01,249.13
594,928.01,249.13
595,928.01,249.13
596,929.44,250.13
597,930.77,251.02
598,932.2,252.02
599,933.63,252.9
600,935.06,253.9
601,936.39,254.9
602,937.82,255.78
603,939.25,256.78
604,940.59,257.67
605,942.02,258.67
606,942.02,259.55
607,942.02,260.55
608,941.92,261.44
609,941.92,262.44
610,941.92,263.32
611,941.92,264.21
612,941.92,265.21
613,941.83,266.1
614,941.83,266.98
615,941.83,267.98
616,941.83,268.87
617,941.73,269.87
618,941.73,270.75
619,941.73,271.64
620,941.73,272.64
621,941.73,273.52
622,941.63,274.41
623,941.63,275.41
624,941.63,276.3
625,941.63,277.29
626,941.54,278.18
627,941.54,279.07
628,941.54,280.07
629,941.54,280.95
630,941.54,281.84
631,941.44,282.84
632,941.44,283.72
633,941.44,284.72
634,941.44,285.61
635,941.44,286.5
636,941.35,287.49
637,941.35,288.38
638,941.35,289.27
639,941.35,290.27
640,941.35,291.15
641,941.25,292.15
642,941.25,293.04
643,941.25,293.93
644,941.25,294.92
645,941.16,295.81
646,941.16,296.7
647,941.16,297.69
648,941.16,298.58
649,941.16,299.58
650,941.06,300.47
651,941.06,301.35
652,941.06,302.35
653,941.06,303.24
654,940.97,304.13
655,940.97,305.12
656,940.97,306.01
657,940.97,307.01
658,940.97,307.9
659,940.87,308.78
660,940.87,309.78
661,940.87,310.67
662,940.87,311.55
663,940.87,312.55
664,940.78,313.44
665,940.78,314.44
666,940.78,315.32
667,940.78,316.21
668,940.78,317.21
669,940.68,318.1
670,940.68,318.98
671,940.68,319.98
672,940.68,320.87
673,940.59,321.87
674,940.59,322.75
675,940.59,323.64
676,940.59,324.64
677,940.59,325.52
678,940.49,326.41
679,940.49,327.41
680,940.49,328.3
681,940.49,329.29
682,940.4,330.18
683,940.4,331.07
684,940.4,332.07
685,940.4,332.95
686,940.4,333.84
687,940.3,334.84
688,940.3,335.72
689,940.3,336.72
690,940.3,337.61
691,940.3,338.5
692,940.21,339.49
693,940.21,340.38
694,940.21,341.27
695,940.21,342.27
696,940.21,343.15
697,940.11,344.15
698,940.11,345.04
699,940.11,345.92
700,940.11,346.92
701,940.02,347.81
702,940.02,348.7
703,940.02,349.69
704,940.02,350.58
705,940.02,351.58
706,939.92,352.47
707,939.92,353.35
708,939.92,354.35
709,939.92,355.24
710,939.82,356.24
711,939.82,357.12
712,939.82,358.01
713,939.82,359.01
714,939.82,359.89
715,939.73,360.78
716,939.73,361.78
717,939.73,362.67
718,939.73,363.66
719,939.73,364.55
720,939.63,365.44
721,939.63,366.44
722,939.63,367.32
723,939.63,368.21
724,939.54,369.21
725,939.54,370.1
726,939.54,371.09
727,939.54,371.98
728,939.54,372.87
729,939.44,373.86
730,939.44,374.75
731,939.44,375.64
732,939.44,376.64
733,939.44,377.52
734,939.35,378.52
735,939.35,379.41
736,939.35,380.3
737,939.35,381.29
738,939.35,382.18
739,939.25,383.07
740,939.25,384.07
741,939.25,384.95
742,939.25,385.95
743,939.16,386.84
744,939.16,387.72
745,939.16,388.72
746,939.16,389.61
747,939.16,390.5
748,939.06,391.49
749,939.06,392.38
750,939.06,393.38
751,939.06,394.27
752,938.97,395.15
753,938.97,396.15
754,938.97,397.04
755,938.97,397.92
756,938.97,398.92
757,938.87,399.81
758,938.87,400.81
759,938.87,401.69
760,938.87,402.58
761,938.87,403.58
762,938.78,404.47
763,938.78,405.35
764,938.78,406.35
765,938.78,407.24
766,938.78,408.24
767,938.68,409.12
768,938.68,410.01
769,938.68,411.01
770,938.68,411.89
771,938.59,412.78
772,938.59,413.78
773,938.59,414.67
774,938.59,415.66
775,938.59,416.55
776,938.49,417.44
777,938.49,418.44
778,938.49,419.32
779,938.49,420.21
780,938.4,421.21
781,938.4,422.09
782,938.4,423.09
783,938.4,423.98
784,938.4,424.87
785,938.3,425.86
786,938.3,426.75
787,938.3,427.64
788,938.3,428.64
789,938.3,429.52
790,938.2,430.52
791,938.2,431.41
792,938.2,432.3
793,938.2,433.29
794,938.2,434.18
795,938.11,435.07
796,938.11,436.06
797,938.11,436.95
798,938.11,437.95
799,938.01,438.84
800,938.01,439.72
801,938.01,440.72
802,938.01,441.61
803,938.01,442.5
804,937.92,443.49
805,937.92,444.38
806,937.92,445.38
807,937.92,446.27
808,937.82,447.15
809,937.82,448.15
810,937.82,449.04
811,937.82,449.92
812,937.82,450.92
813,937.73,451.81
814,937.73,452.81
815,937.73,453.69
816,935.44,458.57
817,933.16,463.45
818,930.87,468.22
819,928.58,473.1
820,926.3,477.97
821,924.01,482.85
822,921.72,487.73
823,919.44,492.5
824,917.15,497.38
825,914.86,502.26
826,913.24,507.47
827,911.62,512.79
828,909.91,518.0
829,908.29,523.21
830,906.67,528.42
831,905.05,533.74
832,903.43,538.96
833,901.71,544.17
834,900.09,549.49
835,898.47,554.7
836,899.05,559.69
837,899.62,564.68
838,900.28,569.67
839,900.86,574.66
840,901.43,579.65
841,902.09,584.64
842,902.67,589.62
843,903.24,594.61
844,901.33,598.61
845,899.43,602.71
846,897.43,606.7
847,895.52,610.69
848,893.61,614.79
849,891.71,618.78
850,889.71,622.78
851,887.8,626.88
852,885.9,630.87
853,885.04,631.87
854,884.18,632.86
855,883.42,633.86
856,882.56,634.86
857,881.7,635.75
858,880.85,636.75
859,879.99,637.74
860,879.23,638.74
861,878.37,639.74
862,877.51,640.74
863,876.66,641.73
864,875.8,642.73
865,875.04,643.73
866,874.18,644.73
867,873.32,645.73
868,872.46,646.61
869,871.61,647.61
870,870.84,648.61
871,869.99,649.61
872,869.13,650.6
873,867.03,653.82
874,864.84,657.15
875,862.74,660.36
876,860.55,663.69
877,858.46,666.9
878,856.36,670.12
879,854.17,673.44
880,852.07,676.66
881,849.88,679.99
882,847.79,683.2
883,846.45,686.42
884,845.12,689.74
885,843.78,692.96
886,842.45,696.17
887,841.12,699.39
888,839.78,702.72
889,838.45,705.93
890,837.11,709.15
891,835.78,712.47
892,834.45,715.69
893,834.45,715.69
894,834.45,715.69
895,834.45,715.69
896,834.45,715.69
897,834.45,715.69
898,834.45,715.69
899,834.45,715.69
900,834.45,715.69
901,834.45,715.69
902,834.45,715.69
903,834.45,715.69
904,834.45,715.69
905,834.45,715.69
906,834.45,715.69
907,834.45,715.69
908,834.45,715.69
909,834.45,715.69
910,834.45,715.69
911,834.45,715.69
912,834.45,715.69
913,834.45,715.69
914,834.45,715.69
915,834.45,715.69
916,834.45,715.69
917,834.45,715.69
918,834.45,715.69
919,834.45,715.69
920,834.45,715.69
921,834.45,715.69
922,834.45,715.69
923,834.45,715.69
924,834.45,715.69
925,834.45,715.69
926,834.45,715.69
927,834.45,715.69
928,834.45,715.69
929,834.45,715.69
930,834.45,715.69
931,834.45,715.69
932,834.45,715.69
933,834.45,715.69
934,834.45,715.69
935,834.45,715.69
936,834.45,715.69
937,834.45,715.69
938,834.45,715.69
939,834.45,715.69
940,834.45,715.69
941,834.45,715.69
942,834.45,715.69
943,833.97,716.8
944,833.59,718.02
945,833.11,719.12
946,832.73,720.23
947,832.26,721.34
948,831.87,722.56
949,831.4,723.67
950,831.02,724.78
951,830.54,726.0
952,830.16,727.11
953,829.97,727.55
954,829.78,728.11
955,829.59,728.55
956,829.4,729.1
957,829.21,729.55
958,829.02,730.1
959,828.83,730.54
960,828.63,731.1
961,828.44,731.54
962,828.25,732.1
963,828.25,732.1
964,828.25,732.1
965,828.25,732.1
966,828.25,732.1
967,828.25,732.1
968,828.25,732.1
969,828.25,732.1
970,828.25,732.1
971,828.25,732.1
972,828.25,732.1
973,828.25,732.1
974,828.25,732.1
975,828.25,732.1
976,828.25,732.1
977,828.25,732.1
978,828.25,732.1
979,828.25,732.1
980,828.25,732.1
981,828.25,732.1
982,828.25,732.1
983,828.25,732.1
984,828.25,732.1
985,828.25,732.1
986,828.25,732.1
987,828.25,732.1
988,828.25,732.1
989,828.25,732.1
990,828.25,732.1
991,828.25,732.1
992,828.25,732.1
993,828.25,732.1
994,828.25,732.1
995,828.25,732.1
996,828.25,732.1
997,828.25,732.1
998,828.25,732.1
999,828.25,732.1
1000,828.25,732.1
1001,828.25,732.1
1002,828.25,732.1
1003,828.25,732.1
1004,828.25,732.1
1005,828.25,732.1
1006,828.25,732.1
1007,828.25,732.1
1008,828.25,732.1
1009,828.25,732.1
1010,828.25,732.1
1011,828.25,732.1
1012,828.25,732.1
1013,828.25,732.1
1014,828.25,732.1
1015,828.25,732.1
1016,828.25,732.1
1017,828.25,732.1
1018,828.25,732.1
1019,828.25,732.1
1020,828.25,732.1
1021,828.25,732.1
1022,828.25,732.1
1023,827.3,734.87
1024,826.44,737.64
1025,825.49,740.41
1026,824.63,743.18
1027,823.68,745.96
1028,822.73,748.73
1029,821.87,751.5
1030,820.92,754.27
1031,820.06,757.04
1032,819.11,759.81
1033,813.68,758.48
1034,808.34,757.04
1035,802.91,755.71
1036,797.48,754.38
1037,792.05,752.94
1038,786.71,751.61
1039,781.28,750.28
1040,775.85,748.84
1041,770.42,747.51
1042,765.08,746.18
1043,759.65,744.74
1044,754.22,743.41
1045,748.79,742.08
1046,743.46,740.63
1047,738.03,739.3
1048,732.59,737.97
1049,727.16,736.64
1050,721.83,735.2
1051,716.4,733.87
1052,710.97,732.54
1053,705.54,731.1
1054,700.1,729.77
1055,694.77,728.44
1056,689.34,727.0
1057,683.91,725.67
1058,678.57,724.34
1059,673.14,722.89
1060,667.71,721.56
1061,557.57,653.93
1062,553.38,651.82
1063,549.18,649.61
1064,544.99,647.5
1065,540.8,645.39
1066,536.61,643.29
1067,532.41,641.07
1068,528.22,638.96
1069,524.03,636.86
1070,519.93,634.64
1071,515.74,632.53
1072,511.55,630.43
1073,507.36,628.21
1074,503.16,626.1
1075,498.97,624.0
1076,494.78,621.89
1077,490.59,619.67
1078,486.4,617.56
1079,485.54,617.12
1080,484.68,616.68
1081,483.82,616.23
1082,483.82,616.23
1083,483.82,616.23
1084,483.82,616.23
1085,483.82,616.23
1086,483.82,616.23
1087,483.82,616.23
1088,483.82,616.23
1089,483.82,616.23
1090,483.82,616.23
1091,483.82,616.23
1092,483.82,616.23
1093,483.82,616.23
1094,483.82,616.23
1095,483.82,616.23
1096,483.82,616.23
1097,483.82,616.23
1098,483.82,616.23
1099,483.82,616.23
1100,483.82,616.23
1101,483.82,616.23
1102,483.82,616.23
1103,483.82,616.23
1104,483.82,616.23
1105,483.82,616.23
1106,483.82,616.23
1107,483.82,616.23
1108,483.82,616.23
1109,483.82,616.23
1110,483.82,616.23
1111,483.82,616.23
1112,480.87,613.35
1113,477.92,610.47
1114,474.96,607.7
1115,472.01,604.81
1116,469.05,601.93
1117,466.01,599.05
1118,463.05,596.17
1119,460.1,593.39
1120,457.15,590.51
1121,454.19,587.63
1122,454.48,581.64
1123,454.76,575.65
1124,455.14,569.67
1125,455.43,563.68
1126,455.72,557.69
1127,457.43,553.92
1128,459.15,550.26
1129,460.96,546.49
1130,462.67,542.72
1131,464.39,539.07
1132,466.1,535.3
1133,467.91,531.53
1134,469.63,527.87
1135,471.34,524.1
1136,466.77,522.44
1137,462.1,520.77
1138,457.43,519.11
1139,452.86,517.45
1140,444.38,515.23
1141,435.8,513.01
1142,427.23,510.68
1143,418.75,508.47
1144,410.17,506.25
1145,401.69,504.03
1146,393.21,501.81
1147,384.64,499.48
1148,376.16,497.27
1149,367.58,495.05
1150,359.2,492.28
1151,350.81,489.39
1152,342.43,486.62
1153,334.05,483.85
1154,325.66,481.08
1155,317.28,478.2
1156,308.89,475.42
1157,300.51,472.65
1158,292.12,469.88
1159,283.74,467.0
1160,275.35,464.23
1161,266.97,461.45
1162,258.59,458.68
1163,250.2,455.91
1164,241.82,453.03
1165,233.43,450.26
1166,225.05,447.48
1167,216.66,444.6
1168,208.28,441.83
1169,199.89,439.06
1170,198.37,438.73
1171,196.84,438.39
1172,195.32,438.06
1173,193.8,437.73
1174,192.27,437.4
1175,190.75,437.06
1176,189.22,436.73
1177,187.7,436.4
1178,186.17,436.06
1179,184.65,435.73
1180,184.65,435.73
1181,184.65,435.73
1182,184.65,435.73
1183,184.65,435.73
1184,184.65,435.73
1185,184.65,435.73
1186,184.65,435.73
1187,184.65,435.73
1188,184.65,435.73
1189,184.65,435.73
1190,184.65,435.73
1191,184.65,435.73
1192,184.65,435.73
1193,184.65,435.73
1194,184.65,435.73
1195,184.65,435.73
1196,184.65,435.73
1197,184.65,435.73
1198,184.65,435.73
1199,184.65,435.73
