1,922.01,242.59
2,922.01,242.59
3,922.01,242.59
4,922.01,242.59
5,922.01,242.59
6,922.01,242.59
7,922.01,242.59
8,922.01,242.59
9,922.01,242.59
10,922.01,242.59
11,922.01,242.59
12,922.01,242.59
13,922.01,242.59
14,922.01,242.59
15,922.01,242.59
16,922.01,242.59
17,922.01,242.59
18,922.39,242.81
19,922.67,242.92
20,923.06,243.03
21,923.34,243.26
22,923.72,243.37
23,924.01,243.59
24,924.29,243.7
25,924.68,243.92
26,924.96,244.03
27,925.34,244.25
28,925.72,244.48
29,926.01,244.59
30,926.39,244.81
31,926.68,244.92
32,926.96,245.14
33,927.34,245.25
34,927.63,245.36
35,928.01,245.58
36,928.3,245.7
37,928.68,245.92
38,928.77,245.92
39,928.87,246.03
40,928.96,246.03
41,929.06,246.14
42,929.15,246.14
43,929.25,246.14
44,929.34,246.25
45,929.44,246.25
46,929.53,246.36
47,929.63,246.36
48,929.63,246.36
49,929.63,246.36
50,929.63,246.36
51,929.63,246.36
52,929.63,246.36
53,929.63,246.36
54,929.63,246.36
55,929.63,246.36
56,929.63,246.36
57,929.63,246.36
58,929.63,246.36
59,929.63,246.36
60,929.63,246.36
61,929.63,246.36
62,929.63,246.36
63,929.63,246.36
64,929.63,246.36
65,929.63,246.36
66,929.63,246.36
67,929.63,246.36
68,929.63,246.36
69,929.63,246.36
70,929.63,246.36
71,929.63,246.36
72,929.63,246.36
73,929.63,246.36
74,929.63,246.36
75,929.63,246.36
76,929.63,246.36
77,929.63,246.36
78,929.63,246.36
79,929.63,246.36
80,929.63,246.36
81,929.63,246.36
82,929.63,246.36
83,929.63,246.36
84,929.63,246.36
85,929.63,246.36
86,929.63,246.36
87,929.63,246.36
88,929.63,246.36
89,929.63,246.36
90,929.63,246.36
91,929.63,246.36
92,929.63,246.36
93,929.63,246.36
94,929.63,246.36
95,929.63,246.36
96,929.63,246.36
97,929.63,246.36
98,929.63,246.36
99,929.63,246.36
100,929.63,246.36
101,929.63,246.36
102,929.63,246.36
103,929.63,246.36
104,929.63,246.36
105,929.63,246.36
106,929.63,246.36
107,929.63,246.36
108,929.63,246.36
109,929.63,246.36
110,929.63,246.36
111,929.63,246.36
112,929.63,246.36
113,929.63,246.36
114,929.63,246.36
115,929.63,246.36
116,929.63,246.36
117,929.63,246.36
118,929.63,246.36
119,929.63,246.36
120,929.63,246.36
121,929.63,246.36
122,929.63,246.36
123,929.63,246.36
124,929.63,246.36
125,929.63,246.36
126,929.63,246.36
127,929.63,246.36
128,929.63,246.36
129,929.63,246.36
130,929.63,246.36
131,929.63,246.36
132,929.63,246.36
133,929.63,246.36
134,929.63,246.36
135,929.63,246.36
136,929.63,246.36
137,929.63,246.36
138,929.63,246.36
139,929.73,246.36
140,929.73,246.47
141,929.82,246.47
142,929.82,246.47
143,929.82,246.47
144,929.92,246.58
145,929.92,246.58
146,930.01,246.58
147,930.01,246.69
148,930.01,246.69
149,930.11,246.69
150,930.11,246.69
151,930.2,246.8
152,930.2,246.8
153,930.2,246.8
154,930.3,246.8
155,930.3,246.91
156,930.39,246.91
157,930.39,246.91
158,930.39,246.91
159,930.39,246.91
160,930.39,246.91
161,930.39,246.91
162,930.39,246.91
163,930.39,246.91
164,930.39,246.91
165,930.39,246.91
166,930.39,246.91
167,930.39,246.91
168,930.39,246.91
169,930.39,246.91
170,930.39,246.91
171,930.39,246.91
172,930.39,246.91
173,930.39,246.91
174,930.39,246.91
175,930.39,246.91
176,930.39,246.91
177,930.39,246.91
178,930.39,246.91
179,930.39,246.91
180,930.39,246.91
181,930.39,246.91
182,930.39,246.91
183,930.39,246.91
184,930.39,246.91
185,930.39,246.91
186,930.39,246.91
187,930.39,246.91
188,930.39,246.91
189,930.39,246.91
190,930.39,246.91
191,930.39,246.91
192,930.39,246.91
193,930.39,246.91
194,930.39,246.91
195,930.39,246.91
196,930.39,246.91
197,930.39,246.91
198,930.39,246.91
199,930.39,246.91
200,930.39,246.91
201,930.39,246.91
202,930.39,246.91
203,930.39,246.91
204,930.39,246.91
205,930.39,246.91
206,930.39,246.91
207,930.39,246.91
208,930.39,246.91
209,930.39,246.91
210,930.39,246.91
211,930.39,246.91
212,930.39,246.91
213,930.39,246.91
214,930.39,246.91
215,930.39,246.91
216,930.39,246.91
217,930.39,246.91
218,930.39,246.91
219,930.39,246.91
220,930.39,246.91
221,930.39,246.91
222,930.39,246.91
223,930.39,246.91
224,930.39,246.91
225,930.39,246.91
226,930.39,246.91
227,930.39,246.91
228,930.39,246.91
229,930.39,246.91
230,930.39,246.91
231,930.39,246.91
232,930.39,246.91
233,930.39,246.91
234,930.39,246.91
235,930.39,246.91
236,930.39,246.91
237,930.39,246.91
238,930.39,246.91
239,930.39,246.91
240,930.39,246.91
241,930.39,246.91
242,930.39,246.91
243,930.39,246.91
244,930.39,246.91
245,930.39,246.91
246,930.39,246.91
247,930.39,246.91
248,930.39,246.91
249,930.39,246.91
250,930.39,246.91
251,930.39,246.91
252,930.39,246.91
253,930.39,246.91
254,930.39,246.91
255,930.39,246.91
256,930.39,246.91
257,930.39,246.91
258,930.39,246.91
259,930.39,246.91
260,930.39,246.91
261,930.49,246.91
262,930.49,246.91
263,930.49,246.91
264,930.49,246.91
265,930.49,246.91
266,930.49,246.91
267,930.49,246.91
268,930.58,246.91
269,930.58,246.91
270,930.58,246.91
271,930.58,246.91
272,930.58,246.91
273,930.58,246.91
274,930.68,246.91
275,930.68,246.91
276,930.68,246.91
277,930.68,246.91
278,930.68,246.91
279,930.68,246.91
280,930.68,246.91
281,930.68,246.91
282,930.68,246.91
283,930.68,246.91
284,930.68,246.91
285,930.68,246.91
286,930.68,246.91
287,930.68,246.91
288,930.68,246.91
289,930.68,246.91
290,930.68,246.91
291,930.68,246.91
292,930.68,246.91
293,930.68,246.91
294,930.68,246.91
295,930.68,246.91
296,930.68,246.91
297,930.68,246.91
298,930.68,246.91
299,930.68,246.91
300,930.68,246.91
301,930.68,246.91
302,930.68,246.91
303,930.68,246.91
304,930.68,246.91
305,930.68,246.91
306,930.68,246.91
307,930.68,246.91
308,930.68,246.91
309,930.68,246.91
310,930.68,246.91
311,930.68,246.91
312,930.68,246.91
313,930.68,246.91
314,930.68,246.91
315,930.68,246.91
316,930.68,246.91
317,930.68,246.91
318,930.68,246.91
319,930.68,246.91
320,930.68,246.91
321,930.68,246.91
322,930.68,246.91
323,930.68,246.91
324,930.68,246.91
325,930.68,246.91
326,930.68,246.91
327,930.68,246.91
328,930.68,246.91
329,930.68,246.91
330,930.68,246.91
331,930.68,246.91
332,930.68,246.91
333,930.68,246.91
334,930.68,246.91
335,930.68,246.91
336,930.68,246.91
337,930.68,246.91
338,930.68,246.91
339,930.68,246.91
340,930.68,246.91
341,930.68,246.91
342,930.68,246.91
343,930.68,246.91
344,930.68,246.91
345,930.68,246.91
346,930.68,246.91
347,930.68,246.91
348,930.68,246.91
349,930.68,246.91
350,930.68,246.91
351,930.68,246.91
352,930.68,246.91
353,930.68,246.91
354,930.68,246.91
355,930.68,246.91
356,930.68,246.91
357,930.68,246.91
358,930.68,246.91
359,930.68,246.91
360,930.68,246.91
361,930.68,246.91
362,930.68,246.91
363,930.68,246.91
364,930.68,246.91
365,930.68,246.91
366,930.68,246.91
367,930.68,246.91
368,930.68,246.91
369,930.68,246.91
370,930.68,246.91
371,930.68,246.91
372,930.68,246.91
373,930.68,246.91
374,930.68,246.91
375,930.68,246.91
376,930.68,246.91
377,930.68,246.91
378,930.68,246.91
379,930.68,246.91
380,930.68,246.91
381,930.68,246.91
382,930.77,246.91
383,930.77,246.91
384,930.77,246.91
385,930.77,246.91
386,930.77,246.91
387,930.77,246.91
388,930.77,246.91
389,930.77,246.91
390,930.77,246.91
391,930.77,246.91
392,930.77,246.91
393,930.87,246.91
394,930.87,246.91
395,930.87,246.91
396,930.87,246.91
397,930.87,246.91
398,930.87,246.91
399,930.87,246.91
400,930.87,246.91
401,930.87,246.91
402,930.87,246.91
403,930.87,246.91
404,930.87,246.91
405,930.87,246.91
406,930.87,246.91
407,930.87,246.91
408,930.87,246.91
409,930.87,246.91
410,930.87,246.91
411,930.87,246.91
412,930.87,246.91
413,930.87,246.91
414,930.87,246.91
415,930.87,246.91
416,930.87,246.91
417,930.87,246.91
418,930.87,246.91
419,930.87,246.91
420,930.87,246.91
421,930.87,246.91
422,930.87,246.91
423,930.87,246.91
424,930.87,246.91
425,930.87,246.91
426,930.87,246.91
427,930.87,246.91
428,930.87,246.91
429,930.87,246.91
430,930.87,246.91
431,930.87,246.91
432,930.87,246.91
433,930.87,246.91
434,930.87,246.91
435,930.87,246.91
436,930.87,246.91
437,930.87,246.91
438,930.87,246.91
439,930.87,246.91
440,930.87,246.91
441,930.87,246.91
442,930.87,246.91
443,930.87,246.91
444,930.87,246.91
445,930.87,246.91
446,930.87,246.91
447,930.87,246.91
448,930.87,246.91
449,930.87,246.91
450,930.87,246.91
451,930.87,246.91
452,930.87,246.91
453,930.87,246.91
454,930.87,246.91
455,930.87,246.91
456,930.87,246.91
457,930.87,246.91
458,930.87,246.91
459,930.87,246.91
460,930.87,246.91
461,930.87,246.91
462,930.87,246.91
463,930.87,246.91
464,930.87,246.91
465,930.87,246.91
466,930.87,246.91
467,930.87,246.91
468,930.87,246.91
469,930.87,246.91
470,930.87,246.91
471,930.87,246.91
472,930.87,246.91
473,930.87,246.91
474,930.87,246.91
475,930.87,246.91
476,930.87,246.91
477,930.87,246.91
478,930.87,246.91
479,930.87,246.91
480,930.87,246.91
481,930.87,246.91
482,930.87,246.91
483,930.87,246.91
484,930.87,246.91
485,930.87,246.91
486,930.87,246.91
487,930.87,246.91
488,930.87,246.91
489,930.87,246.91
490,930.87,246.91
491,930.87,246.91
492,930.87,246.91
493,930.87,246.91
494,930.87,246.91
495,930.87,246.91
496,930.87,246.91
497,930.87,246.91
498,930.87,246.91
499,930.87,246.91
500,930.87,246.91
501,930.87,246.91
502,930.87,246.91
503,930.87,246.91
504,930.87,246.91
505,930.87,246.91
506,930.87,246.91
507,930.87,246.91
508,930.87,246.91
509,930.87,246.91
510,930.87,246.91
511,930.87,246.91
512,930.87,246.91
513,930.87,246.91
514,930.87,246.91
515,930.87,246.91
516,930.87,246.91
517,930.96,246.91
518,930.96,246.8
519,930.96,246.8
520,930.96,246.8
521,931.06,246.8
522,931.06,246.8
523,931.06,246.8
524,931.06,246.69
525,931.15,246.69
526,931.15,246.69
527,931.15,246.69
528,931.15,246.69
529,931.15,246.69
530,931.15,246.69
531,931.15,246.69
532,931.15,246.69
533,931.15,246.69
534,931.15,246.69
535,931.15,246.69
536,931.15,246.69
537,931.15,246.69
538,931.15,246.69
539,931.15,246.69
540,931.15,246.69
541,931.15,246.69
542,931.15,246.69
543,931.15,246.69
544,931.15,246.69
545,931.15,246.69
546,931.15,246.69
547,931.15,246.69
548,931.15,246.69
549,931.15,246.69
550,931.15,246.69
551,931.15,246.69
552,931.15,246.69
553,931.15,246.69
554,931.15,246.69
555,931.15,246.69
556,931.15,246.69
557,931.15,246.69
558,931.15,246.69
559,931.15,246.69
560,931.15,246.69
561,931.15,246.69
562,931.15,246.69
563,931.15,246.69
564,931.15,246.69
565,931.15,246.69
566,931.15,246.69
567,931.15,246.69
568,931.15,246.69
569,931.15,246.69
570,931.15,246.69
571,931.15,246.69
572,931.15,246.69
573,931.15,246.69
574,931.15,246.69
575,931.15,246.69
576,931.15,246.69
577,931.15,246.69
578,931.15,246.69
579,931.15,246.69
580,931.15,246.69
581,931.15,246.69
582,931.15,246.69
583,931.15,246.69
584,931.15,246.69
585,931.15,246.69
586,931.15,246.69
587,931.15,246.69
588,931.15,246.69
589,931.15,246.69
590,931.15,246.69
591,931.15,246.69
592,931.15,246.69
593,931.15,246.69
594,931.15,246.69
595,931.15,246.69
596,931.15,246.69
597,931.15,246.69
598,931.15,246.69
599,931.15,246.69
