151,908.95,593.17
152,905.33,599.05
153,901.71,605.04
154,898.09,610.91
155,894.47,616.79
156,890.85,622.78
157,887.23,628.65
158,883.61,634.64
159,879.99,640.52
160,876.37,646.39
161,872.75,652.38
162,869.13,658.25
163,865.98,664.02
164,862.94,669.79
165,859.89,675.44
166,856.74,681.21
167,853.6,686.97
168,850.55,692.74
169,847.4,698.5
170,844.36,704.16
171,841.21,709.92
172,838.16,715.69
173,837.5,717.24
174,836.83,718.9
175,836.07,720.45
176,835.4,722.12
177,834.73,723.67
178,834.07,725.33
179,833.3,726.89
180,832.64,728.55
181,831.97,730.1
182,831.97,730.1
183,831.97,730.1
184,831.97,730.1
185,831.97,730.1
186,831.97,730.1
187,831.97,730.1
188,831.97,730.1
189,831.97,730.1
190,831.97,730.1
191,831.97,730.1
192,831.97,730.1
193,831.97,730.1
194,831.97,730.1
195,831.97,730.1
196,831.97,730.1
197,831.97,730.1
198,831.97,730.1
199,831.97,730.1
200,831.97,730.1
201,831.97,730.1
202,831.97,730.1
203,831.97,730.1
204,831.97,730.1
205,831.97,730.1
206,831.97,730.1
207,831.97,730.1
208,831.97,730.1
209,831.97,730.1
210,831.97,730.1
211,831.97,730.1
212,831.97,730.1
213,831.97,730.1
214,831.97,730.1
215,831.97,730.1
216,831.97,730.1
217,831.97,730.1
218,831.97,730.1
219,831.97,730.1
220,831.97,730.1
221,831.97,730.1
222,831.97,730.1
223,831.97,730.1
224,831.97,730.1
225,831.97,730.1
226,831.97,730.1
227,831.97,730.1
228,831.97,730.1
229,831.97,730.1
230,831.97,730.1
231,831.97,730.1
232,832.06,729.88
233,832.16,729.77
234,832.26,729.55
235,832.35,729.32
236,832.54,729.21
237,832.64,728.99
238,832.73,728.77
239,832.83,728.55
240,832.92,728.44
241,833.02,728.22
242,833.02,728.22
243,833.02,728.22
244,833.02,728.22
245,833.02,728.22
246,833.02,728.22
247,833.02,728.22
248,833.02,728.22
249,833.02,728.22
250,833.02,728.22
251,833.02,728.22
252,832.73,728.99
253,832.45,729.77
254,832.16,730.54
255,831.87,731.32
256,831.59,732.1
257,831.3,732.87
258,831.02,733.65
259,830.73,734.42
260,830.45,735.2
261,830.16,735.98
262,829.78,736.64
263,829.49,737.42
264,829.21,738.19
265,828.92,738.97
266,828.63,739.75
267,828.35,740.52
268,828.06,741.3
269,827.78,742.08
270,827.49,742.85
271,827.21,743.63
272,827.21,743.63
273,827.21,743.63
274,827.21,743.63
275,827.21,743.63
276,827.21,743.63
277,827.21,743.63
278,827.21,743.63
279,827.21,743.63
280,827.21,743.63
281,827.21,743.63
282,827.11,743.74
283,827.02,743.85
284,826.82,743.96
285,826.73,744.07
286,826.63,744.18
287,826.54,744.29
288,826.44,744.4
289,826.25,744.51
290,826.16,744.63
291,826.06,744.74
292,822.92,754.27
293,819.68,763.7
294,816.53,773.23
295,813.39,782.65
296,810.15,792.19
297,807.01,801.61
298,803.86,811.15
299,800.62,820.57
300,797.48,830.11
301,797.19,843.97
302,790.81,852.73
303,784.52,861.37
304,778.14,870.13
305,771.75,878.78
306,765.37,887.54
307,759.08,896.3
308,752.7,904.95
309,746.31,913.71
310,740.03,922.36
311,733.64,931.11
312,736.5,938.1
313,739.45,945.08
314,742.31,952.07
315,745.27,959.05
316,748.12,966.04
317,751.08,973.02
318,753.94,980.12
319,756.89,987.11
320,759.75,994.09
321,762.7,1001.08
322,765.56,1008.06
323,768.51,1015.05
324,771.47,1022.03
325,774.33,1029.02
326,777.28,1036.0
327,780.14,1042.99
328,783.09,1049.97
329,785.95,1056.96
330,788.9,1064.05
331,791.76,1071.04
332,794.72,1078.02
333,797.57,1085.01
334,800.53,1091.99
335,803.39,1098.98
