245,868.18,798.07
246,857.69,793.08
247,847.21,788.09
248,836.73,783.1
249,826.25,778.11
250,815.77,773.01
251,805.29,768.02
252,794.81,763.03
253,784.33,758.04
254,773.85,753.05
255,763.37,748.06
256,752.89,743.07
257,742.5,738.08
258,732.02,733.21
259,721.54,728.22
260,711.16,723.23
261,700.68,718.24
262,690.2,713.36
263,679.81,708.37
264,669.33,703.38
265,658.85,698.39
266,648.46,693.4
267,637.98,688.52
268,627.6,683.53
269,617.12,678.54
270,606.64,673.56
271,596.25,668.57
272,585.77,663.69
273,575.29,658.7
274,564.9,653.71
275,554.42,648.72
276,543.94,643.84
277,533.56,638.85
278,523.08,633.86
279,502.21,623.33
280,481.35,612.8
281,460.38,602.37
282,439.52,591.84
283,418.65,581.31
284,397.79,570.78
285,386.83,568.23
286,375.97,565.56
287,365.01,563.01
288,354.15,560.35
289,343.19,557.8
290,332.33,555.14
291,321.37,552.59
292,310.51,549.93
293,299.55,547.38
294,288.69,544.72
295,277.74,542.17
296,267.16,541.28
297,256.68,540.29
298,246.1,539.4
299,235.62,538.51
300,225.05,537.51
301,214.57,536.63
302,204.09,535.74
303,193.51,534.85
304,183.03,533.86
305,172.45,532.97
306,171.79,532.86
307,171.22,532.86
308,170.55,532.75
309,169.98,532.64
310,169.31,532.64
311,168.74,532.52
312,168.07,532.41
313,167.4,532.41
314,166.83,532.3
315,166.17,532.19
316,165.59,532.19
317,164.93,532.08
318,164.35,531.97
319,163.69,531.97
320,163.12,531.86
321,162.45,531.75
322,161.78,531.75
323,161.21,531.64
324,160.54,531.53
325,159.97,531.53
326,159.31,531.42
327,158.73,531.31
328,158.07,531.31
329,157.4,531.19
330,156.83,531.08
331,156.16,531.08
332,155.59,530.97
333,154.92,530.86
334,154.35,530.86
335,153.68,530.75
336,153.68,530.75
337,153.68,530.75
338,153.68,530.75
339,153.68,530.75
340,153.68,530.75
341,153.68,530.75
342,153.68,530.75
343,153.68,530.75
344,153.68,530.75
345,153.68,530.75
346,153.68,530.75
347,153.68,530.75
348,153.68,530.75
349,153.68,530.75
350,153.68,530.75
351,153.68,530.75
352,153.68,530.75
353,153.68,530.75
354,153.68,530.75
355,153.68,530.75
356,153.68,530.75
357,153.68,530.75
358,153.68,530.75
359,153.68,530.75
360,153.68,530.75
361,153.68,530.75
362,153.68,530.75
363,153.68,530.75
364,153.68,530.75
365,153.68,530.75
366,153.68,530.75
367,153.68,530.75
368,153.68,530.75
369,153.68,530.75
370,153.68,530.75
371,153.68,530.75
372,153.68,530.75
373,153.68,530.75
374,153.68,530.75
375,153.68,530.75
376,153.68,530.64
377,153.68,530.42
378,153.59,530.31
379,153.59,530.2
380,153.59,530.09
381,153.59,529.97
382,153.49,529.75
383,153.49,529.64
384,153.49,529.53
385,153.49,529.31
386,153.4,529.2
387,153.4,529.09
388,153.4,528.98
389,153.3,528.75
390,153.3,528.64
391,153.3,528.53
392,153.3,528.42
393,153.21,528.31
394,153.21,528.09
395,153.21,527.98
396,146.82,528.31
397,140.54,528.75
398,134.15,529.09
399,127.77,529.53
400,121.48,529.86
401,115.1,530.31
402,108.71,530.64
403,102.42,531.08
404,96.04,531.42
405,91.37,531.64
406,86.7,531.86
407,81.94,532.08
408,77.27,532.3
409,72.6,532.52
410,67.93,532.75
411,63.26,532.97
412,58.6,533.19
413,53.83,533.41
414,49.16,533.63
415,44.49,533.86
416,42.59,534.19
417,40.59,534.52
418,38.68,534.85
419,36.68,535.19
420,34.78,535.63
421,32.78,535.96
422,30.87,536.29
423,28.87,536.63
424,26.96,536.96
