0,822.06,398.59
1,822.06,398.59
2,822.06,398.59
3,822.06,398.59
4,822.06,398.59
5,822.06,398.59
6,822.06,398.59
7,822.06,398.59
8,822.06,398.59
9,822.06,398.59
10,822.06,398.59
11,822.06,398.59
12,822.06,398.59
13,822.06,398.59
14,822.06,398.59
15,822.06,398.59
16,822.06,398.59
17,822.06,398.59
18,822.06,398.59
19,822.06,398.59
20,822.06,398.59
21,822.06,398.59
22,822.06,398.59
23,822.06,398.59
24,822.06,398.59
25,822.06,398.59
26,822.06,398.59
27,822.06,398.59
28,822.06,398.59
29,822.06,398.59
30,822.06,398.59
31,822.06,398.59
32,822.06,398.59
33,822.73,398.92
34,823.49,399.25
35,824.16,399.59
36,824.92,399.92
37,825.59,400.25
38,826.35,400.59
39,827.02,400.92
40,827.78,401.25
41,828.44,401.58
42,829.3,402.36
43,830.16,403.25
44,831.02,404.13
45,831.87,404.91
46,832.73,405.8
47,833.59,406.57
48,834.45,407.35
49,835.3,408.24
50,836.16,409.12
51,837.02,409.9
52,837.88,410.79
53,838.73,411.56
54,841.12,412.56
55,843.5,413.45
56,845.88,414.44
57,848.17,415.33
58,850.55,416.33
59,852.93,417.22
60,855.31,418.21
61,855.98,418.55
62,856.65,418.88
63,857.31,419.21
64,857.89,419.54
65,858.55,419.88
66,859.22,420.21
67,859.89,420.54
68,860.55,420.88
69,861.22,421.21
70,861.89,421.54
71,862.55,421.87
72,863.22,422.21
73,863.79,422.43
74,864.46,422.76
75,865.13,423.09
76,865.79,423.43
77,866.46,423.76
78,867.13,424.09
79,867.79,424.42
80,868.46,424.76
81,869.03,425.09
82,869.7,425.42
83,870.37,425.75
84,871.03,426.09
85,871.03,426.09
86,871.03,426.2
87,870.94,426.2
88,870.94,426.31
89,870.94,426.31
90,870.94,426.31
91,870.94,426.42
92,870.94,426.42
93,870.84,426.53
94,870.84,426.53
95,870.84,426.53
96,870.84,426.64
97,870.84,426.64
98,870.75,426.75
99,870.75,426.75
100,870.75,426.86
101,870.75,426.86
102,870.75,426.86
103,870.75,426.97
104,870.65,426.97
105,870.65,427.08
106,870.65,427.08
107,877.51,429.3
108,884.28,431.52
109,891.04,433.74
110,897.9,436.06
111,904.67,438.28
112,911.53,440.5
113,911.53,440.5
114,911.53,440.5
115,911.53,440.5
116,911.53,440.5
117,911.53,440.5
118,911.53,440.5
119,911.53,440.5
120,911.53,440.5
121,911.53,440.5
122,911.53,440.5
123,911.53,440.5
124,911.53,440.5
125,911.53,440.5
126,911.53,440.5
127,911.53,440.5
128,911.53,440.5
129,911.53,440.5
130,911.53,440.5
131,911.53,440.5
132,911.53,440.5
133,911.53,440.5
134,911.53,440.5
135,911.53,440.5
136,911.53,440.5
137,911.53,440.5
138,911.53,440.5
139,911.53,440.5
140,911.53,440.5
141,911.53,440.5
142,911.53,440.5
143,911.53,440.5
144,911.53,440.5
145,911.53,440.5
146,911.53,440.5
147,911.53,440.5
148,911.53,440.5
149,911.53,440.5
150,911.53,440.5
151,911.53,440.5
152,911.53,440.5
153,911.53,440.5
154,911.53,440.5
155,911.53,440.5
156,911.53,440.5
157,911.53,440.5
158,911.53,440.5
159,911.53,440.17
160,911.62,439.95
161,911.72,439.61
162,911.72,439.28
163,911.81,439.06
164,911.81,438.73
165,911.81,438.73
166,911.81,438.73
167,911.81,438.73
168,911.81,438.73
169,911.81,438.73
170,911.81,438.73
171,911.81,438.73
172,911.81,438.73
173,911.81,438.73
174,911.81,438.73
175,911.81,438.73
176,911.81,438.73
177,911.81,438.73
178,911.81,438.73
179,911.81,438.73
180,911.81,438.73
181,911.81,438.73
182,911.81,438.73
183,911.81,438.73
184,911.81,438.73
185,911.81,438.73
186,911.81,438.73
187,911.81,438.73
188,911.81,438.73
189,911.81,438.73
190,911.81,438.73
191,911.81,438.73
192,911.81,438.73
193,911.81,438.73
194,911.81,438.73
195,911.81,438.73
196,911.81,438.73
197,911.81,438.73
198,911.81,438.73
199,911.81,438.73
200,911.81,438.73
201,911.81,438.73
202,911.81,438.73
203,911.81,438.73
204,911.81,438.73
205,911.62,440.5
206,911.53,442.27
207,911.34,444.05
208,911.15,445.71
209,910.96,447.48
210,910.86,449.26
211,910.67,451.03
212,910.48,452.81
213,910.38,454.58
214,910.19,456.24
215,910.0,458.02
216,909.91,459.79
217,909.72,461.57
218,909.53,463.34
219,909.34,465.11
220,909.24,466.78
221,909.05,468.55
222,908.86,470.32
223,908.76,472.1
224,908.57,473.87
225,908.38,475.65
226,908.19,477.31
227,908.1,479.08
228,907.91,480.86
229,907.72,482.63
230,907.62,484.41
231,907.43,486.18
232,907.24,487.84
233,907.14,489.62
234,906.95,491.39
235,906.76,493.16
236,906.57,494.94
237,906.48,496.71
238,906.29,498.38
239,906.1,500.15
240,906.0,501.92
241,905.81,503.7
242,905.62,505.47
243,905.43,507.25
244,905.33,508.91
245,905.14,510.68
246,904.95,512.46
247,904.86,514.23
248,904.67,516.0
249,904.48,517.78
250,904.38,519.44
251,904.19,521.22
252,904.0,522.99
253,903.81,524.76
254,903.71,526.54
255,903.52,528.31
256,903.33,529.97
257,903.24,531.75
258,903.05,533.52
259,902.86,535.3
260,902.67,537.07
261,902.57,538.84
262,902.38,540.51
263,902.19,542.28
264,902.09,544.06
265,901.9,545.83
266,901.71,547.6
267,901.62,549.38
268,901.43,551.04
269,901.24,552.81
270,901.05,554.59
271,900.95,556.36
272,900.76,558.14
273,900.57,559.91
274,900.47,561.57
275,900.28,563.35
276,900.09,565.12
277,899.9,566.9
278,899.81,568.67
279,899.62,570.44
280,899.43,572.11
281,899.33,573.88
282,899.14,575.65
283,898.95,577.43
284,898.86,579.2
285,898.66,580.98
286,898.47,582.64
287,898.28,584.41
288,898.19,586.19
289,898.0,587.96
290,888.37,605.48
291,878.75,623.0
292,869.03,640.4
293,859.41,657.92
294,849.79,675.44
295,840.16,692.96
296,839.31,695.84
297,838.45,698.61
298,837.59,701.5
299,836.73,704.27
300,835.88,707.15
301,835.02,709.92
302,834.16,712.8
303,833.3,715.58
304,832.45,718.46
305,831.59,721.23
306,831.59,721.23
307,831.59,721.23
308,831.59,721.23
309,831.59,721.23
310,831.59,721.23
311,831.59,721.23
312,831.59,721.23
313,831.59,721.23
314,831.59,721.23
315,831.59,721.23
316,831.59,721.23
317,831.59,721.23
318,831.59,721.23
319,831.59,721.23
320,831.59,721.23
321,831.59,721.23
322,831.59,721.23
323,831.59,721.23
324,831.59,721.23
325,831.59,721.23
326,831.59,721.23
327,831.68,721.23
328,831.68,721.12
329,831.78,721.12
330,831.78,721.12
331,831.78,721.12
332,831.87,721.12
333,831.87,721.01
334,831.97,721.01
335,831.97,721.01
336,831.11,723.12
337,830.16,725.22
338,829.3,727.33
339,828.35,729.44
340,827.49,731.54
341,826.63,733.54
342,825.68,735.64
343,824.82,737.75
344,823.87,739.86
345,823.01,741.96
346,823.11,740.19
347,823.2,738.53
348,823.3,736.75
349,823.39,734.98
350,823.49,733.32
351,823.59,731.54
352,823.68,729.77
353,823.78,727.99
354,823.87,726.33
355,823.97,724.56
356,824.82,722.67
357,825.59,720.68
358,826.35,718.79
359,827.21,716.8
360,828.06,714.91
361,828.83,712.92
362,829.59,710.92
363,830.45,709.03
364,831.3,707.04
365,832.06,705.15
366,832.06,705.15
367,832.06,705.15
368,832.06,705.04
369,832.06,705.04
370,832.06,705.04
371,832.16,705.04
372,832.16,704.93
373,832.16,704.93
374,832.16,704.93
375,832.16,704.93
376,832.16,704.82
377,832.16,704.82
378,832.16,704.82
379,832.16,704.71
380,832.16,704.71
381,832.26,704.71
382,832.26,704.71
383,832.26,704.6
384,832.26,704.6
385,832.26,704.6
386,832.26,704.6
387,832.26,704.6
388,832.26,704.6
389,832.26,704.6
390,832.26,704.6
391,832.26,704.6
392,832.26,704.6
393,832.26,704.6
394,832.26,704.6
395,832.26,704.6
396,832.45,703.93
397,832.64,703.38
398,832.83,702.72
399,833.02,702.16
400,833.21,701.61
401,833.4,700.94
402,833.59,700.39
403,833.78,699.72
404,833.97,699.06
405,834.16,698.5
406,834.16,698.5
407,834.16,698.5
408,834.16,698.5
409,834.16,698.5
410,834.16,698.5
411,834.16,698.5
412,834.16,698.5
413,834.16,698.5
414,834.16,698.5
415,834.16,698.5
416,834.16,698.5
417,834.16,698.5
418,834.16,698.5
419,834.16,698.5
420,834.16,698.5
421,834.16,698.5
422,834.16,698.5
423,834.16,698.5
424,834.16,698.5
425,834.16,698.5
426,834.16,698.5
427,834.16,698.5
428,834.16,698.5
429,834.16,698.5
430,834.16,698.5
431,834.16,698.5
432,834.16,698.5
433,834.16,698.5
434,834.16,698.5
435,834.16,698.5
436,834.16,698.5
437,834.16,698.5
438,834.16,698.5
439,834.16,698.5
440,834.16,698.5
441,834.16,698.5
442,834.16,698.5
443,834.16,698.5
444,834.16,698.5
445,834.16,698.5
446,834.16,698.5
447,834.16,698.5
448,834.16,698.5
449,834.16,698.5
450,834.16,698.5
451,834.16,698.5
452,834.16,698.5
453,834.16,698.5
454,834.16,698.5
455,834.16,698.5
456,834.16,698.5
457,834.16,698.5
458,834.16,698.5
459,834.26,698.39
460,834.26,698.39
461,834.26,698.28
462,834.35,698.28
463,834.35,698.28
464,834.45,698.17
465,834.45,698.17
466,834.45,698.17
467,834.45,698.17
468,834.54,698.06
469,834.54,698.06
470,834.54,698.06
471,834.54,698.06
472,834.54,698.06
473,834.64,697.95
474,834.64,697.95
475,834.64,697.95
476,835.4,695.95
477,836.16,693.85
478,836.83,691.85
479,837.59,689.85
480,838.35,687.86
481,839.12,685.75
482,839.88,683.76
483,840.54,681.76
484,841.31,679.65
485,842.07,677.66
486,842.26,676.99
487,842.36,676.33
488,842.55,675.66
489,842.64,674.89
490,842.83,674.22
491,842.93,673.56
492,843.12,672.89
493,843.21,672.23
494,843.4,671.56
495,843.5,670.78
496,843.69,670.12
497,843.78,669.45
498,843.97,668.79
499,844.07,668.12
500,844.26,667.46
501,844.36,666.68
502,844.55,666.02
503,844.64,665.35
504,844.83,664.69
505,842.45,660.36
506,840.16,655.93
507,837.78,651.6
508,833.3,647.72
509,828.83,643.84
510,824.25,639.96
511,819.77,636.08
512,815.3,632.2
513,810.82,628.32
514,806.24,624.44
515,801.77,620.56
516,797.29,616.68
517,797.96,614.35
518,798.62,612.02
519,799.19,609.8
520,799.86,607.48
521,800.53,605.15
522,800.53,605.15
523,800.53,605.15
524,800.53,605.15
525,800.53,605.15
526,800.53,605.15
527,800.53,605.15
528,800.53,605.15
529,800.53,605.15
530,800.53,605.15
531,800.53,605.15
532,800.53,605.15
533,800.53,605.15
534,800.53,605.15
535,800.53,605.15
536,800.53,605.15
537,800.53,605.15
538,800.53,605.15
539,800.53,605.15
540,800.53,605.15
541,800.53,605.15
542,800.53,605.15
543,800.53,605.15
544,800.53,605.15
545,800.53,605.15
546,800.53,605.15
547,800.53,605.15
548,800.53,605.15
549,800.53,605.15
550,800.53,605.15
551,800.53,605.15
552,800.53,605.15
553,800.53,605.15
554,800.53,605.15
555,800.53,605.15
556,800.53,605.15
557,800.53,605.15
558,800.53,605.15
559,800.53,605.15
560,800.53,605.15
561,800.53,605.15
562,800.53,605.15
563,800.53,605.15
564,800.53,605.15
565,800.53,605.15
566,800.53,605.15
567,800.53,605.15
568,800.53,605.15
569,800.53,605.15
570,800.53,605.15
571,800.53,605.15
572,800.81,605.81
573,801.1,606.48
574,801.39,607.14
575,801.67,607.92
576,802.05,608.58
577,802.34,609.25
578,802.62,609.91
579,802.91,610.58
580,802.91,614.9
581,802.91,619.23
582,807.48,623.11
583,812.15,626.99
584,816.73,630.87
585,818.92,631.98
586,821.11,632.98
587,823.3,634.08
588,825.49,635.19
589,827.68,636.3
590,829.87,637.3
591,832.06,638.41
592,834.26,639.52
593,836.45,640.52
594,838.64,641.62
595,838.64,641.62
596,838.64,641.62
597,838.64,641.62
598,838.64,641.62
599,838.64,641.62
600,838.64,641.62
601,838.64,641.62
602,838.64,641.62
603,838.64,641.62
604,838.64,641.62
605,838.64,641.62
606,838.64,641.62
607,838.64,641.62
608,838.64,641.62
609,838.64,641.62
610,838.64,641.62
611,838.64,641.62
612,838.64,641.62
613,838.64,641.62
614,838.64,641.62
615,838.64,641.62
616,838.64,641.62
617,838.64,641.62
618,838.64,641.62
619,838.64,641.62
620,838.64,641.62
621,838.64,641.62
622,838.64,641.62
623,838.64,641.62
624,838.64,641.62
625,840.35,642.51
626,842.16,643.51
627,843.88,644.4
628,845.69,645.28
629,847.5,646.28
630,849.22,647.17
631,850.93,648.05
632,852.74,648.94
633,854.55,649.94
634,856.27,650.83
635,857.03,651.38
636,857.79,651.94
637,858.46,652.38
638,859.22,652.93
639,859.98,653.49
640,860.74,654.04
641,861.51,654.6
642,862.17,655.04
643,862.94,655.59
644,863.7,656.15
645,863.7,656.15
646,863.7,656.15
647,863.7,656.15
648,863.7,656.15
649,863.7,656.15
650,863.7,656.15
651,863.7,656.15
652,863.7,656.15
653,863.7,656.15
654,863.7,656.15
655,864.46,654.93
656,865.22,653.71
657,866.08,652.49
658,866.84,651.27
659,867.6,650.05
660,868.37,648.83
661,869.13,647.61
662,869.99,646.39
663,870.75,645.17
664,871.51,643.95
665,872.37,641.85
666,873.13,639.74
667,873.99,637.63
668,874.84,635.53
669,875.61,633.42
670,876.46,631.31
671,877.32,629.21
672,878.18,627.1
673,878.94,624.99
674,879.8,622.89
675,880.66,620.78
676,881.42,618.78
677,882.28,616.68
678,883.13,614.57
679,883.9,612.46
680,884.75,610.36
681,885.61,608.25
682,886.47,606.14
683,887.23,604.04
684,888.09,601.93
685,888.95,599.82
686,889.71,597.72
687,890.57,595.61
688,890.66,595.17
689,890.66,594.84
690,890.76,594.39
691,890.85,594.06
692,890.95,593.62
693,890.95,593.28
694,891.04,592.84
695,891.04,592.84
696,891.04,592.84
697,891.04,592.84
698,891.04,592.84
699,891.04,592.84
700,891.04,592.84
701,891.04,592.84
702,891.04,592.84
703,891.04,592.84
704,891.04,592.84
705,891.04,592.84
706,891.04,592.84
707,891.04,592.84
708,891.04,592.84
709,891.04,592.84
710,891.04,592.84
711,891.04,592.84
712,891.04,592.84
713,891.04,592.84
714,891.04,592.84
715,891.04,592.84
716,891.04,592.84
717,891.04,592.84
718,891.04,592.84
719,891.04,592.84
720,891.04,592.84
721,891.04,592.84
722,891.04,592.84
723,891.04,592.84
724,891.04,592.84
725,891.04,592.84
726,891.04,592.84
727,891.04,592.84
728,891.04,592.84
729,891.04,592.84
730,891.04,592.84
731,891.04,592.84
732,891.04,592.84
733,891.04,592.84
734,891.04,592.84
735,891.04,592.84
736,891.04,592.84
737,891.04,592.84
738,891.04,592.84
739,891.04,592.84
740,891.04,592.84
741,891.04,592.84
742,891.04,592.84
743,891.04,592.84
744,891.04,592.84
745,891.14,592.73
746,891.23,592.73
747,891.23,592.62
748,891.33,592.51
749,891.42,592.4
750,891.52,592.4
751,891.61,592.29
752,891.61,592.17
753,891.71,592.06
754,891.8,591.95
755,891.9,591.95
756,891.99,591.84
757,892.09,591.73
758,892.09,591.62
759,892.19,591.62
760,892.28,591.51
761,892.28,591.51
762,892.28,591.51
763,892.28,591.51
764,892.28,591.51
765,892.28,591.51
766,892.28,591.51
767,892.28,591.51
768,892.28,591.51
769,892.28,591.51
770,892.28,591.51
771,892.28,591.51
772,892.28,591.51
773,892.28,591.51
774,892.28,591.51
775,892.28,591.51
776,892.28,591.51
777,892.28,591.51
778,892.28,591.51
779,892.28,591.51
780,892.28,591.51
781,892.28,591.51
782,892.28,591.51
783,892.28,591.51
784,892.28,591.51
785,892.28,591.51
786,892.28,591.51
787,892.28,591.51
788,892.28,591.51
789,892.28,591.51
790,892.28,591.51
791,892.28,591.51
792,892.28,591.51
793,892.28,591.51
794,892.28,591.51
795,892.28,591.51
796,892.28,591.51
797,892.28,591.51
798,892.28,591.51
799,892.28,591.51
800,892.28,591.51
801,892.28,591.51
802,892.28,591.51
803,892.28,591.51
804,892.28,591.51
805,892.38,590.73
806,892.57,589.85
807,892.66,589.07
808,892.85,588.29
809,892.95,587.41
810,893.14,586.63
811,893.23,585.85
812,893.42,585.08
813,893.61,584.19
814,893.71,583.42
815,894.38,579.53
816,894.95,575.65
817,895.62,571.77
818,896.28,567.89
819,896.85,564.01
820,897.52,560.24
821,898.09,556.36
822,898.76,552.48
823,899.43,548.6
824,900.0,544.72
825,900.67,540.84
826,901.62,538.84
827,902.57,536.85
828,903.52,534.96
829,904.48,532.97
830,905.33,530.97
831,906.29,528.98
832,907.24,527.09
833,908.19,525.1
834,909.15,523.1
835,909.15,523.1
836,909.15,523.1
837,909.15,523.1
838,909.15,523.1
839,909.15,523.1
840,909.15,523.1
841,909.15,523.1
842,909.15,523.1
843,909.15,523.1
844,909.15,523.1
845,909.15,523.1
846,909.15,523.1
847,909.15,523.1
848,909.15,523.1
849,909.15,523.1
850,909.15,523.1
851,909.15,523.1
852,909.15,523.1
853,909.15,523.1
854,909.15,523.1
855,909.15,523.1
856,909.15,523.1
857,909.15,523.1
858,909.15,523.1
859,909.15,523.1
860,909.15,523.1
861,909.15,523.1
862,909.15,523.1
863,909.15,523.1
864,909.15,523.1
865,909.15,523.1
866,909.15,523.1
867,909.15,523.1
868,909.15,523.1
869,909.15,523.1
870,909.15,523.1
871,909.15,523.1
872,909.15,523.1
873,909.15,523.1
874,909.15,523.1
875,909.15,523.1
876,909.15,523.1
877,909.15,523.1
878,909.15,523.1
879,909.15,523.1
880,909.15,523.1
881,909.15,523.1
882,909.15,523.1
883,909.15,523.1
884,909.15,523.1
885,909.24,522.99
886,909.24,522.99
887,909.34,522.88
888,909.34,522.88
889,909.43,522.77
890,909.53,522.66
891,909.53,522.66
892,909.62,522.55
893,909.62,522.55
894,909.72,522.44
895,909.72,522.44
896,909.72,522.44
897,909.72,522.44
898,909.72,522.44
899,909.72,522.44
900,909.72,522.44
901,909.72,522.44
902,909.72,522.44
903,909.72,522.44
904,909.72,522.44
905,909.72,522.44
906,909.72,522.44
907,909.72,522.44
908,909.72,522.44
909,909.72,522.44
910,909.72,522.44
911,909.72,522.44
912,909.72,522.44
913,909.72,522.44
914,909.72,522.44
915,909.72,522.44
916,909.72,522.44
917,909.72,522.44
918,909.72,522.44
919,909.72,522.44
920,909.72,522.44
921,909.72,522.44
922,909.72,522.44
923,909.72,522.44
924,909.72,522.44
925,909.72,522.44
926,909.72,522.44
927,909.72,522.44
928,909.72,522.44
929,909.72,522.44
930,909.72,522.44
931,909.72,522.44
932,909.72,522.44
933,909.72,522.44
934,909.72,522.44
935,909.72,522.44
936,909.72,522.44
937,909.72,522.44
938,909.72,522.44
939,909.72,522.44
940,909.72,522.44
941,909.72,522.44
942,909.72,522.44
943,909.72,522.44
944,909.72,522.44
945,909.81,522.44
