418,68.6,499.71
419,79.27,499.04
420,89.94,498.49
421,100.52,497.82
422,111.19,497.16
423,121.86,496.6
424,132.53,495.94
425,143.2,495.27
426,153.78,494.61
427,164.45,494.05
428,175.12,493.39
429,184.17,494.83
430,193.32,496.27
431,202.37,497.71
432,211.42,499.04
433,220.57,500.48
434,229.62,501.92
435,238.67,503.36
436,247.82,504.81
437,256.87,506.25
438,266.02,507.58
439,275.07,509.02
440,284.12,510.46
441,293.27,511.9
442,302.32,513.34
443,311.37,514.78
444,320.52,516.23
445,329.57,517.56
446,338.62,519.0
447,347.77,520.44
448,356.82,521.88
449,357.96,521.99
450,359.1,522.21
451,360.15,522.32
452,361.3,522.55
453,362.44,522.77
454,363.58,522.88
455,364.73,523.1
456,365.77,523.21
457,366.92,523.43
458,368.06,523.54
459,368.06,523.54
460,368.06,523.54
461,368.06,523.54
462,368.06,523.54
463,368.06,523.54
464,368.06,523.54
465,368.06,523.54
466,368.06,523.54
467,368.06,523.54
468,368.06,523.54
469,368.06,523.54
470,368.06,523.54
471,368.06,523.54
472,368.06,523.54
473,368.06,523.54
474,368.06,523.54
475,368.06,523.54
476,368.06,523.54
477,368.06,523.54
478,368.06,523.54
479,368.06,523.54
480,368.06,523.54
481,368.06,523.54
482,368.06,523.54
483,368.06,523.54
484,368.06,523.54
485,368.06,523.54
486,368.06,523.54
487,368.06,523.54
488,368.06,523.54
489,368.06,523.54
490,368.06,523.54
491,368.06,523.54
492,368.06,523.54
493,368.06,523.54
494,368.06,523.54
495,368.06,523.54
496,368.06,523.54
497,368.06,523.54
498,368.06,523.54
499,368.06,523.54
500,368.06,523.54
501,368.06,523.54
502,368.06,523.54
503,368.06,523.54
504,368.06,523.54
505,368.06,523.54
506,368.06,523.54
507,368.06,523.54
508,368.06,523.54
509,368.06,523.54
510,368.06,523.54
511,368.06,523.54
512,368.06,523.54
513,368.06,523.54
514,368.06,523.54
515,368.06,523.54
516,368.06,523.54
517,368.06,523.54
518,368.06,523.54
519,368.06,523.54
520,368.06,523.54
521,368.06,523.54
522,368.06,523.54
523,368.06,523.54
524,368.06,523.54
525,368.06,523.54
526,368.06,523.54
527,368.06,523.54
528,368.06,523.54
529,368.06,523.54
530,368.06,523.54
531,368.06,523.54
532,368.06,523.54
533,368.06,523.54
534,368.06,523.54
535,368.06,523.54
536,368.06,523.54
537,368.06,523.54
538,368.06,523.54
539,368.25,523.77
540,368.44,523.99
541,368.63,524.21
542,368.82,524.43
543,369.01,524.65
544,369.2,524.99
545,369.39,525.21
546,369.58,525.43
547,369.77,525.65
548,369.97,525.87
549,374.63,526.87
550,379.3,527.87
551,384.07,528.87
552,388.74,529.75
553,393.4,530.75
554,398.17,531.75
555,402.84,532.75
556,407.51,533.74
557,412.17,534.74
558,416.84,535.63
559,421.61,536.63
560,426.27,537.62
561,430.94,538.62
562,435.71,539.62
563,440.38,540.62
564,445.04,541.62
565,449.71,542.5
566,454.38,543.5
567,459.15,544.5
568,463.81,545.5
569,468.77,539.84
570,473.82,534.3
571,478.77,528.64
572,483.06,524.32
573,487.35,520.0
574,491.54,515.67
575,495.83,511.35
576,500.12,507.02
577,504.4,502.7
578,508.6,498.49
579,512.88,494.16
580,517.17,489.84
581,521.46,485.51
582,525.65,481.19
583,529.94,476.87
584,534.23,472.54
585,535.46,471.21
586,536.7,469.88
587,537.94,468.55
588,539.08,467.22
589,540.32,465.89
590,541.56,464.56
591,542.8,463.23
592,542.8,463.23
593,542.8,463.23
594,542.8,463.23
595,542.8,463.23
596,542.8,463.23
597,542.8,463.23
598,542.8,463.23
599,542.8,463.23
600,542.8,463.23
601,542.8,463.23
602,542.8,463.23
603,542.8,463.23
604,542.8,463.23
605,542.8,463.23
606,542.8,463.23
607,542.8,463.23
608,542.8,463.23
609,542.8,463.23
610,542.8,463.23
611,542.8,463.23
612,543.75,462.12
613,544.8,460.9
614,545.75,459.79
615,546.8,458.68
616,547.75,457.57
617,548.71,456.35
618,549.76,455.25
619,550.71,454.14
620,551.76,453.03
621,552.71,451.81
622,553.66,450.7
623,554.71,449.59
624,555.66,448.48
625,556.71,447.26
626,557.66,446.15
627,558.62,445.05
628,559.66,443.94
629,560.62,442.83
630,561.67,441.61
631,562.62,440.5
632,567.57,432.52
633,572.62,424.53
634,577.58,416.55
635,582.53,408.57
636,587.49,400.59
637,592.54,392.6
638,597.49,384.62
639,602.44,376.64
640,607.49,368.65
641,612.45,360.67
642,615.69,349.47
643,618.83,338.27
644,622.07,327.19
645,625.31,315.99
646,628.46,304.79
647,631.69,293.59
648,634.93,282.39
649,638.17,271.31
650,641.32,260.11
651,644.56,248.91
652,646.46,234.16
653,648.37,219.42
654,650.37,204.67
655,652.27,189.93
656,654.18,175.18
657,656.09,160.43
658,657.99,145.69
659,659.99,130.94
660,661.9,116.2
661,663.8,101.45
662,663.52,95.57
663,663.14,89.7
664,662.85,83.82
665,662.47,77.94
666,662.18,72.07
667,661.9,66.19
668,661.52,60.32
669,661.23,54.44
670,660.85,48.56
671,660.56,42.69
672,660.56,42.69
673,660.56,42.58
674,660.56,42.58
675,660.56,42.46
676,660.56,42.46
677,660.56,42.35
678,660.56,42.24
679,660.56,42.24
680,660.56,42.13
681,660.47,42.13
682,660.47,42.13
683,660.47,42.02
684,660.47,42.02
685,660.47,41.91
686,660.47,41.8
687,660.47,41.8
688,660.47,41.69
689,660.47,41.69
690,660.47,41.58
691,660.47,41.58
692,660.47,41.58
693,660.47,41.58
694,660.47,41.58
695,660.47,41.58
696,660.47,41.58
697,660.47,41.58
698,660.47,41.58
699,660.47,41.58
700,660.47,41.58
701,660.47,41.58
702,660.47,41.58
703,660.47,41.58
704,660.47,41.58
705,660.47,41.58
706,660.47,41.58
707,660.47,41.58
708,660.47,41.58
709,660.47,41.58
710,660.47,41.58
711,660.47,41.58
712,660.47,41.58
713,660.47,41.58
714,660.47,41.58
715,660.47,41.58
716,660.47,41.58
717,660.47,41.58
718,660.47,41.58
719,660.47,41.58
720,660.47,41.58
721,660.47,41.58
722,660.47,41.58
723,660.47,41.58
724,660.47,41.58
725,660.47,41.58
726,660.47,41.58
727,660.47,41.58
728,660.47,41.58
729,660.47,41.58
730,660.47,41.58
731,660.47,41.58
732,660.47,41.58
733,660.47,41.58
734,660.47,41.58
735,660.47,41.58
736,660.47,41.58
737,660.47,41.58
738,660.47,41.58
739,660.47,41.58
740,660.47,41.58
741,660.47,41.58
742,660.47,41.58
743,660.47,41.58
744,660.47,41.58
745,660.47,41.58
746,660.47,41.58
747,660.47,41.58
748,660.47,41.58
749,660.47,41.58
750,660.47,41.58
751,660.47,41.58
752,660.47,41.58
753,660.47,41.58
754,660.47,41.58
755,660.47,41.58
756,660.47,41.58
757,660.47,41.58
758,660.47,41.58
759,660.47,41.58
760,660.47,41.58
761,660.47,41.58
762,660.47,41.58
763,660.47,41.58
764,660.47,41.58
765,660.47,41.58
766,660.47,41.58
767,660.47,41.58
768,660.47,41.58
769,660.47,41.58
770,660.47,41.58
771,660.47,41.58
772,659.99,39.8
773,659.61,38.14
774,659.13,36.37
775,658.66,34.59
776,658.28,32.93
777,657.8,31.16
778,657.32,29.38
779,656.85,27.61
780,656.47,25.94
781,655.99,24.17
782,658.85,24.39
783,661.71,24.61
784,664.47,24.84
785,667.33,25.06
786,670.19,25.17
787,673.05,25.39
788,675.9,25.61
789,678.67,25.83
790,681.53,26.06
791,684.38,26.28
792,688.58,26.5
793,692.67,26.83
794,696.87,27.05
795,701.06,27.39
796,705.25,27.61
797,709.35,27.94
798,713.54,28.27
799,717.73,28.49
800,721.83,28.72
801,726.02,29.05
802,730.21,29.38
803,734.31,29.6
804,738.5,29.82
805,742.69,30.16
806,746.79,30.38
807,750.98,30.71
808,755.18,31.04
809,759.37,31.27
810,763.46,31.49
811,767.66,31.82
812,767.66,31.82
813,767.66,31.82
814,767.66,31.82
815,767.66,31.82
816,767.66,31.82
817,767.66,31.82
818,767.66,31.82
819,767.66,31.82
820,767.66,31.82
821,767.66,31.82
822,767.66,31.82
823,767.66,31.82
824,767.66,31.82
825,767.66,31.82
826,767.66,31.82
827,768.61,32.04
828,769.66,32.26
829,770.61,32.49
830,771.66,32.71
831,772.61,32.93
832,773.66,33.04
833,774.61,33.26
834,775.66,33.48
835,776.61,33.71
836,777.66,33.93
837,778.61,34.15
838,779.66,34.37
839,780.61,34.59
840,781.66,34.81
841,782.62,35.04
842,783.66,35.15
843,784.62,35.37
844,785.66,35.59
845,786.62,35.81
846,787.67,36.03
847,788.62,36.26
848,791.95,37.36
849,795.38,38.47
850,798.81,39.58
851,802.15,40.69
852,805.58,41.8
853,808.91,42.91
854,812.25,44.02
855,815.68,45.13
856,819.11,46.23
857,822.44,47.34
858,825.78,48.56
859,829.21,49.67
860,832.64,50.78
861,835.97,51.89
862,839.31,53.0
863,842.74,54.11
864,846.07,55.21
865,849.5,56.32
866,852.93,57.43
867,856.27,58.54
868,858.27,59.1
869,860.36,59.76
870,862.36,60.43
871,864.36,60.98
872,866.37,61.65
873,868.46,62.2
874,870.46,62.75
875,872.46,63.42
876,874.56,63.97
877,876.56,64.64
878,876.75,64.75
879,877.04,64.75
880,877.23,64.86
881,877.42,64.97
882,877.61,65.08
883,877.89,65.08
884,878.08,65.19
885,878.27,65.3
886,878.56,65.3
887,878.75,65.42
888,878.94,65.53
889,879.13,65.64
890,879.42,65.64
891,879.61,65.75
892,879.61,65.75
893,879.61,65.75
894,879.61,65.75
895,879.61,65.75
896,879.61,65.75
897,879.61,65.75
898,879.61,65.75
899,879.61,65.75
900,879.61,65.75
901,879.61,65.75
902,879.61,65.75
903,879.61,65.75
904,879.61,65.75
905,879.61,65.75
906,879.61,65.75
907,879.61,65.75
908,879.61,65.75
909,879.61,65.75
910,879.61,65.75
911,879.61,65.75
912,879.61,65.75
913,879.61,65.75
914,879.99,65.97
915,880.28,66.19
916,880.66,66.41
917,880.94,66.63
918,881.32,66.86
919,881.61,67.08
920,881.99,67.3
921,882.37,67.41
922,882.66,67.63
923,883.04,67.85
924,883.32,68.08
925,883.71,68.3
926,883.99,68.52
927,884.37,68.74
928,886.28,68.96
929,888.18,69.07
930,890.09,69.3
931,891.99,69.52
932,893.9,69.74
933,895.9,69.85
934,897.81,70.07
935,899.71,70.29
936,901.62,70.4
937,903.52,70.63
938,905.81,70.74
939,908.1,70.85
940,910.48,70.96
941,912.77,71.07
942,915.05,71.29
943,917.34,71.4
944,919.63,71.51
945,922.01,71.62
