498,843.88,791.3
499,829.02,784.21
500,814.06,777.11
501,799.19,770.02
502,784.24,762.92
503,769.37,755.82
504,754.41,748.73
505,739.55,741.63
506,724.69,734.54
507,709.73,727.44
508,694.86,720.34
509,679.91,713.25
510,665.04,706.26
511,650.18,699.17
512,635.22,692.07
513,620.36,684.98
514,605.4,677.88
515,590.53,670.78
516,575.67,663.69
517,560.71,656.59
518,545.85,649.5
519,530.89,642.4
520,516.03,635.3
521,501.07,628.21
522,486.2,621.11
523,434.28,606.14
524,382.35,591.18
525,330.42,576.21
526,278.5,561.35
527,226.57,546.38
528,174.65,531.42
529,170.74,531.42
530,166.93,531.53
531,163.02,531.53
532,159.21,531.64
533,155.3,531.64
534,151.49,531.75
535,147.59,531.75
536,143.77,531.86
537,139.87,531.86
538,136.06,531.97
539,132.15,531.97
540,131.96,531.97
541,131.87,531.97
542,131.67,531.97
543,131.48,531.97
544,131.29,531.97
545,131.2,531.86
546,131.01,531.86
547,130.82,531.86
548,130.63,531.86
549,130.53,531.86
550,130.34,531.86
551,129.58,531.97
552,128.82,531.97
553,128.15,532.08
554,127.39,532.19
555,126.62,532.19
556,125.86,532.3
557,125.1,532.41
558,124.34,532.41
559,123.67,532.52
560,122.91,532.64
561,122.15,532.64
562,121.38,532.75
563,120.62,532.86
564,119.96,532.86
565,119.19,532.97
566,118.43,533.08
567,117.67,533.08
568,116.91,533.19
569,116.24,533.3
570,115.48,533.3
571,114.72,533.41
572,113.95,533.52
573,113.19,533.52
574,112.43,533.63
575,111.76,533.74
576,111.0,533.74
577,110.24,533.86
578,106.52,534.3
579,102.81,534.85
580,98.99,535.3
581,95.28,535.74
582,91.56,536.18
583,87.85,536.74
584,84.13,537.18
585,80.32,537.62
586,76.6,538.18
587,72.89,538.62
588,71.36,539.07
589,69.84,539.62
590,68.41,540.17
591,66.89,540.62
592,65.36,541.06
593,63.84,541.62
594,62.31,542.06
595,60.88,542.61
596,59.36,543.06
597,57.83,543.61
598,57.64,543.72
599,57.45,543.72
600,57.26,543.83
601,57.07,543.94
602,56.98,544.06
603,56.79,544.06
604,56.6,544.17
605,56.4,544.28
606,56.21,544.28
607,56.02,544.39
608,54.69,544.61
609,53.36,544.83
610,52.02,545.16
611,50.69,545.39
612,49.35,545.61
613,48.02,545.83
614,46.69,546.05
615,45.35,546.38
616,44.02,546.61
617,42.68,546.83
618,42.59,546.83
619,42.59,546.83
620,42.49,546.94
621,42.49,546.94
622,42.4,546.94
623,42.4,547.05
624,42.3,547.05
625,42.3,547.05
626,42.21,547.05
627,42.11,547.16
628,42.11,547.16
629,42.02,547.16
630,42.02,547.16
631,41.92,547.16
632,41.92,547.27
633,41.83,547.27
634,41.83,547.27
635,41.73,547.27
636,41.73,547.38
637,41.64,547.38
638,41.64,547.38
639,41.64,547.38
640,41.64,547.38
641,41.64,547.38
642,41.64,547.38
643,41.64,547.38
644,41.64,547.38
645,41.64,547.38
646,41.64,547.38
647,41.64,547.38
648,41.64,547.38
649,41.64,547.38
650,41.64,547.38
651,41.64,547.38
652,41.64,547.38
653,41.64,547.38
654,41.64,547.38
655,41.64,547.38
656,41.64,547.38
657,41.64,547.38
658,41.64,547.38
659,41.64,547.38
660,41.64,547.38
661,41.64,547.38
662,41.64,547.38
663,41.64,547.38
664,41.64,547.38
665,41.64,547.38
666,41.64,547.38
667,41.64,547.38
668,41.64,547.38
669,41.64,547.38
670,41.64,547.38
671,41.54,547.27
672,41.54,547.27
673,41.54,547.27
674,41.54,547.27
675,41.54,547.27
676,41.54,547.27
677,41.54,547.27
678,41.45,547.16
679,41.45,547.16
680,41.45,547.16
681,41.45,547.16
682,41.45,547.16
683,41.45,547.16
684,41.35,547.05
685,41.35,547.05
686,41.35,547.05
687,41.35,547.05
688,41.35,547.05
689,41.35,547.05
690,41.35,547.05
691,41.26,546.94
692,41.26,546.94
693,41.26,546.94
694,41.26,546.94
695,41.26,546.94
696,41.26,546.94
697,41.26,546.94
698,41.26,546.94
699,41.26,546.94
700,41.26,546.94
701,41.26,546.94
702,41.26,546.94
703,41.26,546.94
704,41.26,546.94
705,41.26,546.94
706,41.26,546.94
707,41.26,546.94
708,41.26,546.94
709,41.26,546.94
710,41.26,546.94
711,41.26,546.94
712,41.26,546.94
713,41.26,546.94
714,41.26,546.94
715,41.26,546.94
716,41.26,546.94
717,41.26,546.94
718,41.26,546.94
719,41.26,546.94
720,41.26,546.94
721,41.26,546.94
722,41.26,546.94
723,41.26,546.94
724,41.26,546.94
725,41.26,546.94
726,41.26,546.94
727,41.26,546.94
728,41.26,546.94
729,41.26,546.94
730,41.26,546.94
731,41.26,546.94
732,41.26,546.94
733,41.26,546.94
734,41.26,546.94
735,41.26,546.94
736,41.26,546.94
737,41.26,546.94
