541,145.59,493.61
542,153.87,499.26
543,162.07,505.03
544,170.36,510.68
545,178.55,516.45
546,186.84,522.1
547,195.03,527.87
548,203.32,533.52
549,211.52,539.29
550,219.81,544.94
551,223.62,542.06
552,227.52,539.29
553,231.34,536.41
554,235.15,533.52
555,239.34,528.53
556,243.53,523.54
557,247.72,518.55
558,249.53,519.0
559,251.34,519.33
560,253.25,519.77
561,255.06,520.22
562,256.87,520.55
563,258.68,520.99
564,260.59,521.33
565,262.4,521.77
566,264.21,522.21
567,266.02,522.55
568,267.92,522.99
569,269.73,523.43
570,271.54,523.77
571,273.35,524.21
572,275.16,524.65
573,277.07,524.99
574,278.88,525.43
575,280.69,525.76
576,282.5,526.2
577,284.41,526.65
578,286.22,526.98
579,288.03,527.42
580,289.17,527.2
581,290.31,526.98
582,291.46,526.76
583,292.6,526.54
584,293.74,526.32
585,294.89,526.09
586,296.03,525.87
587,297.17,525.65
588,298.32,525.43
589,299.46,525.21
590,306.8,525.54
591,314.13,525.98
592,321.56,526.32
593,328.9,526.65
594,336.24,526.98
595,343.57,527.42
596,350.91,527.76
597,358.34,528.09
598,365.68,528.53
599,373.01,528.87
600,374.16,529.31
601,375.21,529.64
602,376.35,530.09
603,377.49,530.53
604,378.64,530.97
605,379.68,531.31
606,380.83,531.75
607,381.97,532.19
608,383.02,532.52
609,384.16,532.97
610,382.92,539.62
611,381.59,546.38
612,380.35,553.04
613,379.11,559.8
614,377.87,566.45
615,376.54,573.22
616,375.3,579.87
617,374.06,586.63
618,372.73,593.28
619,371.49,599.94
620,370.25,606.7
621,369.01,613.35
622,367.68,620.11
623,366.44,626.77
624,365.2,633.53
625,363.96,640.18
626,362.63,646.84
627,361.39,653.6
628,360.15,660.25
629,358.82,667.01
630,357.58,673.67
631,356.34,680.43
632,355.1,687.08
633,353.77,693.85
634,352.53,700.5
635,349.39,709.7
636,346.24,718.79
637,343.1,727.99
638,339.95,737.2
639,336.71,746.4
640,333.57,755.6
641,330.42,764.69
642,327.28,773.9
643,325.85,778.77
644,324.42,783.54
645,322.9,788.42
646,321.47,793.3
647,320.04,798.07
648,318.61,802.94
649,317.18,807.82
650,315.66,812.7
651,314.23,817.47
652,312.8,822.35
653,312.8,825.12
654,312.7,827.89
655,312.7,830.55
656,312.7,833.32
657,312.61,836.1
658,312.61,838.87
659,312.61,841.64
660,312.61,844.3
661,312.51,847.07
662,312.51,849.84
663,312.99,850.07
664,313.47,850.18
665,313.94,850.4
666,314.42,850.62
667,314.89,850.73
668,315.37,850.95
669,315.85,851.17
670,316.32,851.29
671,316.8,851.51
672,317.28,851.73
673,317.75,851.84
674,318.23,852.06
675,318.71,852.28
676,319.18,852.39
677,319.66,852.62
678,320.13,852.84
679,320.61,852.95
680,321.09,853.17
681,321.56,853.39
682,322.04,853.5
683,322.52,853.72
684,322.99,853.95
685,323.47,854.06
686,323.95,854.28
687,324.42,854.5
688,324.9,854.61
689,325.38,854.83
690,325.85,855.06
691,326.33,855.17
692,326.8,855.39
693,326.9,855.39
694,326.99,855.28
695,327.19,855.28
696,327.28,855.17
697,327.38,855.17
698,327.47,855.06
699,327.57,855.06
700,327.66,854.94
701,327.85,854.94
702,327.95,854.83
703,328.04,854.83
704,328.14,854.72
705,328.23,854.72
706,328.33,854.61
707,328.52,854.61
708,328.61,854.5
709,328.71,854.5
