0,151.3,1392.68
1,155.78,1394.79
2,160.35,1396.78
3,164.93,1398.78
4,169.5,1400.77
5,174.07,1402.77
6,178.55,1404.88
7,183.12,1406.87
8,187.7,1408.87
9,193.32,1411.42
10,198.94,1413.86
11,204.56,1416.41
12,210.18,1418.85
13,215.81,1421.4
14,221.52,1423.84
15,227.14,1426.39
16,232.76,1428.82
17,238.39,1431.37
18,244.01,1433.81
19,249.63,1436.36
20,255.25,1438.91
21,260.87,1441.35
22,266.49,1443.9
23,272.11,1446.34
24,277.74,1448.89
25,283.45,1451.33
26,289.07,1453.88
27,294.7,1456.32
28,300.32,1458.87
29,305.94,1461.31
30,311.56,1463.86
31,319.18,1467.63
32,326.9,1471.4
33,334.52,1475.17
34,342.14,1478.94
35,349.77,1482.71
36,357.48,1486.37
37,365.11,1490.14
38,372.73,1493.91
39,380.45,1497.68
40,388.07,1501.45
41,391.4,1502.22
42,394.64,1503.0
43,397.98,1503.78
44,401.31,1504.66
45,404.55,1505.44
46,407.89,1506.21
47,411.13,1506.99
48,414.46,1507.77
49,417.8,1508.54
50,421.03,1509.32
51,424.37,1510.21
52,427.7,1510.98
53,430.94,1511.76
54,434.28,1512.53
55,434.56,1512.42
56,434.85,1512.31
57,435.14,1512.31
58,435.52,1512.2
59,435.8,1512.09
60,436.09,1511.98
61,439.8,1513.09
62,443.42,1514.31
63,447.14,1515.42
64,450.86,1516.53
65,454.48,1517.75
66,458.19,1518.85
67,461.91,1519.96
68,465.53,1521.18
69,469.25,1522.29
70,472.29,1526.5
71,475.25,1526.73
72,478.2,1526.84
73,481.25,1527.06
74,484.2,1527.17
75,487.16,1527.39
76,490.11,1527.5
77,493.16,1527.72
78,496.11,1527.95
79,499.07,1528.06
80,502.02,1528.28
81,505.07,1528.39
82,508.02,1528.61
83,510.98,1528.72
84,513.93,1528.94
85,516.98,1529.05
86,519.93,1529.28
87,519.93,1529.28
88,519.93,1529.28
89,519.93,1529.28
90,519.93,1529.28
91,519.93,1529.28
92,519.93,1529.28
93,519.93,1529.28
94,519.93,1529.28
95,519.93,1529.28
96,519.93,1529.28
97,519.93,1529.28
98,519.93,1529.28
99,519.93,1529.28
100,519.93,1529.28
101,519.93,1529.28
102,519.93,1529.28
103,519.93,1529.28
104,519.93,1529.28
105,519.93,1529.28
106,519.93,1529.28
107,519.93,1529.28
108,519.93,1529.28
109,519.93,1529.28
110,519.93,1529.28
111,519.93,1529.28
112,519.93,1529.28
113,519.93,1529.28
114,519.93,1529.28
115,519.93,1529.28
116,519.93,1529.28
117,519.93,1529.28
118,519.93,1529.28
119,519.93,1529.28
120,519.93,1529.28
121,519.93,1529.28
122,519.93,1529.28
123,519.93,1529.28
124,519.93,1529.28
125,519.93,1529.28
126,519.93,1529.28
127,520.03,1529.05
128,520.12,1528.94
129,520.22,1528.72
130,520.41,1528.61
131,520.51,1528.39
132,520.6,1528.28
133,520.7,1528.06
134,520.79,1527.95
135,520.89,1527.83
136,520.98,1527.61
137,521.17,1527.39
138,521.27,1527.28
139,521.36,1527.06
140,521.46,1526.95
141,521.55,1526.73
142,521.65,1526.61
143,521.84,1526.39
144,521.93,1526.28
145,522.03,1526.06
146,522.12,1525.95
147,522.12,1525.95
148,522.12,1525.95
149,522.12,1525.95
150,522.12,1525.95
151,522.12,1525.95
152,522.12,1525.95
153,522.12,1525.95
154,522.12,1525.95
155,522.12,1525.95
156,522.12,1525.95
157,522.51,1526.06
158,522.79,1526.17
159,523.17,1526.28
160,523.55,1526.39
161,523.94,1526.39
162,524.22,1526.5
163,524.6,1526.61
164,524.98,1526.73
165,525.27,1526.84
166,525.65,1526.95
167,528.98,1527.72
168,532.41,1528.5
169,535.84,1529.28
170,539.18,1530.05
171,542.51,1530.94
172,545.94,1531.72
173,549.28,1532.49
174,552.71,1533.27
175,556.14,1534.04
176,559.47,1534.82
177,565.19,1536.37
178,570.91,1537.92
179,576.53,1539.48
180,582.25,1541.03
181,587.96,1542.58
182,593.68,1544.13
183,599.4,1545.69
184,605.02,1547.24
185,610.73,1548.79
186,616.45,1550.34
187,623.02,1550.79
188,629.6,1551.12
189,636.17,1551.56
190,642.65,1551.89
191,649.23,1552.34
192,655.8,1552.67
193,662.37,1553.11
194,667.14,1551.34
195,671.81,1549.68
196,676.57,1547.9
197,681.33,1546.13
198,686.0,1544.35
199,690.77,1542.58
200,695.53,1540.92
201,700.2,1539.14
202,704.96,1537.37
203,709.63,1535.6
204,714.4,1533.93
205,719.16,1532.16
206,723.83,1530.38
207,728.59,1528.61
208,733.36,1526.95
209,738.03,1525.17
210,742.79,1523.4
211,747.55,1521.63
212,752.22,1519.96
213,756.99,1518.19
214,758.8,1518.3
215,760.61,1518.3
216,762.51,1518.41
217,764.32,1518.52
218,766.13,1518.63
219,767.94,1518.63
220,769.75,1518.74
221,771.66,1518.85
222,773.47,1518.85
223,775.28,1518.96
224,776.14,1519.19
225,777.09,1519.3
226,777.95,1519.52
227,778.8,1519.74
228,779.66,1519.85
229,780.61,1520.07
230,781.47,1520.3
231,782.33,1520.52
232,783.28,1520.63
233,784.14,1520.85
234,788.52,1521.51
235,792.91,1522.18
236,797.19,1522.85
237,801.58,1523.51
238,805.96,1524.29
239,810.34,1524.95
240,814.63,1525.62
241,819.01,1526.28
242,823.39,1526.95
243,825.97,1527.06
244,828.54,1527.17
245,831.11,1527.28
246,833.68,1527.39
247,836.26,1527.5
248,838.93,1527.61
249,841.5,1527.72
250,844.07,1527.83
251,846.64,1527.95
252,849.22,1528.06
253,854.36,1527.95
254,859.51,1527.83
255,864.65,1527.72
256,869.7,1527.61
257,874.84,1527.5
258,879.99,1527.39
259,885.13,1527.39
260,890.28,1527.28
261,895.43,1527.17
262,900.47,1527.06
263,905.62,1526.95
264,910.76,1526.84
265,915.91,1526.73
266,919.15,1527.06
267,919.91,1527.06
268,920.67,1526.95
269,921.53,1526.95
270,922.29,1526.84
271,923.06,1526.84
272,923.82,1526.73
273,924.58,1526.73
274,925.34,1526.61
275,926.2,1526.61
276,926.96,1526.5
277,927.72,1526.5
278,927.72,1526.5
279,927.72,1526.5
280,927.72,1526.5
281,927.72,1526.5
282,927.72,1526.5
283,927.72,1526.5
284,927.72,1526.5
285,927.72,1526.5
286,927.72,1526.5
287,927.72,1526.5
288,927.72,1526.5
289,927.72,1526.5
290,927.72,1526.5
291,927.72,1526.5
292,927.72,1526.5
293,927.72,1526.5
294,927.72,1526.5
295,927.72,1526.5
296,927.72,1526.5
297,928.68,1526.61
298,929.63,1526.73
299,930.68,1526.84
300,931.63,1526.95
301,934.2,1527.17
302,936.87,1527.39
303,939.44,1527.61
304,945.54,1527.83
305,951.54,1528.17
306,957.64,1528.39
307,963.64,1528.61
308,969.74,1528.94
309,975.74,1529.17
310,981.84,1529.5
311,987.84,1529.72
312,994.13,1530.16
313,1000.42,1530.5
314,1006.71,1530.94
315,1012.9,1531.38
316,1019.19,1531.72
317,1025.48,1532.16
318,1031.77,1532.6
319,1038.06,1532.93
320,1044.34,1533.38
321,1050.63,1533.71
322,1056.83,1534.15
323,1063.11,1534.6
324,1069.4,1534.93
325,1075.69,1535.37
326,1081.98,1535.82
327,1088.27,1536.15
328,1094.46,1536.59
329,1100.75,1537.04
330,1107.04,1537.37
331,1113.33,1537.81
332,1116.66,1538.59
333,1120.09,1539.37
334,1123.43,1540.14
335,1126.76,1540.92
336,1130.1,1541.69
337,1133.53,1542.47
338,1136.86,1543.25
339,1140.19,1544.02
340,1143.62,1544.8
341,1146.96,1545.57
342,1146.96,1545.57
343,1146.96,1545.57
344,1146.96,1545.57
345,1146.96,1545.57
346,1146.96,1545.57
347,1146.96,1545.57
348,1146.96,1545.57
349,1146.96,1545.57
350,1146.96,1545.57
351,1146.96,1545.57
352,1146.96,1545.57
353,1146.96,1545.57
354,1146.96,1545.57
355,1146.96,1545.57
356,1146.96,1545.57
357,1146.96,1545.57
358,1146.96,1545.57
359,1146.96,1545.57
360,1146.96,1545.57
361,1146.96,1545.57
362,1146.96,1545.57
363,1146.96,1545.57
364,1146.96,1545.57
365,1146.96,1545.57
366,1146.96,1545.57
367,1146.96,1545.57
368,1146.96,1545.57
369,1146.96,1545.57
370,1146.96,1545.57
371,1146.96,1545.57
372,1146.86,1545.57
373,1146.67,1545.57
374,1146.58,1545.57
375,1146.48,1545.46
376,1146.39,1545.46
377,1146.2,1545.46
378,1146.1,1545.46
379,1146.01,1545.46
380,1145.82,1545.46
381,1145.72,1545.46
382,1145.63,1545.35
383,1145.44,1545.35
384,1145.34,1545.35
385,1145.24,1545.35
386,1145.05,1545.35
387,1144.96,1545.35
388,1144.86,1545.24
389,1144.77,1545.24
390,1144.58,1545.24
391,1144.48,1545.24
392,1144.2,1545.13
393,1143.91,1545.13
394,1143.53,1545.02
395,1143.24,1544.91
396,1142.96,1544.8
397,1142.67,1544.8
398,1142.39,1544.69
399,1142.01,1544.58
400,1141.72,1544.58
401,1141.43,1544.47
402,1137.62,1543.58
403,1133.91,1542.8
404,1130.1,1541.92
405,1126.28,1541.03
406,1122.57,1540.14
407,1118.76,1539.37
408,1114.95,1538.48
409,1111.13,1537.59
410,1107.42,1536.82
411,1103.61,1535.93
412,1099.23,1535.71
413,1094.84,1535.37
414,1090.46,1535.15
415,1086.08,1534.93
416,1081.69,1534.71
417,1077.22,1534.38
418,1072.83,1534.15
419,1068.45,1533.93
420,1064.07,1533.6
421,1059.68,1533.38
422,1055.78,1533.16
423,1051.87,1532.82
424,1047.97,1532.6
425,1044.06,1532.38
426,1040.15,1532.05
427,1036.25,1531.83
428,1032.34,1531.6
429,1028.43,1531.38
430,1024.53,1531.05
431,1020.62,1530.83
432,1015.57,1530.72
433,1010.43,1530.61
434,1005.38,1530.5
435,1000.33,1530.38
436,995.18,1530.27
437,990.13,1530.16
438,985.08,1530.05
439,979.94,1529.94
440,974.89,1529.83
441,969.74,1529.83
442,964.69,1529.72
443,959.64,1529.61
444,954.5,1529.5
445,949.45,1529.39
446,944.4,1529.28
447,939.25,1529.17
448,934.2,1529.05
449,929.15,1528.94
450,924.01,1528.83
451,918.96,1528.72
452,913.81,1528.61
453,908.67,1528.39
454,903.43,1528.28
455,898.28,1528.06
456,893.14,1527.95
457,887.99,1527.72
458,882.85,1527.5
459,877.61,1527.39
460,872.46,1527.17
461,867.32,1527.06
462,864.17,1527.17
463,861.12,1527.28
464,858.08,1527.39
465,854.93,1527.5
466,851.79,1527.61
467,848.74,1527.72
468,845.59,1527.83
469,842.55,1527.95
470,839.4,1528.06
471,836.35,1528.17
472,835.69,1529.94
473,835.02,1531.6
474,834.45,1533.38
475,833.78,1535.15
476,833.11,1536.82
477,832.45,1538.59
478,831.78,1540.36
479,831.21,1542.14
480,830.54,1543.8
481,829.87,1545.57
482,830.06,1547.79
483,830.16,1550.01
484,830.35,1552.23
485,830.54,1554.44
486,830.73,1556.66
487,830.83,1558.88
488,831.02,1561.1
489,831.21,1563.31
490,831.3,1565.53
491,831.49,1567.75
492,832.73,1569.97
493,833.97,1572.07
494,835.21,1574.29
495,836.45,1576.51
496,837.59,1578.73
497,838.83,1580.83
498,840.07,1583.05
499,841.31,1585.27
500,842.55,1587.37
501,843.78,1589.59
502,845.02,1591.81
503,846.26,1593.92
504,847.5,1596.13
505,848.64,1598.35
506,849.88,1600.57
507,851.12,1602.67
508,852.36,1604.89
509,853.6,1607.11
510,854.84,1609.22
511,856.08,1611.43
512,857.31,1613.65
513,858.55,1615.76
514,859.7,1617.97
515,860.93,1620.19
516,862.17,1622.41
517,863.41,1624.52
518,864.65,1626.73
519,888.66,1619.53
520,916.58,1619.86
521,944.4,1620.08
522,972.31,1620.3
523,1000.14,1620.64
524,1013.38,1620.19
525,1026.72,1619.64
526,1039.96,1619.19
527,1053.21,1618.64
528,1066.54,1618.2
529,1079.79,1617.75
530,1093.03,1617.2
531,1106.28,1616.75
532,1119.61,1616.2
533,1132.86,1615.76
534,1144.86,1617.31
535,1156.77,1618.97
536,1168.78,1620.64
537,1180.78,1622.19
538,1192.79,1623.74
539,1204.7,1625.4
540,1216.7,1627.07
541,1228.71,1628.62
542,1240.62,1630.28
543,1252.62,1631.83
544,1266.63,1636.71
545,1280.63,1641.48
546,1294.55,1646.36
547,1308.55,1651.13
548,1322.56,1655.89
549,1336.56,1660.77
550,1350.57,1665.54
551,1364.48,1670.42
552,1378.49,1675.19
553,1392.49,1680.06
554,1402.59,1685.16
555,1412.69,1690.37
556,1422.79,1695.48
557,1432.89,1700.69
558,1442.99,1705.79
559,1453.09,1711.0
560,1463.28,1716.1
561,1473.38,1721.2
562,1483.48,1726.41
563,1493.58,1731.51
564,1503.68,1736.72
565,1513.78,1741.82
566,1527.22,1748.58
567,1540.65,1755.35
568,1554.08,1762.11
569,1567.52,1768.87
570,1580.86,1775.64
571,1594.29,1782.4
572,1607.73,1789.16
573,1621.16,1795.93
574,1635.17,1802.47
575,1649.27,1809.01
576,1663.27,1815.66
577,1677.28,1822.2
578,1691.28,1828.74
579,1705.39,1835.29
580,1719.39,1841.83
581,1733.4,1848.48
582,1747.5,1855.02
583,1761.5,1861.56
584,1773.13,1867.11
585,1784.75,1872.65
586,1796.38,1878.08
587,1808.0,1883.63
588,1819.62,1889.17
589,1831.25,1894.71
590,1842.87,1900.26
591,1854.5,1905.8
592,1866.12,1911.23
593,1877.74,1916.78
594,1889.37,1922.32
595,1900.99,1927.87
596,1916.81,1935.63
597,1932.72,1943.39
598,1948.54,1951.26
599,1964.45,1959.02
600,1980.26,1966.78
601,1996.08,1974.65
602,2011.99,1982.42
603,2027.81,1990.18
604,2039.62,1999.05
605,2051.53,2007.92
606,2063.35,2016.9
607,2075.26,2025.77
608,2087.07,2034.64
609,2098.88,2043.51
610,2110.79,2052.38
611,2122.61,2061.36
612,2134.52,2070.23
613,2146.33,2079.1
614,2156.34,2085.86
615,2166.44,2092.62
616,2176.44,2099.39
617,2186.45,2106.15
618,2196.45,2112.91
619,2206.55,2119.68
620,2216.55,2126.44
621,2226.56,2133.2
622,2236.56,2139.97
623,2246.66,2146.73
624,2256.67,2153.49
625,2267.34,2160.15
626,2278.01,2166.8
627,2288.77,2173.45
628,2299.45,2180.1
629,2310.12,2186.75
630,2320.79,2193.41
631,2331.55,2200.06
632,2342.23,2206.71
633,2352.9,2213.36
634,2364.33,2220.57
635,2375.76,2227.78
636,2387.29,2234.98
637,2398.73,2242.19
638,2410.16,2249.4
639,2421.59,2256.61
640,2433.03,2263.81
641,2444.55,2271.02
642,2455.99,2278.23
643,2467.42,2285.43
644,2477.52,2291.42
645,2487.62,2297.41
646,2497.72,2303.39
647,2507.82,2309.38
648,2517.92,2315.37
649,2528.11,2321.36
650,2538.21,2327.34
651,2548.31,2333.33
652,2558.41,2339.32
653,2568.51,2345.3
654,2576.99,2349.3
655,2585.57,2353.29
656,2594.05,2357.39
657,2602.53,2361.38
658,2611.1,2365.37
659,2619.58,2369.47
660,2628.06,2373.47
661,2636.64,2377.46
662,2645.11,2381.45
663,2653.59,2385.44
664,2662.17,2389.54
665,2670.65,2393.53
666,2676.56,2394.53
667,2682.46,2395.53
668,2688.37,2396.64
669,2694.28,2397.64
670,2700.09,2398.63
671,2706.0,2399.74
672,2711.9,2400.74
673,2717.81,2401.74
674,2719.15,2403.07
675,2720.48,2404.51
676,2721.81,2405.84
677,2723.15,2407.28
678,2724.48,2408.61
679,2725.82,2409.94
680,2727.15,2411.38
681,2728.48,2412.71
682,2729.72,2414.16
683,2731.06,2415.49
684,2732.39,2416.93
685,2733.72,2418.26
686,2735.06,2419.59
687,2736.39,2421.03
688,2737.73,2422.36
689,2739.06,2423.8
690,2740.39,2425.13
691,2746.01,2426.68
692,2751.64,2428.24
693,2757.35,2429.68
694,2762.97,2431.23
695,2768.6,2432.78
696,2773.07,2435.33
697,2781.36,2432.34
698,2791.37,2433.12
699,2801.37,2434.0
700,2811.47,2434.89
701,2821.47,2435.67
702,2826.62,2441.21
