0,920.39,3271.54
1,919.34,3271.43
2,918.39,3271.32
3,917.34,3271.21
4,916.29,3271.1
5,915.34,3270.99
6,914.29,3270.87
7,913.34,3270.76
8,912.29,3270.76
9,911.24,3270.65
10,910.29,3270.54
11,909.24,3270.43
12,908.29,3270.32
13,907.24,3270.21
14,906.29,3270.1
15,905.24,3269.99
16,904.19,3269.99
17,903.24,3269.88
18,902.19,3269.77
19,901.24,3269.65
20,900.19,3269.54
21,899.24,3269.43
22,898.19,3269.32
23,897.14,3269.21
24,896.19,3269.21
25,895.14,3269.1
26,894.19,3268.99
27,893.14,3268.88
28,892.19,3268.77
29,891.14,3268.66
30,890.09,3268.55
31,889.14,3268.44
32,888.09,3268.44
33,887.14,3268.32
34,886.09,3268.21
35,885.04,3268.1
36,884.09,3267.99
37,883.04,3267.88
38,882.09,3267.77
39,881.04,3267.66
40,880.09,3267.66
41,879.04,3267.55
42,877.99,3267.44
43,877.04,3267.33
44,875.99,3267.22
45,875.04,3267.1
46,873.99,3266.99
47,873.03,3266.88
48,871.99,3266.88
49,870.94,3266.77
50,869.99,3266.66
51,868.94,3266.55
52,867.98,3266.44
53,866.94,3266.33
54,865.98,3266.22
55,864.94,3266.22
56,863.89,3266.11
57,862.94,3266.0
58,861.89,3265.88
59,860.93,3265.77
60,859.89,3265.66
61,858.84,3265.55
62,857.89,3265.44
63,856.84,3265.44
64,855.88,3265.33
65,854.84,3265.22
66,853.88,3265.11
67,852.84,3265.0
68,851.79,3264.89
69,850.83,3264.78
70,849.79,3264.67
71,848.83,3264.67
72,847.79,3264.55
73,846.83,3264.44
74,845.79,3264.33
75,844.74,3264.22
76,843.78,3264.11
77,842.74,3264.0
78,841.78,3263.89
79,840.74,3263.89
80,839.78,3263.78
81,838.73,3263.67
82,837.69,3263.56
83,836.73,3263.45
84,835.69,3263.33
85,834.73,3263.22
86,833.68,3263.11
87,832.64,3263.11
88,831.68,3263.0
89,830.64,3262.89
90,829.68,3262.78
91,828.63,3262.67
92,827.68,3262.56
93,826.63,3262.45
94,825.59,3262.34
95,824.63,3262.34
96,823.59,3262.23
97,822.63,3262.12
98,821.58,3262.0
99,820.63,3261.89
100,819.58,3261.78
101,818.54,3261.67
102,817.58,3261.67
103,816.53,3261.56
104,815.58,3261.45
105,814.53,3261.34
106,813.58,3261.23
107,812.53,3261.12
108,811.48,3261.01
109,810.53,3260.9
110,809.48,3260.9
111,808.53,3260.78
112,807.48,3260.67
113,806.44,3260.56
114,805.48,3260.45
115,804.43,3260.34
116,803.48,3260.23
117,802.43,3260.12
118,801.48,3260.12
119,800.43,3260.01
120,799.38,3259.9
121,798.43,3259.79
122,797.38,3259.68
123,796.43,3259.57
124,795.38,3259.45
125,794.43,3259.34
126,793.38,3259.34
127,792.33,3259.23
128,791.38,3259.12
129,790.33,3259.01
130,789.38,3258.9
131,788.33,3258.79
132,787.28,3258.68
133,786.33,3258.57
134,785.28,3258.57
135,784.33,3258.46
136,783.28,3258.35
137,782.33,3258.23
138,781.28,3258.12
139,780.23,3258.01
140,779.28,3257.9
141,778.23,3257.79
142,777.28,3257.79
143,776.23,3257.68
144,775.28,3257.57
145,774.23,3257.46
146,773.18,3257.35
147,772.23,3257.24
148,771.18,3257.13
149,770.23,3257.02
150,769.18,3257.02
151,768.23,3256.9
152,767.18,3256.79
153,766.13,3256.68
154,765.18,3256.57
155,764.13,3256.46
156,763.18,3256.35
157,762.13,3256.35
158,761.08,3256.24
159,760.13,3256.13
160,759.08,3256.02
161,758.13,3255.91
162,757.08,3255.8
163,756.13,3255.68
164,755.08,3255.57
165,754.03,3255.57
166,753.08,3255.46
167,752.03,3255.35
168,751.08,3255.24
169,750.03,3255.13
170,749.08,3255.02
171,748.03,3254.91
172,746.98,3254.8
173,746.03,3254.8
174,744.98,3254.69
175,744.03,3254.58
176,742.98,3254.47
177,742.03,3254.35
178,740.98,3254.24
179,739.93,3254.13
180,738.98,3254.02
181,737.93,3254.02
182,736.98,3253.91
183,735.93,3253.8
184,734.88,3253.69
185,733.93,3253.58
186,732.88,3253.47
187,731.93,3253.36
188,730.88,3253.25
189,729.93,3253.25
190,728.88,3253.13
191,727.83,3253.02
192,726.88,3252.91
193,725.83,3252.8
194,724.88,3252.69
195,723.83,3252.58
196,722.88,3252.47
197,721.83,3252.47
198,720.78,3252.36
199,719.83,3252.25
200,718.78,3252.14
201,717.83,3252.03
202,716.78,3251.91
203,715.83,3251.8
204,714.78,3251.8
205,713.73,3251.69
206,712.78,3251.58
207,711.73,3251.47
208,710.78,3251.36
209,709.73,3251.25
210,708.68,3251.14
211,707.73,3251.03
212,706.68,3251.03
213,705.73,3250.92
214,704.68,3250.81
215,703.73,3250.7
216,702.68,3250.58
217,701.63,3250.47
218,700.68,3250.36
219,699.63,3250.25
220,698.68,3250.25
221,697.63,3250.14
222,696.67,3250.03
223,695.63,3249.92
224,694.58,3249.81
225,693.63,3249.7
226,692.58,3249.59
227,691.62,3249.48
228,690.58,3249.48
229,689.62,3249.36
230,688.58,3249.25
231,687.53,3249.14
232,686.58,3249.03
233,685.53,3248.92
234,684.57,3248.81
235,683.53,3248.7
236,682.48,3248.7
237,681.53,3248.59
238,680.48,3248.48
239,679.52,3248.37
240,678.48,3248.26
241,677.52,3248.15
242,676.48,3248.03
243,675.43,3247.92
244,674.47,3247.92
245,673.43,3247.81
246,672.47,3247.7
247,671.43,3247.59
248,670.47,3247.48
249,669.42,3247.37
250,668.38,3247.26
251,667.42,3247.15
252,666.38,3247.15
253,665.42,3247.04
254,664.38,3246.93
255,663.42,3246.81
256,662.37,3246.7
257,661.33,3246.59
258,660.37,3246.48
259,659.33,3246.48
260,658.37,3246.37
261,657.32,3246.26
262,656.28,3246.15
263,655.32,3246.04
264,654.28,3245.93
265,653.32,3245.82
266,652.27,3245.71
267,651.32,3245.71
268,650.27,3245.6
269,649.23,3245.48
270,648.27,3245.37
271,647.23,3245.26
272,646.27,3245.15
273,645.22,3245.04
274,644.27,3244.93
275,643.22,3244.93
276,642.18,3244.82
277,641.22,3244.71
278,640.17,3244.6
279,639.22,3244.49
280,638.17,3244.38
281,637.13,3244.26
282,636.17,3244.15
283,635.12,3244.15
284,634.17,3244.04
285,633.12,3243.93
286,632.17,3243.82
287,631.12,3243.71
288,630.08,3243.6
289,629.12,3243.49
290,628.07,3243.38
291,627.12,3243.38
292,626.07,3243.27
293,625.12,3243.16
294,624.07,3243.05
295,623.02,3242.93
296,622.07,3242.82
297,621.02,3242.71
298,620.07,3242.6
299,619.02,3242.6
300,618.07,3242.49
301,617.02,3242.38
302,615.97,3242.27
303,615.02,3242.16
304,613.97,3242.05
305,613.02,3241.94
306,611.97,3241.83
307,610.92,3241.83
308,609.97,3241.71
309,608.92,3241.6
310,607.97,3241.49
311,606.92,3241.38
312,605.97,3241.27
313,604.92,3241.16
314,603.87,3241.16
315,602.92,3241.05
316,601.87,3240.94
317,600.92,3240.83
318,599.87,3240.72
319,598.92,3240.61
320,597.87,3240.49
321,596.82,3240.38
322,595.87,3240.38
323,594.82,3240.27
324,593.87,3240.16
325,592.82,3240.05
326,591.87,3239.94
327,590.82,3239.83
328,589.77,3239.72
329,588.82,3239.61
330,587.77,3239.61
331,586.82,3239.5
332,585.77,3239.39
333,584.72,3239.28
334,583.77,3239.16
335,582.72,3239.05
336,581.77,3238.94
337,580.72,3238.83
338,579.77,3238.83
339,578.72,3238.72
340,577.67,3238.61
341,576.72,3238.5
342,575.67,3238.39
343,574.72,3238.28
344,573.67,3238.17
345,572.72,3238.06
346,571.67,3238.06
347,570.62,3237.94
348,569.67,3237.83
349,568.62,3237.72
350,567.67,3237.61
351,566.62,3237.5
352,565.67,3237.39
353,564.62,3237.28
354,563.57,3237.28
355,562.62,3237.17
356,561.57,3237.06
357,560.62,3236.95
358,559.57,3236.84
359,558.52,3236.73
360,557.57,3236.61
361,556.52,3236.61
362,555.57,3236.5
363,554.52,3236.39
364,553.57,3236.28
365,552.52,3236.17
366,551.47,3236.06
367,550.52,3235.95
368,549.47,3235.84
369,548.52,3235.84
370,547.47,3235.73
371,546.52,3235.62
372,545.47,3235.51
373,544.42,3235.39
374,543.47,3235.28
375,542.42,3235.17
376,541.47,3235.06
377,540.42,3235.06
378,539.47,3234.95
379,538.42,3234.84
380,537.37,3234.73
381,536.42,3234.62
382,535.37,3234.51
383,534.42,3234.4
384,533.37,3234.29
385,532.32,3234.29
386,531.37,3234.18
387,530.32,3234.06
388,529.37,3233.95
389,528.32,3233.84
390,527.37,3233.73
391,526.32,3233.62
392,525.27,3233.51
393,524.32,3233.51
394,523.27,3233.4
395,522.32,3233.29
396,521.27,3233.18
397,520.31,3233.07
398,519.27,3232.96
399,518.22,3232.84
400,517.27,3232.73
401,516.22,3232.73
402,515.26,3232.62
403,514.22,3232.51
404,513.17,3232.4
405,512.22,3232.29
406,511.17,3232.18
407,510.22,3232.07
408,509.17,3231.96
409,508.21,3231.96
410,507.17,3231.85
411,506.12,3231.74
412,505.17,3231.63
413,504.12,3231.51
414,503.16,3231.4
415,502.12,3231.29
416,501.16,3231.29
417,500.12,3231.18
418,499.07,3231.07
419,498.11,3230.96
420,497.07,3230.85
421,496.11,3230.74
422,495.07,3230.63
423,494.11,3230.52
424,493.06,3230.52
425,492.02,3230.41
426,491.06,3230.29
427,490.02,3230.18
428,489.06,3230.07
429,488.02,3229.96
430,486.97,3229.85
431,486.01,3229.74
432,484.97,3229.74
433,484.01,3229.63
434,482.97,3229.52
435,482.01,3229.41
436,480.96,3229.3
437,479.92,3229.19
438,478.96,3229.08
439,477.92,3228.96
440,476.96,3228.96
441,475.91,3228.85
442,474.96,3228.74
443,473.91,3228.63
444,472.87,3228.52
445,471.91,3228.41
446,470.87,3228.3
447,469.91,3228.19
448,468.86,3228.19
449,467.91,3228.08
450,466.86,3227.97
451,465.82,3227.86
452,464.86,3227.74
453,463.81,3227.63
454,462.86,3227.52
455,461.81,3227.41
456,460.77,3227.41
457,459.81,3227.3
458,458.76,3227.19
459,457.81,3227.08
460,456.76,3226.97
461,455.81,3226.86
462,454.76,3226.75
463,453.72,3226.75
464,452.76,3226.64
465,451.71,3226.52
466,450.76,3226.41
467,449.71,3226.3
468,448.76,3226.19
469,447.71,3226.08
470,446.66,3225.97
471,445.71,3225.97
472,444.66,3225.86
473,443.71,3225.75
474,442.66,3225.64
475,441.71,3225.53
476,440.66,3225.42
477,439.61,3225.31
478,438.66,3225.19
479,437.61,3225.19
480,436.66,3225.08
481,435.61,3224.97
482,434.56,3224.86
483,433.61,3224.75
484,432.56,3224.64
485,431.61,3224.53
486,430.56,3224.42
487,429.61,3224.42
488,428.56,3224.31
489,427.51,3224.2
490,426.56,3224.09
491,425.51,3223.97
492,424.56,3223.86
493,423.51,3223.75
494,422.56,3223.64
495,421.51,3223.64
496,420.46,3223.53
497,419.51,3223.42
498,418.46,3223.31
499,417.51,3223.2
500,416.46,3223.09
501,415.51,3222.98
502,414.46,3222.87
503,413.41,3222.87
504,412.46,3222.76
505,411.41,3222.64
506,410.46,3222.53
507,409.41,3222.42
508,408.36,3222.31
509,407.41,3222.2
510,406.36,3222.09
511,405.41,3222.09
512,404.36,3221.98
513,403.41,3221.87
514,402.36,3221.76
515,407.31,3209.12
516,412.36,3196.37
517,417.32,3183.73
518,422.37,3170.98
519,427.42,3158.34
520,432.37,3145.59
521,437.33,3132.84
522,442.38,3120.2
523,447.33,3107.45
524,452.38,3094.81
525,456.86,3084.83
526,461.34,3074.85
527,465.82,3064.87
528,470.29,3054.89
529,474.77,3044.91
530,479.25,3034.82
531,483.73,3024.85
532,488.21,3014.87
533,492.68,3004.89
534,497.16,2994.91
535,497.83,2993.58
536,498.4,2992.25
537,499.07,2990.92
538,499.73,2989.59
539,500.31,2988.26
540,500.97,2986.93
541,501.64,2985.71
542,502.31,2984.38
543,502.88,2983.05
544,503.55,2981.72
545,504.21,2980.39
546,504.78,2979.06
547,505.45,2977.73
548,505.45,2977.73
549,505.45,2977.73
550,505.45,2977.73
551,505.45,2977.73
552,505.45,2977.73
553,505.45,2977.73
554,505.45,2977.73
555,505.45,2977.73
556,505.45,2977.73
557,505.45,2977.73
558,505.45,2977.73
559,505.45,2977.73
560,505.45,2977.73
561,505.45,2977.73
562,505.45,2977.73
563,505.45,2977.73
564,505.45,2977.73
565,505.45,2977.73
566,505.45,2977.73
567,505.45,2977.73
568,505.45,2977.73
569,505.45,2977.73
570,505.45,2977.73
571,505.45,2977.73
572,505.45,2977.73
573,505.45,2977.73
574,505.45,2977.73
575,505.45,2977.73
576,505.45,2977.73
577,505.45,2977.73
578,505.45,2977.73
579,505.45,2977.73
580,505.45,2977.73
581,505.45,2977.73
582,505.45,2977.73
583,505.45,2977.73
584,505.45,2977.73
585,505.45,2977.73
586,505.45,2977.73
587,505.45,2977.73
588,505.45,2977.73
589,505.45,2977.73
590,505.45,2977.73
591,505.45,2977.73
592,505.45,2977.73
593,505.45,2977.73
594,505.45,2977.73
595,505.45,2977.73
596,505.45,2977.73
597,505.45,2977.73
598,505.45,2977.73
599,505.45,2977.73
600,505.45,2977.73
601,505.45,2977.73
602,505.45,2977.73
603,505.45,2977.73
604,505.45,2977.73
605,505.45,2977.73
606,505.45,2977.73
607,505.45,2977.73
608,505.45,2977.73
609,505.45,2977.73
610,505.45,2977.73
611,505.45,2977.73
612,505.45,2977.73
613,505.45,2977.73
614,505.45,2977.73
615,505.45,2977.73
616,505.45,2977.73
617,505.45,2977.73
618,505.45,2977.73
619,505.45,2977.73
620,505.45,2977.73
621,505.45,2977.73
622,505.45,2977.73
623,505.45,2977.73
624,505.45,2977.73
625,505.45,2977.73
626,505.45,2977.73
627,505.45,2977.73
628,505.45,2977.73
629,505.45,2977.73
630,505.45,2977.73
631,505.45,2977.73
632,505.45,2977.73
633,505.45,2977.73
634,505.45,2977.73
635,505.45,2977.73
636,506.4,2975.62
637,507.45,2973.51
638,508.4,2971.41
639,509.36,2969.3
640,510.31,2967.19
641,511.36,2965.09
642,512.31,2962.98
643,513.26,2960.87
644,514.31,2958.77
645,515.26,2956.66
646,515.84,2953.55
647,516.41,2950.34
648,516.88,2947.24
649,517.46,2944.13
650,518.03,2940.92
651,518.6,2937.81
652,519.08,2934.71
653,519.65,2931.49
654,520.22,2928.39
655,517.46,2922.18
656,514.69,2915.86
657,511.93,2909.65
658,509.17,2903.33
659,506.4,2897.12
660,503.64,2890.91
661,500.88,2884.59
662,498.11,2878.38
663,495.35,2872.06
664,492.59,2865.85
665,484.87,2860.31
666,477.25,2854.66
667,469.53,2849.11
668,461.91,2843.46
669,454.29,2837.91
670,446.57,2832.37
671,438.85,2826.72
672,431.23,2821.17
673,423.51,2815.52
674,415.89,2809.97
675,408.17,2804.43
676,400.55,2798.78
677,392.83,2793.23
678,385.21,2787.58
679,377.49,2782.03
680,369.87,2776.49
681,362.15,2770.84
682,354.53,2765.29
683,346.81,2759.64
684,339.19,2754.09
685,331.28,2749.55
686,323.28,2744.89
687,315.37,2740.23
688,307.46,2735.69
689,299.46,2731.14
690,291.55,2726.49
691,283.64,2721.83
692,275.74,2717.28
693,267.73,2712.74
694,259.82,2708.08
695,253.54,2706.31
696,247.34,2704.53
697,241.05,2702.87
698,234.86,2701.1
699,228.57,2699.32
700,222.38,2697.55
701,216.19,2695.77
702,209.9,2694.11
703,203.7,2692.34
704,197.42,2690.56
705,193.51,2689.68
706,189.51,2688.79
707,185.6,2687.9
708,181.7,2687.02
709,177.69,2686.13
710,173.79,2685.13
711,169.79,2684.24
712,165.88,2683.36
713,161.97,2682.47
714,157.97,2681.58
715,154.06,2680.7
716,147.78,2680.36
717,141.58,2680.14
718,135.3,2679.81
719,129.1,2679.59
720,122.81,2679.25
721,116.62,2679.03
722,110.33,2678.7
723,105.95,2684.91
724,101.57,2691.01
725,97.18,2697.1
726,92.9,2703.31
727,88.51,2709.52
728,84.13,2715.62
729,81.08,2720.28
730,77.94,2724.82
731,74.89,2729.48
732,71.84,2734.03
733,68.79,2738.68
734,65.74,2743.34
735,62.6,2747.88
736,59.55,2752.54
737,56.5,2757.09
738,53.36,2761.74
739,50.31,2766.4
740,47.26,2770.95
741,44.21,2775.6
742,41.16,2780.15
743,38.02,2784.81
744,34.97,2789.46
745,31.92,2794.01
746,28.77,2798.66
747,25.73,2803.21
748,22.68,2807.87
749,21.15,2810.53
750,19.53,2813.08
751,18.01,2815.74
752,16.48,2818.4
753,14.86,2821.06
754,13.34,2823.61
755,11.81,2826.27
756,10.29,2828.93
757,8.67,2831.48
758,7.15,2834.14
759,7.15,2834.14
760,7.15,2834.14
761,7.15,2834.14
762,7.15,2834.14
763,7.15,2834.14
764,7.15,2834.14
765,7.15,2834.14
766,7.15,2834.14
767,7.15,2834.14
768,7.15,2834.14
769,7.15,2834.14
770,7.15,2834.14
771,7.15,2834.14
772,7.15,2834.14
773,7.15,2834.14
774,7.15,2834.14
775,7.15,2834.14
776,7.15,2834.14
777,7.15,2834.14
778,7.15,2834.14
779,7.15,2834.14
780,7.15,2834.14
781,7.15,2834.14
782,7.15,2834.14
783,7.15,2834.14
784,7.15,2834.14
785,7.15,2834.14
786,7.15,2834.14
787,7.15,2834.14
788,7.15,2834.14
789,7.15,2834.14
790,7.15,2834.14
791,7.15,2834.14
792,7.15,2834.14
793,7.15,2834.14
794,7.15,2834.14
795,7.15,2834.14
796,7.15,2834.14
797,7.15,2834.14
798,7.15,2834.14
799,7.15,2834.14
800,7.15,2834.14
801,7.15,2834.14
802,7.15,2834.14
803,7.15,2834.14
804,7.15,2834.14
805,7.15,2834.14
806,7.15,2834.14
807,7.15,2834.14
808,7.15,2834.14
809,6.76,2834.59
810,6.48,2835.03
811,6.1,2835.47
812,5.81,2835.92
813,5.43,2836.36
814,5.15,2836.92
815,4.86,2837.36
816,4.48,2837.8
817,4.19,2838.25
818,3.81,2838.69
