0,1447.09,86.04
1,1447.56,86.15
2,1448.04,86.15
3,1450.42,87.37
4,1452.71,88.59
5,1455.09,89.7
6,1457.47,90.92
7,1459.85,92.14
8,1462.14,93.36
9,1464.52,94.57
10,1466.9,95.68
11,1469.19,96.9
12,1471.57,98.12
13,1475.38,99.79
14,1479.1,101.34
15,1482.91,103.0
16,1486.63,104.66
17,1490.44,106.33
18,1494.15,107.88
19,1497.96,109.54
20,1501.68,111.21
21,1505.49,112.87
22,1509.21,114.42
23,1512.92,116.08
24,1516.73,117.75
25,1520.45,119.41
26,1524.26,120.96
27,1527.98,122.63
28,1531.79,124.29
29,1535.5,125.95
30,1539.32,127.5
31,1543.03,129.17
32,1546.84,130.83
33,1550.65,134.38
34,1552.27,134.93
35,1553.8,135.38
36,1555.42,135.93
37,1556.94,136.37
38,1558.56,136.93
39,1560.09,137.37
40,1561.71,137.93
41,1563.23,138.37
42,1564.85,138.92
43,1566.37,139.37
44,1567.99,139.92
45,1567.99,139.92
46,1567.99,139.92
47,1567.99,139.92
48,1567.99,139.92
49,1567.99,139.92
50,1567.99,139.92
51,1567.99,139.92
52,1567.99,139.92
53,1567.99,139.92
54,1567.99,139.92
55,1567.99,139.92
56,1567.99,139.92
57,1567.99,139.92
58,1567.99,139.92
59,1567.99,139.92
60,1567.99,139.92
61,1567.99,139.92
62,1567.99,139.92
63,1567.99,139.92
64,1567.99,139.92
65,1567.99,139.92
66,1567.99,139.92
67,1567.99,139.92
68,1567.99,139.92
69,1567.99,139.92
70,1567.99,139.92
71,1567.99,139.92
72,1567.99,139.92
73,1567.99,139.92
74,1567.99,139.92
75,1567.99,139.92
76,1567.99,139.92
77,1567.99,139.92
78,1567.99,139.92
79,1567.99,139.92
80,1567.99,139.92
81,1567.99,139.92
82,1567.99,139.92
83,1567.99,139.92
84,1567.99,139.92
85,1567.99,139.92
86,1567.99,139.92
87,1567.99,139.92
88,1567.99,139.92
89,1567.99,139.92
90,1567.99,139.92
91,1567.99,139.92
92,1567.99,139.92
93,1567.99,139.92
94,1567.99,139.92
95,1567.99,139.81
96,1567.9,139.81
97,1567.9,139.7
98,1567.8,139.59
99,1567.8,139.48
100,1567.8,139.48
101,1567.71,139.37
102,1567.71,139.26
103,1567.61,139.26
104,1567.61,139.15
105,1567.61,139.15
106,1567.61,139.15
107,1567.61,139.15
108,1567.61,139.15
109,1567.61,139.15
110,1567.61,139.15
111,1567.61,139.15
112,1567.61,139.15
113,1567.61,139.15
114,1567.61,139.15
115,1568.09,139.26
116,1568.57,139.37
117,1569.04,139.59
118,1569.52,139.7
119,1569.9,139.81
120,1570.38,139.92
121,1570.85,140.14
122,1571.33,140.25
123,1572.85,143.58
124,1575.33,145.69
125,1577.9,147.79
126,1580.38,149.9
127,1582.95,152.01
128,1585.43,154.11
129,1587.91,156.22
130,1590.48,158.33
131,1592.96,160.43
132,1595.53,162.54
133,1598.01,164.65
134,1600.39,165.98
135,1602.87,167.31
136,1605.25,168.64
137,1607.73,169.97
138,1610.11,171.19
139,1612.49,172.52
140,1614.97,173.85
141,1617.35,175.18
142,1619.83,176.51
143,1622.21,177.84
144,1624.59,179.17
145,1627.07,180.5
146,1629.45,181.83
147,1631.93,183.16
148,1634.31,184.49
149,1636.69,185.71
150,1639.17,187.04
151,1641.55,188.37
152,1644.03,189.7
153,1646.41,191.03
154,1651.36,193.47
155,1656.22,195.8
156,1661.18,198.24
157,1667.18,203.67
158,1673.09,209.0
159,1670.04,216.42
160,1666.99,223.85
161,1663.94,231.28
162,1660.89,238.71
163,1657.84,246.14
164,1654.79,253.57
165,1651.74,261.0
166,1648.69,268.42
167,1645.65,275.85
168,1642.6,283.28
169,1639.55,290.71
170,1636.5,298.14
171,1633.45,305.57
172,1630.4,313.0
173,1627.35,320.42
174,1620.49,334.84
175,1613.73,349.14
176,1606.87,363.55
177,1600.1,377.97
178,1593.24,392.38
179,1586.48,406.68
180,1579.62,421.1
181,1572.85,435.51
182,1565.99,449.92
183,1559.23,464.23
184,1552.37,478.64
185,1552.65,481.97
186,1552.94,485.18
187,1553.23,488.51
188,1553.51,491.72
189,1553.8,495.05
190,1553.61,501.04
191,1553.42,507.13
192,1553.23,513.12
193,1553.04,519.11
194,1552.84,525.21
195,1552.65,531.19
196,1552.46,537.18
197,1552.27,543.28
198,1552.08,549.27
199,1551.89,555.25
200,1551.7,561.35
201,1551.51,567.34
202,1551.32,573.33
203,1551.13,579.42
204,1550.94,585.41
205,1554.56,602.26
206,1558.09,619.01
207,1561.71,635.86
208,1565.33,652.71
209,1568.95,669.56
210,1572.47,686.31
211,1576.09,703.16
212,1575.14,717.35
213,1580.0,732.76
214,1584.76,748.17
215,1589.62,763.58
216,1594.39,779.0
217,1599.25,794.41
218,1604.1,809.82
219,1608.87,825.23
220,1613.73,840.64
221,1618.49,856.05
222,1623.35,871.46
223,1627.16,886.76
224,1631.07,901.95
225,1634.88,917.26
226,1638.79,932.56
227,1642.6,947.86
228,1646.41,963.05
229,1650.31,978.35
230,1654.13,993.65
231,1658.03,1008.84
232,1661.84,1024.14
233,1664.89,1032.79
234,1667.94,1041.43
235,1671.09,1050.19
236,1674.13,1058.84
237,1677.18,1067.49
238,1676.04,1074.14
239,1674.99,1080.79
240,1673.85,1087.33
241,1672.8,1093.99
242,1671.66,1100.64
243,1670.7,1111.39
244,1669.66,1122.04
245,1668.7,1132.79
246,1667.75,1143.44
247,1666.8,1154.19
248,1665.75,1164.84
249,1664.8,1175.59
250,1663.84,1186.23
251,1662.8,1196.99
252,1661.84,1207.63
253,1660.89,1218.39
254,1659.94,1229.03
255,1658.89,1239.79
256,1657.94,1250.54
257,1656.98,1261.18
258,1655.94,1271.94
259,1654.98,1282.58
260,1654.03,1293.34
261,1653.08,1303.98
262,1652.03,1314.74
263,1651.08,1325.38
264,1650.12,1336.13
265,1649.08,1346.78
266,1648.12,1357.53
267,1647.17,1368.18
268,1646.22,1378.93
269,1645.17,1389.58
270,1644.22,1400.33
271,1643.36,1402.66
272,1642.6,1404.99
273,1641.74,1407.32
274,1640.98,1409.64
275,1640.12,1411.97
276,1639.26,1414.3
277,1638.5,1416.63
278,1637.64,1418.96
279,1636.79,1421.29
280,1636.02,1423.61
281,1635.17,1425.94
282,1634.4,1428.27
283,1633.55,1430.6
284,1639.45,1435.37
285,1645.26,1440.13
286,1651.17,1444.9
287,1657.08,1449.56
288,1662.99,1454.33
289,1668.8,1459.09
290,1674.71,1463.86
291,1674.71,1463.86
292,1674.71,1463.86
293,1674.71,1463.86
294,1674.71,1463.86
295,1674.71,1463.86
296,1674.71,1463.86
297,1674.71,1463.86
298,1674.71,1463.86
299,1674.71,1463.86
300,1674.71,1463.86
301,1674.71,1463.86
302,1674.71,1463.86
303,1674.71,1463.86
304,1674.71,1463.86
305,1674.71,1463.86
306,1674.71,1463.86
307,1674.71,1463.86
308,1674.71,1463.86
309,1674.71,1463.86
310,1674.71,1463.86
311,1679.57,1465.75
312,1684.52,1467.74
313,1689.38,1469.63
314,1694.24,1471.51
315,1699.1,1473.4
316,1704.05,1475.28
317,1708.91,1477.28
318,1713.77,1479.16
319,1718.63,1481.05
320,1723.58,1483.04
321,1728.44,1484.93
322,1733.3,1486.81
323,1738.16,1488.7
324,1743.02,1490.58
325,1747.97,1492.58
326,1752.83,1494.46
327,1757.69,1496.35
328,1762.65,1498.34
329,1767.51,1500.23
330,1772.37,1502.11
331,1778.46,1505.88
332,1784.56,1509.54
333,1790.56,1513.31
334,1796.66,1517.08
335,1802.76,1520.74
336,1808.86,1524.51
337,1814.96,1528.28
338,1820.96,1532.05
339,1827.06,1535.71
340,1833.15,1539.48
341,1833.34,1539.59
342,1833.44,1539.59
343,1833.63,1539.7
344,1833.82,1539.7
345,1833.92,1539.81
346,1834.11,1539.81
347,1834.3,1539.92
348,1834.39,1539.92
349,1834.58,1540.03
350,1834.58,1540.03
351,1834.58,1540.03
352,1834.58,1540.03
353,1834.58,1540.03
354,1834.58,1540.03
355,1834.58,1540.03
356,1834.58,1540.03
357,1834.58,1540.03
358,1834.58,1540.03
359,1834.58,1540.03
360,1834.58,1540.03
361,1834.58,1540.03
362,1834.58,1540.03
363,1834.58,1540.03
364,1834.58,1540.03
365,1834.58,1540.03
366,1834.58,1540.03
367,1834.58,1540.03
368,1834.58,1540.03
369,1834.58,1540.03
370,1834.68,1540.03
371,1834.77,1540.03
372,1834.77,1540.03
373,1834.87,1540.03
374,1834.96,1540.03
375,1835.06,1540.03
376,1835.06,1540.03
377,1835.15,1540.03
378,1835.25,1540.03
379,1835.25,1540.03
380,1835.34,1540.03
381,1835.44,1540.03
382,1835.54,1540.03
383,1835.54,1540.03
384,1835.63,1540.03
385,1835.73,1540.03
386,1835.82,1540.03
387,1835.82,1540.03
388,1835.92,1540.03
389,1836.01,1540.03
390,1837.16,1539.92
391,1838.39,1539.92
392,1839.54,1539.81
393,1840.78,1539.81
394,1842.01,1539.81
395,1843.16,1539.7
396,1844.4,1539.7
397,1845.54,1539.59
398,1846.78,1539.48
399,1847.92,1539.48
400,1847.92,1539.48
401,1847.92,1539.48
402,1847.92,1539.48
403,1847.92,1539.48
404,1847.92,1539.48
405,1847.92,1539.48
406,1847.92,1539.48
407,1847.92,1539.48
408,1847.92,1539.48
409,1847.92,1539.48
410,1847.92,1539.48
411,1847.92,1539.48
412,1847.92,1539.48
413,1847.92,1539.48
414,1847.92,1539.48
415,1847.92,1539.48
416,1847.92,1539.48
417,1847.92,1539.48
418,1847.92,1539.48
419,1847.92,1539.48
420,1847.92,1539.48
421,1847.92,1539.48
422,1847.92,1539.48
423,1847.92,1539.48
424,1847.92,1539.48
425,1847.92,1539.48
426,1847.92,1539.48
427,1847.92,1539.48
428,1847.92,1539.48
429,1847.92,1539.48
430,1847.92,1539.48
431,1847.92,1539.48
432,1847.92,1539.48
433,1847.92,1539.48
434,1847.92,1539.48
435,1847.92,1539.48
436,1847.92,1539.48
437,1847.92,1539.48
438,1847.92,1539.48
439,1847.92,1539.48
440,1847.92,1539.48
441,1847.92,1539.48
442,1847.92,1539.48
443,1847.92,1539.48
444,1847.92,1539.48
445,1847.92,1539.48
446,1847.92,1539.48
447,1847.92,1539.48
448,1847.92,1539.48
449,1847.92,1539.48
450,1847.92,1539.48
451,1847.83,1539.48
452,1847.83,1539.37
453,1847.73,1539.37
454,1847.64,1539.37
455,1847.64,1539.37
456,1847.64,1539.37
457,1847.54,1539.25
458,1847.54,1539.25
459,1847.45,1539.25
460,1847.45,1539.25
461,1847.45,1539.25
462,1847.45,1539.25
463,1847.45,1539.25
464,1847.45,1539.25
465,1847.45,1539.25
466,1847.45,1539.25
467,1847.45,1539.25
468,1847.45,1539.25
469,1847.45,1539.25
470,1847.45,1539.25
471,1847.45,1539.25
472,1847.45,1539.25
473,1847.45,1539.25
474,1847.45,1539.25
475,1847.45,1539.25
476,1847.45,1539.25
477,1847.45,1539.25
478,1847.45,1539.25
479,1847.45,1539.25
480,1847.45,1539.25
481,1847.45,1539.25
482,1847.45,1539.25
483,1847.45,1539.25
484,1847.45,1539.25
485,1847.45,1539.25
486,1847.45,1539.25
487,1847.45,1539.25
488,1847.45,1539.25
489,1847.45,1539.25
490,1847.45,1539.25
491,1847.45,1539.25
492,1847.45,1539.25
493,1847.45,1539.25
494,1847.45,1539.25
495,1847.45,1539.25
496,1847.45,1539.25
497,1847.45,1539.25
498,1847.45,1539.25
499,1847.45,1539.25
500,1847.45,1539.25
501,1847.45,1539.25
502,1847.45,1539.25
503,1847.45,1539.25
504,1847.45,1539.25
505,1847.45,1539.25
506,1847.45,1539.25
507,1847.45,1539.25
508,1847.45,1539.25
509,1847.45,1539.25
510,1847.45,1539.25
511,1847.45,1539.25
512,1847.45,1539.37
513,1847.45,1539.37
514,1847.45,1539.48
515,1847.45,1539.48
516,1847.45,1539.59
517,1847.45,1539.59
518,1847.45,1539.7
519,1847.45,1539.7
520,1847.45,1539.81
521,1847.45,1539.81
522,1847.45,1539.81
523,1847.45,1539.81
524,1847.45,1539.81
525,1847.45,1539.81
526,1847.45,1539.81
527,1847.45,1539.81
528,1847.45,1539.81
529,1847.45,1539.81
530,1847.45,1539.81
531,1847.45,1539.81
532,1847.45,1539.81
533,1847.45,1539.81
534,1847.45,1539.81
535,1847.45,1539.81
536,1847.45,1539.81
537,1847.45,1539.81
538,1847.45,1539.81
539,1847.45,1539.81
540,1847.45,1539.81
541,1847.45,1539.81
542,1847.45,1539.81
543,1847.45,1539.81
544,1847.45,1539.81
545,1847.45,1539.81
546,1847.45,1539.81
547,1847.45,1539.81
548,1847.45,1539.81
549,1847.45,1539.81
550,1847.45,1539.81
551,1849.73,1540.81
552,1852.11,1541.92
553,1854.4,1542.91
554,1856.78,1543.91
555,1859.07,1544.91
556,1861.45,1546.02
557,1863.74,1547.02
558,1866.12,1548.01
559,1868.41,1549.01
560,1870.79,1550.12
561,1873.08,1551.12
562,1875.46,1552.12
563,1877.74,1553.11
564,1880.13,1554.22
565,1882.41,1555.22
566,1883.08,1560.65
567,1883.65,1566.2
568,1884.32,1571.63
569,1881.65,1579.83
570,1878.89,1587.93
571,1876.22,1596.13
572,1873.46,1604.23
573,1870.79,1612.43
574,1871.07,1621.3
575,1867.93,1629.28
576,1867.93,1635.71
577,1862.4,1635.94
578,1861.93,1636.27
579,1861.45,1636.71
580,1860.97,1637.04
581,1860.5,1637.38
582,1860.12,1637.82
583,1859.64,1638.15
584,1859.16,1638.49
585,1858.69,1638.82
586,1858.21,1639.26
587,1857.74,1639.59
588,1857.74,1639.59
589,1857.74,1639.59
590,1857.74,1639.59
591,1857.74,1639.59
592,1857.74,1639.59
593,1857.74,1639.59
594,1857.74,1639.59
595,1857.74,1639.59
596,1857.74,1639.59
597,1857.74,1639.59
598,1857.74,1639.59
599,1857.74,1639.59
600,1857.74,1639.59
601,1857.74,1639.59
602,1857.74,1639.59
603,1857.74,1639.59
604,1857.74,1639.59
605,1857.74,1639.59
606,1857.74,1639.59
607,1857.74,1639.59
608,1857.74,1641.7
609,1857.74,1643.92
610,1857.74,1646.03
611,1857.74,1648.24
612,1857.74,1650.35
613,1857.74,1652.57
614,1857.74,1654.67
615,1857.74,1656.78
616,1857.74,1659.0
617,1857.74,1661.1
618,1857.74,1663.32
619,1857.74,1665.43
620,1857.74,1667.65
621,1857.74,1669.75
622,1857.74,1671.97
623,1857.74,1674.08
624,1857.74,1676.18
625,1857.74,1678.4
626,1857.74,1680.51
627,1857.74,1682.72
628,1857.74,1684.83
629,1857.74,1687.05
630,1857.74,1689.16
631,1851.07,1707.56
632,1844.3,1725.97
633,1837.63,1744.37
634,1833.25,1752.57
635,1828.87,1760.67
636,1824.48,1768.87
637,1820.1,1777.08
638,1815.72,1785.17
639,1811.33,1793.38
640,1806.95,1801.58
641,1802.57,1809.79
642,1798.19,1817.88
643,1793.8,1826.08
644,1790.66,1835.62
645,1787.61,1845.26
646,1784.47,1854.8
647,1781.32,1864.34
648,1778.27,1873.98
649,1775.13,1883.52
650,1771.98,1893.05
651,1768.84,1902.59
652,1765.79,1912.23
653,1762.65,1921.77
654,1756.17,1933.19
655,1749.59,1944.72
656,1743.12,1956.14
657,1736.64,1967.67
658,1730.16,1979.09
659,1723.58,1990.51
660,1717.1,2002.04
661,1710.63,2013.46
662,1704.05,2024.99
663,1697.57,2036.41
664,1694.71,2039.07
665,1691.76,2041.73
666,1688.9,2044.39
667,1685.95,2047.05
668,1683.09,2049.72
669,1680.23,2052.38
670,1677.28,2055.04
671,1674.42,2057.7
672,1671.47,2060.36
673,1668.61,2063.02
674,1667.66,2068.01
675,1666.8,2072.89
676,1665.84,2077.88
677,1664.89,2082.87
678,1663.94,2087.74
679,1663.08,2092.73
680,1662.13,2097.72
681,1661.18,2102.6
682,1660.32,2107.59
683,1659.37,2112.47
684,1658.41,2117.46
685,1657.46,2122.45
686,1656.6,2127.33
687,1655.65,2132.32
688,1665.46,2140.3
689,1675.18,2148.28
690,1685.0,2156.26
691,1694.71,2164.25
692,1704.53,2172.23
693,1714.25,2180.32
694,1724.06,2188.31
695,1733.78,2196.29
696,1743.59,2204.27
697,1753.31,2212.26
698,1763.12,2220.24
699,1775.51,2229.55
700,1787.99,2238.75
701,1800.38,2248.07
702,1812.86,2257.38
703,1825.25,2266.58
704,1837.73,2275.9
705,1850.11,2285.21
706,1862.59,2294.52
707,1874.98,2303.73
708,1887.46,2313.04
709,1896.99,2320.36
710,1906.52,2327.79
711,1915.95,2335.21
712,1925.48,2342.53
713,1935.01,2349.85
714,1944.53,2357.28
715,1954.06,2364.71
716,1963.49,2372.02
717,1973.02,2379.45
718,1982.55,2386.77
719,1988.17,2390.98
720,1993.79,2395.09
721,1999.41,2399.3
722,2005.04,2403.4
723,2010.66,2407.61
724,2016.18,2411.72
725,2021.8,2415.82
726,2027.43,2420.03
727,2033.05,2424.13
728,2038.67,2428.35
729,2038.67,2428.35
730,2038.67,2428.35
731,2038.67,2428.35
732,2038.67,2428.35
733,2038.67,2428.35
734,2038.67,2428.35
735,2038.67,2428.35
736,2038.67,2428.35
737,2038.67,2428.35
738,2038.67,2428.35
739,2038.67,2428.35
740,2038.67,2428.35
741,2038.67,2428.35
742,2038.67,2428.35
743,2038.67,2428.35
744,2038.67,2428.35
745,2038.67,2428.35
746,2038.67,2428.35
747,2038.67,2428.35
748,2038.67,2428.35
749,2038.67,2428.35
750,2038.67,2428.35
751,2038.67,2428.35
752,2038.67,2428.35
753,2038.67,2428.35
754,2038.67,2428.35
755,2038.67,2428.35
756,2038.67,2428.35
757,2038.67,2428.35
758,2038.67,2428.35
759,2040.96,2430.34
760,2043.34,2432.23
761,2045.62,2434.11
762,2047.91,2436.11
763,2050.29,2438.1
764,2052.58,2439.99
765,2054.87,2441.87
766,2057.15,2443.87
767,2059.53,2445.87
768,2061.82,2447.75
769,2064.68,2450.63
770,2067.63,2453.52
771,2070.49,2456.4
772,2073.45,2459.28
773,2076.3,2462.16
774,2077.73,2469.81
775,2079.16,2477.35
776,2080.59,2485.0
777,2078.3,2490.88
778,2076.11,2496.65
779,2073.92,2502.52
780,2071.64,2508.4
781,2069.44,2514.27
782,2067.16,2520.04
783,2064.87,2525.92
784,2062.68,2531.79
785,2060.49,2537.56
786,2058.2,2543.43
787,2053.72,2552.3
788,2049.15,2561.06
789,2044.67,2569.93
790,2040.1,2578.69
791,2035.62,2587.56
792,2031.05,2596.43
793,2026.57,2605.19
794,2022.0,2614.06
795,2017.52,2622.82
796,2012.94,2631.69
797,2008.47,2640.56
798,2003.99,2649.32
799,1999.41,2658.19
800,1994.94,2666.95
801,1990.36,2675.82
802,1985.88,2684.69
803,1981.31,2693.45
804,1976.83,2702.32
805,1972.26,2711.07
806,1967.78,2719.94
807,1967.78,2719.94
808,1967.78,2719.94
809,1967.78,2719.94
810,1967.78,2719.94
811,1967.78,2719.94
812,1967.78,2719.94
813,1967.78,2719.94
814,1967.78,2719.94
815,1967.78,2719.94
816,1967.78,2719.94
817,1967.78,2719.94
818,1967.78,2719.94
819,1967.78,2719.94
820,1967.78,2719.94
821,1967.78,2719.94
822,1967.78,2719.94
823,1967.78,2719.94
824,1967.78,2719.94
825,1967.78,2719.94
826,1967.78,2719.94
827,1967.78,2719.94
828,1967.78,2719.94
829,1967.78,2719.94
830,1967.78,2719.94
831,1967.78,2719.94
832,1967.78,2719.94
833,1967.78,2719.94
834,1967.78,2719.94
835,1967.78,2719.94
836,1967.78,2719.94
837,1967.4,2720.72
838,1967.11,2721.39
839,1966.73,2722.16
840,1966.45,2722.83
841,1966.16,2723.6
842,1965.78,2724.38
843,1965.5,2725.04
844,1965.11,2725.82
845,1966.07,2728.81
846,1967.02,2731.7
847,1967.97,2734.69
848,1969.78,2737.13
849,1971.59,2739.68
850,1973.4,2742.12
851,1976.26,2743.23
852,1979.22,2744.45
853,1982.07,2745.56
854,1984.93,2746.67
855,1987.79,2747.77
856,1990.74,2748.88
857,1993.6,2750.1
858,1996.46,2751.21
859,1999.32,2752.32
860,2002.18,2753.43
861,2005.13,2754.65
862,2007.99,2755.76
863,2010.85,2756.87
864,2013.8,2757.97
865,2016.66,2759.19
866,2019.52,2760.3
867,2022.38,2761.41
868,2025.23,2762.52
869,2028.19,2763.74
870,2031.05,2764.85
871,2030.57,2767.07
872,2030.09,2769.39
873,2030.09,2769.39
874,2030.09,2769.39
875,2030.09,2769.39
876,2030.09,2769.39
877,2030.09,2769.39
878,2030.09,2769.39
879,2030.09,2769.39
880,2030.09,2769.39
881,2030.09,2769.39
882,2030.09,2769.39
883,2030.09,2769.39
884,2030.09,2769.39
885,2030.09,2769.39
886,2030.09,2769.39
887,2030.09,2769.39
888,2030.09,2769.39
889,2030.09,2769.39
890,2030.09,2769.39
891,2030.09,2769.39
892,2030.09,2769.39
893,2030.09,2769.39
894,2030.09,2769.39
895,2030.09,2769.39
896,2030.09,2769.39
897,2030.09,2769.39
898,2030.09,2769.39
899,2030.09,2769.39
900,2030.09,2769.39
901,2030.09,2769.39
902,2030.09,2769.39
903,2030.09,2769.39
904,2030.28,2769.51
905,2030.38,2769.62
906,2030.57,2769.84
907,2030.67,2769.95
908,2030.86,2770.06
909,2031.05,2770.17
910,2031.14,2770.28
911,2031.33,2770.5
912,2031.43,2770.61
913,2031.62,2770.72
914,2033.9,2771.28
915,2036.19,2771.72
916,2038.38,2772.28
917,2040.67,2772.72
918,2042.96,2773.27
919,2045.15,2773.83
920,2047.43,2774.27
921,2049.72,2774.83
922,2052.01,2775.27
923,2054.29,2775.82
924,2056.49,2776.38
925,2058.77,2776.82
926,2061.06,2777.38
927,2063.25,2777.82
928,2065.54,2778.37
929,2067.82,2778.93
930,2070.11,2779.37
931,2072.4,2779.93
932,2074.59,2780.37
933,2076.88,2780.93
934,2076.88,2780.93
935,2076.88,2780.93
936,2076.88,2780.93
937,2076.88,2780.93
938,2076.88,2780.93
939,2076.88,2780.93
940,2076.88,2780.93
941,2076.88,2780.93
942,2076.88,2780.93
943,2076.88,2780.93
944,2076.88,2780.93
945,2076.88,2780.93
