0,2483.9,1802.8
1,2483.9,1802.8
2,2483.9,1802.8
3,2483.9,1802.8
4,2483.9,1802.8
5,2483.9,1802.8
6,2483.9,1802.8
7,2483.9,1802.8
8,2483.9,1802.8
9,2483.9,1802.8
10,2483.9,1802.8
11,2483.9,1802.8
12,2483.9,1802.8
13,2483.9,1802.8
14,2483.9,1802.8
15,2483.9,1802.8
16,2483.9,1802.8
17,2483.9,1802.8
18,2483.9,1802.8
19,2483.9,1802.8
20,2483.9,1802.8
21,2483.9,1802.8
22,2483.9,1802.8
23,2483.9,1802.8
24,2483.9,1802.8
25,2483.9,1802.8
26,2483.9,1802.8
27,2483.9,1802.8
28,2483.9,1802.8
29,2483.9,1802.8
30,2483.9,1802.8
31,2483.9,1802.8
32,2483.9,1802.8
33,2483.9,1802.8
34,2483.9,1802.8
35,2483.9,1802.8
36,2483.9,1802.8
37,2483.9,1802.8
38,2483.9,1802.8
39,2483.9,1802.8
40,2483.9,1802.8
41,2483.9,1802.8
42,2483.9,1802.8
43,2483.9,1802.8
44,2483.43,1802.58
45,2482.95,1802.36
46,2482.38,1802.02
47,2481.9,1801.8
48,2481.43,1801.58
49,2480.95,1801.36
50,2480.47,1801.14
51,2479.9,1800.8
52,2479.43,1800.58
53,2478.95,1800.36
54,2477.33,1804.91
55,2475.71,1809.34
56,2474.09,1813.89
57,2472.47,1818.43
58,2470.85,1822.87
59,2469.23,1827.41
60,2467.61,1831.96
61,2465.99,1836.51
62,2464.37,1840.94
63,2462.75,1845.49
64,2459.13,1852.47
65,2455.61,1859.46
66,2451.99,1866.44
67,2448.46,1873.43
68,2444.94,1880.41
69,2441.31,1887.4
70,2437.69,1894.38
71,2434.17,1901.37
72,2430.55,1908.35
73,2427.02,1915.34
74,2424.55,1919.33
75,2422.07,1923.32
76,2419.69,1927.31
77,2417.21,1931.3
78,2414.73,1935.18
79,2412.35,1939.17
80,2409.87,1943.17
81,2407.4,1947.16
82,2404.92,1951.15
83,2402.44,1955.14
84,2400.06,1959.13
85,2397.58,1963.12
86,2395.1,1967.11
87,2392.63,1971.11
88,2390.25,1975.1
89,2387.77,1978.98
90,2385.29,1982.97
91,2382.81,1986.96
92,2380.43,1990.95
93,2377.95,1994.94
94,2375.76,1999.16
95,2373.48,2003.37
96,2371.29,2007.58
97,2369.09,2011.69
98,2366.81,2015.9
99,2364.62,2020.11
100,2362.42,2024.33
101,2360.23,2028.54
102,2357.95,2032.75
103,2355.75,2036.85
104,2353.56,2041.07
105,2351.28,2045.28
106,2349.09,2049.49
107,2346.32,2054.48
108,2343.56,2059.36
109,2340.8,2064.35
110,2338.03,2069.23
111,2335.27,2074.22
112,2332.51,2079.21
113,2329.74,2084.09
114,2326.98,2089.08
115,2324.22,2094.06
116,2321.45,2098.94
117,2318.69,2103.93
118,2315.93,2108.81
119,2313.17,2113.8
120,2311.55,2116.46
121,2310.02,2119.23
122,2308.4,2122.0
123,2306.88,2124.67
124,2306.88,2124.67
125,2306.88,2124.67
126,2306.88,2124.67
127,2306.88,2124.67
128,2306.88,2124.67
129,2306.88,2124.67
130,2306.88,2124.67
131,2306.88,2124.67
132,2306.88,2124.67
133,2306.88,2124.67
134,2306.88,2124.67
135,2306.88,2124.67
136,2306.88,2124.67
137,2306.88,2124.67
138,2306.88,2124.67
139,2306.88,2124.67
140,2306.88,2124.67
141,2306.88,2124.67
142,2306.88,2124.67
143,2306.88,2124.67
144,2306.88,2124.67
145,2306.88,2124.67
146,2306.88,2124.67
147,2306.88,2124.67
148,2306.88,2124.67
149,2306.88,2124.67
150,2306.88,2124.67
151,2306.88,2124.67
152,2306.88,2124.67
153,2306.88,2124.67
154,2306.88,2124.67
155,2306.88,2124.67
156,2306.88,2124.67
157,2306.88,2124.67
158,2306.88,2124.67
159,2306.88,2124.67
160,2306.88,2124.67
161,2306.88,2124.67
162,2306.88,2124.67
163,2306.88,2124.67
164,2306.88,2124.67
165,2306.88,2124.67
166,2306.88,2124.67
167,2306.88,2124.67
168,2306.88,2124.67
169,2306.88,2124.67
170,2306.88,2124.67
171,2306.88,2124.67
172,2306.88,2124.67
173,2306.88,2124.67
174,2306.88,2124.67
175,2306.88,2124.67
176,2306.88,2124.67
177,2306.88,2124.67
178,2306.88,2124.67
179,2306.88,2124.67
180,2306.88,2124.67
181,2306.88,2124.67
182,2306.88,2124.67
183,2306.88,2124.67
184,2306.88,2124.67
185,2306.88,2124.67
186,2306.88,2124.67
187,2306.88,2124.67
188,2306.88,2124.67
189,2306.88,2124.67
190,2306.88,2124.67
191,2306.88,2124.67
192,2306.88,2124.67
193,2306.88,2124.67
194,2306.88,2124.67
195,2306.88,2124.67
196,2306.88,2124.67
197,2306.88,2124.67
198,2306.88,2124.67
199,2306.88,2124.67
200,2306.88,2124.67
201,2306.88,2124.67
202,2306.88,2124.67
203,2306.88,2124.67
204,2306.88,2124.67
205,2306.88,2124.67
206,2306.88,2124.67
207,2306.88,2124.67
208,2306.88,2124.67
209,2306.88,2124.67
210,2306.88,2124.67
211,2306.88,2124.67
212,2306.88,2124.67
213,2306.88,2124.67
214,2306.88,2124.67
215,2306.88,2124.67
216,2306.88,2124.67
217,2306.88,2124.67
218,2306.88,2124.67
219,2306.88,2124.67
220,2306.88,2124.67
221,2306.88,2124.67
222,2306.88,2124.67
223,2306.88,2124.67
224,2306.88,2124.67
225,2306.88,2124.67
226,2306.88,2124.67
227,2306.88,2124.67
228,2306.88,2124.67
229,2306.88,2124.67
230,2306.88,2124.67
231,2306.88,2124.67
232,2306.88,2124.67
233,2306.88,2124.67
234,2306.78,2124.67
235,2306.78,2124.78
236,2306.69,2124.89
237,2306.69,2124.89
238,2306.69,2124.89
239,2306.59,2125.0
240,2306.59,2125.0
241,2306.5,2125.11
242,2306.5,2125.22
243,2306.4,2125.22
244,2306.4,2125.22
245,2306.4,2125.22
246,2306.4,2125.22
247,2306.4,2125.22
248,2306.4,2125.22
249,2306.4,2125.22
250,2306.4,2125.22
251,2306.4,2125.22
252,2306.4,2125.22
253,2306.4,2125.22
254,2303.83,2129.77
255,2301.26,2134.31
256,2298.59,2138.97
257,2296.02,2143.51
258,2293.44,2148.06
259,2290.87,2152.61
260,2288.2,2157.15
261,2285.63,2161.81
262,2283.06,2166.35
263,2280.48,2170.9
264,2277.82,2175.45
265,2275.24,2179.99
266,2272.67,2184.65
267,2270.1,2189.19
268,2267.43,2193.74
269,2264.86,2198.29
270,2262.29,2202.83
271,2259.71,2207.49
272,2257.05,2212.03
273,2254.47,2216.58
274,2252.0,2220.9
275,2249.52,2225.34
276,2246.95,2229.66
277,2244.47,2233.99
278,2241.99,2238.42
279,2239.52,2242.75
280,2236.94,2247.18
281,2234.47,2251.5
282,2231.99,2255.83
283,2229.51,2260.26
284,2227.03,2264.59
285,2224.46,2268.91
286,2221.98,2273.35
287,2219.51,2277.67
288,2217.32,2281.33
289,2215.12,2284.88
290,2212.84,2288.54
291,2210.65,2292.2
292,2208.45,2295.74
293,2206.26,2299.4
294,2203.98,2303.06
295,2201.79,2306.72
296,2199.59,2310.27
297,2197.4,2313.93
298,2195.12,2317.59
299,2192.92,2321.13
300,2190.73,2324.79
301,2185.97,2332.55
302,2181.21,2340.31
303,2176.44,2348.08
304,2175.77,2349.18
305,2175.11,2350.29
306,2174.54,2351.51
307,2173.87,2352.62
308,2173.2,2353.73
309,2172.53,2354.84
310,2171.87,2355.95
311,2171.3,2357.17
312,2170.63,2358.28
313,2169.96,2359.38
314,2168.72,2361.38
315,2167.39,2363.27
316,2166.15,2365.26
317,2164.91,2367.26
318,2163.58,2369.25
319,2162.34,2371.25
320,2161.1,2373.13
321,2159.77,2375.13
322,2158.53,2377.12
323,2157.29,2379.01
324,2155.96,2381.0
325,2154.72,2383.0
326,2153.38,2385.0
327,2152.15,2386.88
328,2150.91,2388.88
329,2149.57,2390.87
330,2148.33,2392.87
331,2147.1,2394.75
332,2145.76,2396.75
333,2144.52,2398.74
334,2143.57,2400.3
335,2142.71,2401.74
336,2141.76,2403.29
337,2140.9,2404.84
338,2139.95,2406.28
339,2139.0,2407.84
340,2138.14,2409.39
341,2137.19,2410.94
342,2136.33,2412.38
343,2135.38,2413.93
344,2135.09,2414.38
345,2134.9,2414.71
346,2134.71,2415.15
347,2134.42,2415.49
348,2134.14,2415.93
349,2133.95,2416.37
350,2133.76,2416.71
351,2133.47,2417.15
352,2133.18,2417.48
353,2132.99,2417.93
354,2132.04,2419.37
355,2131.18,2420.81
356,2130.23,2422.36
357,2129.28,2423.8
358,2128.42,2425.24
359,2127.47,2426.68
360,2126.52,2428.13
361,2125.56,2429.68
362,2124.71,2431.12
363,2123.75,2432.56
364,2123.47,2432.89
365,2123.28,2433.34
366,2123.09,2433.67
367,2122.8,2434.0
368,2122.51,2434.45
369,2122.32,2434.78
370,2122.13,2435.11
371,2121.85,2435.44
372,2121.56,2435.89
373,2121.37,2436.22
374,2121.37,2436.22
375,2121.27,2436.33
376,2121.27,2436.33
377,2121.27,2436.44
378,2121.27,2436.44
379,2121.18,2436.55
380,2121.18,2436.55
381,2121.18,2436.66
382,2121.18,2436.66
383,2121.08,2436.77
384,2121.08,2436.77
385,2121.08,2436.77
386,2121.08,2436.89
387,2121.08,2436.89
388,2120.99,2437.0
389,2120.99,2437.0
390,2120.99,2437.11
391,2120.99,2437.11
392,2120.89,2437.22
393,2120.89,2437.22
394,2120.7,2437.55
395,2120.51,2437.77
396,2120.32,2438.1
397,2120.13,2438.33
398,2119.94,2438.66
399,2119.75,2438.99
400,2119.56,2439.21
401,2119.37,2439.55
402,2119.18,2439.77
403,2118.99,2440.1
404,2118.99,2440.1
405,2118.99,2440.1
406,2118.99,2440.1
407,2118.99,2440.1
408,2118.99,2440.1
409,2118.99,2440.1
410,2118.99,2440.1
411,2118.99,2440.1
412,2118.99,2440.1
413,2118.99,2440.1
414,2118.32,2441.32
415,2117.65,2442.54
416,2116.99,2443.76
417,2116.32,2444.98
418,2115.65,2446.2
419,2114.99,2447.42
420,2114.32,2448.64
421,2113.65,2449.86
422,2112.99,2451.08
423,2112.32,2452.3
424,2109.37,2456.84
425,2106.51,2461.28
426,2103.55,2465.71
427,2100.6,2470.26
428,2097.65,2474.8
429,2094.79,2479.24
430,2091.83,2483.78
431,2088.88,2488.22
432,2086.02,2492.77
433,2083.07,2497.2
434,2079.35,2504.19
435,2075.73,2511.17
436,2072.02,2518.04
437,2068.3,2525.03
438,2064.68,2532.01
439,2060.96,2538.89
440,2057.25,2545.87
441,2053.63,2552.86
442,2049.91,2559.84
443,2046.2,2566.72
444,2042.58,2573.7
445,2038.86,2580.69
446,2035.24,2587.67
447,2031.52,2594.66
448,2027.81,2601.53
449,2024.19,2608.52
450,2020.47,2615.5
451,2016.75,2622.38
452,2013.13,2629.36
453,2009.42,2636.35
454,2008.47,2638.34
455,2007.51,2640.34
456,2006.66,2642.33
457,2005.7,2644.33
458,2004.75,2646.32
459,2003.8,2648.32
460,2002.84,2650.32
461,2001.99,2652.31
462,2001.03,2654.31
463,2000.08,2656.3
464,2000.08,2656.3
465,2000.08,2656.3
466,2000.08,2656.3
467,2000.08,2656.3
468,2000.08,2656.3
469,2000.08,2656.3
470,2000.08,2656.3
471,2000.08,2656.3
472,2000.08,2656.3
473,2000.08,2656.3
474,2000.08,2656.3
475,2000.08,2656.3
476,2000.08,2656.3
477,2000.08,2656.3
478,2000.08,2656.3
479,1998.65,2658.85
480,1997.22,2661.4
481,1995.79,2663.95
482,1994.36,2666.5
483,1992.94,2669.05
484,1991.6,2671.49
485,1990.17,2674.04
486,1988.74,2676.59
487,1987.31,2679.14
488,1985.88,2681.69
489,1983.69,2685.91
490,1981.41,2690.12
491,1979.12,2694.44
492,1976.93,2698.66
493,1974.74,2702.87
494,1972.45,2707.08
495,1970.26,2711.3
496,1967.97,2715.51
497,1965.69,2719.83
498,1963.49,2724.05
499,1961.3,2728.26
500,1959.02,2732.47
501,1956.82,2736.69
502,1954.54,2741.01
503,1952.25,2745.22
504,1950.06,2749.44
505,1945.58,2758.64
506,1941.01,2767.73
507,1936.53,2776.93
508,1931.96,2786.14
509,1927.48,2795.34
510,1922.91,2804.43
511,1918.43,2813.63
512,1915.95,2819.4
513,1913.57,2825.27
514,1911.09,2831.04
515,1908.61,2836.81
516,1906.23,2842.68
517,1903.75,2848.45
518,1901.37,2854.32
519,1898.9,2860.09
520,1896.42,2865.85
521,1894.04,2871.73
522,1891.56,2877.5
523,1889.65,2884.48
524,1887.65,2891.47
525,1885.75,2898.56
526,1883.84,2905.55
527,1881.84,2912.53
528,1879.94,2919.52
529,1878.03,2926.61
530,1876.03,2933.6
531,1874.12,2940.58
532,1872.12,2947.57
533,1870.22,2954.55
534,1868.31,2961.65
535,1866.31,2968.63
536,1864.4,2975.62
537,1862.5,2982.6
538,1860.5,2989.59
539,1858.59,2996.68
540,1856.69,3003.67
541,1854.69,3010.65
542,1852.78,3017.64
543,1850.88,3024.74
544,1848.87,3031.72
545,1846.97,3038.71
546,1845.06,3045.69
547,1843.06,3052.68
548,1841.16,3059.77
549,1839.16,3066.76
550,1837.25,3073.74
551,1835.34,3080.73
552,1833.34,3087.71
553,1831.44,3094.81
554,1829.53,3101.79
555,1827.53,3108.78
556,1825.63,3115.76
557,1823.72,3122.86
558,1821.72,3129.84
559,1819.81,3136.83
560,1817.91,3143.81
561,1815.91,3150.8
562,1814.0,3157.89
563,1812.1,3164.88
564,1810.1,3171.86
565,1808.19,3178.85
566,1806.19,3185.83
567,1804.28,3192.93
568,1802.38,3199.92
569,1800.38,3206.9
570,1798.47,3213.89
571,1796.57,3220.98
572,1794.57,3227.97
573,1792.66,3234.95
574,1789.71,3242.82
575,1786.85,3250.7
576,1783.89,3258.46
577,1780.94,3266.33
578,1777.99,3274.2
579,1775.13,3282.07
580,1772.18,3289.94
581,1769.22,3297.71
582,1766.36,3305.58
583,1763.41,3313.45
