0,2564.13,2921.29
1,2557.84,2918.3
2,2551.65,2915.19
3,2545.36,2912.09
4,2539.07,2909.09
5,2532.88,2906.1
6,2526.59,2903.0
7,2521.44,2900.89
8,2516.3,2898.67
9,2511.06,2896.57
10,2505.91,2894.46
11,2500.77,2892.35
12,2495.53,2890.14
13,2490.38,2888.03
14,2485.24,2885.92
15,2480.09,2883.7
16,2474.95,2881.6
17,2469.71,2879.49
18,2464.56,2877.27
19,2459.42,2875.17
20,2454.18,2873.06
21,2449.03,2870.95
22,2443.89,2868.74
23,2438.74,2866.63
24,2433.5,2864.52
25,2428.36,2862.31
26,2423.21,2860.2
27,2422.93,2860.09
28,2422.64,2859.87
29,2422.35,2859.76
30,2422.07,2859.53
31,2421.78,2859.42
32,2421.5,2859.31
33,2421.21,2859.09
34,2420.93,2858.98
35,2420.64,2858.76
36,2420.35,2858.65
37,2420.35,2858.65
38,2420.35,2858.65
39,2420.35,2858.65
40,2420.35,2858.65
41,2420.35,2858.65
42,2420.35,2858.65
43,2420.35,2858.65
44,2420.35,2858.65
45,2420.35,2858.65
46,2420.35,2858.65
47,2420.35,2858.65
48,2420.35,2858.65
49,2420.35,2858.65
50,2420.35,2858.65
51,2420.35,2858.65
52,2420.35,2858.65
53,2420.35,2858.65
54,2420.35,2858.65
55,2420.35,2858.65
56,2420.35,2858.65
57,2420.35,2858.65
58,2420.35,2858.65
59,2420.35,2858.65
60,2420.35,2858.65
61,2420.35,2858.65
62,2420.35,2858.65
63,2420.35,2858.65
64,2420.35,2858.65
65,2420.35,2858.65
66,2420.35,2858.65
67,2419.88,2858.43
68,2419.4,2858.2
69,2418.92,2857.98
70,2418.45,2857.76
71,2418.07,2857.54
72,2417.59,2857.43
73,2417.11,2857.21
74,2416.64,2856.98
75,2416.16,2856.76
76,2415.68,2856.54
77,2415.21,2856.32
78,2414.73,2856.1
79,2414.26,2855.88
80,2413.78,2855.65
81,2413.4,2855.43
82,2412.92,2855.32
83,2412.45,2855.1
84,2411.97,2854.88
85,2411.49,2854.66
86,2411.02,2854.43
87,2409.78,2852.88
88,2408.54,2851.44
89,2407.21,2849.89
90,2405.97,2848.34
91,2404.73,2846.89
92,2403.49,2845.34
93,2402.25,2843.79
94,2400.92,2842.24
95,2399.68,2840.8
96,2398.44,2839.24
97,2398.92,2837.91
98,2399.39,2836.58
99,2399.96,2835.36
100,2400.44,2834.03
101,2400.92,2832.7
102,2401.39,2831.37
103,2401.87,2830.04
104,2402.44,2828.82
105,2402.92,2827.49
106,2403.39,2826.16
107,2403.39,2826.16
108,2403.39,2826.16
109,2403.39,2826.16
110,2403.39,2826.16
111,2403.39,2826.16
112,2403.39,2826.16
113,2403.39,2826.16
114,2403.39,2826.16
115,2403.39,2826.16
116,2403.39,2826.16
117,2405.01,2824.94
118,2406.73,2823.61
119,2408.44,2822.39
120,2410.06,2821.17
121,2412.35,2819.62
122,2414.54,2817.96
123,2416.83,2816.4
124,2419.11,2814.85
125,2421.31,2813.3
126,2423.59,2811.64
127,2425.78,2810.08
128,2428.07,2808.53
129,2430.36,2806.98
130,2432.55,2805.32
131,2434.84,2803.76
132,2434.84,2803.76
133,2434.84,2803.76
134,2434.84,2803.76
135,2434.84,2803.76
136,2434.84,2803.76
137,2434.84,2803.76
138,2434.84,2803.76
139,2434.84,2803.76
140,2434.84,2803.76
141,2434.84,2803.76
142,2434.84,2803.76
143,2434.84,2803.76
144,2434.84,2803.76
145,2434.84,2803.76
146,2434.84,2803.76
147,2434.84,2803.76
148,2434.84,2803.76
149,2434.84,2803.76
150,2434.84,2803.76
151,2434.84,2803.76
152,2436.55,2802.1
153,2438.36,2800.44
154,2440.08,2798.78
155,2441.79,2797.11
156,2443.6,2795.45
157,2445.32,2793.79
158,2447.03,2792.12
159,2448.75,2790.46
160,2450.56,2788.8
161,2452.27,2787.13
162,2455.89,2782.26
163,2459.51,2777.27
164,2463.13,2772.39
165,2466.75,2767.51
166,2470.37,2762.63
167,2474.0,2757.64
168,2477.62,2752.76
169,2481.24,2747.88
170,2484.86,2742.9
171,2488.48,2738.02
172,2489.43,2736.02
173,2490.38,2734.03
174,2491.34,2732.03
175,2492.29,2730.03
176,2493.24,2728.04
177,2494.1,2726.04
178,2495.05,2724.05
179,2496.0,2722.05
180,2496.96,2720.06
181,2497.91,2718.06
182,2497.91,2718.06
183,2497.91,2718.06
184,2497.91,2718.06
185,2497.91,2718.06
186,2497.91,2718.06
187,2497.91,2718.06
188,2497.91,2718.06
189,2497.91,2718.06
190,2497.91,2718.06
191,2497.91,2718.06
192,2499.34,2715.73
193,2500.77,2713.4
194,2502.2,2711.07
195,2503.63,2708.75
196,2505.06,2706.53
197,2506.39,2704.2
198,2507.82,2701.87
199,2509.25,2699.54
200,2510.68,2697.22
201,2512.11,2694.89
202,2513.54,2692.56
203,2514.96,2690.23
204,2516.39,2687.9
205,2517.82,2685.57
206,2519.25,2683.25
207,2520.59,2681.03
208,2522.02,2678.7
209,2523.44,2676.37
210,2524.87,2674.04
211,2526.3,2671.71
212,2529.45,2667.06
213,2532.5,2662.4
214,2535.64,2657.63
215,2538.69,2652.98
216,2541.74,2648.32
217,2544.88,2643.66
218,2548.03,2639.01
219,2551.08,2634.24
220,2554.12,2629.58
221,2557.27,2624.93
222,2558.13,2616.83
223,2558.89,2608.74
224,2559.75,2600.76
225,2560.6,2592.66
226,2561.37,2584.57
227,2562.22,2576.47
228,2563.08,2568.49
229,2563.84,2560.4
230,2564.7,2552.3
231,2561.84,2542.99
232,2558.98,2533.57
233,2556.12,2524.25
234,2553.27,2514.83
235,2550.41,2505.52
236,2547.55,2496.09
237,2544.69,2486.67
238,2541.83,2477.35
239,2538.97,2467.93
240,2536.12,2458.62
241,2535.54,2452.52
242,2534.97,2446.42
243,2534.4,2440.32
244,2533.83,2434.22
245,2533.26,2428.13
246,2535.26,2425.02
247,2537.36,2421.81
248,2539.36,2418.7
249,2541.36,2415.6
250,2543.36,2412.38
251,2545.45,2409.28
252,2547.45,2406.17
253,2549.46,2402.96
254,2551.55,2399.85
255,2553.55,2396.75
256,2555.55,2393.53
257,2557.55,2390.43
258,2559.65,2387.32
259,2561.65,2384.11
260,2563.65,2381.0
261,2565.75,2377.9
262,2567.75,2374.69
263,2569.75,2371.58
264,2571.75,2368.48
265,2573.85,2365.26
266,2575.85,2362.16
267,2576.42,2361.05
268,2576.9,2360.05
269,2577.47,2359.05
270,2578.04,2357.94
271,2578.52,2356.83
272,2579.09,2355.84
273,2579.66,2354.73
274,2580.23,2353.73
275,2580.71,2352.62
276,2581.28,2351.62
277,2585.85,2349.3
278,2590.33,2347.08
279,2594.9,2344.86
280,2599.48,2342.53
281,2603.67,2344.19
282,2607.77,2345.75
283,2614.34,2349.41
284,2620.82,2353.06
285,2627.39,2356.61
286,2633.97,2360.27
287,2640.45,2363.93
288,2647.02,2367.59
289,2653.5,2371.25
290,2660.07,2374.91
291,2666.65,2378.45
292,2673.13,2382.11
293,2679.7,2385.77
294,2687.61,2388.88
295,2695.52,2392.09
296,2703.43,2395.2
297,2711.33,2398.41
298,2719.24,2401.52
299,2727.15,2404.62
300,2735.06,2407.84
301,2742.97,2410.94
302,2750.87,2414.16
303,2758.78,2417.26
304,2767.26,2419.59
305,2775.65,2421.92
306,2784.13,2424.13
307,2792.61,2426.46
308,2801.09,2428.79
309,2809.47,2431.12
310,2817.95,2433.45
311,2826.43,2435.67
312,2834.81,2437.99
313,2843.29,2440.32
