0,2282.68,2205.83
1,2282.68,2205.83
2,2282.68,2205.83
3,2282.68,2205.83
4,2282.68,2205.83
5,2282.68,2205.83
6,2282.68,2205.83
7,2282.87,2202.61
8,2283.06,2199.51
9,2283.25,2196.29
10,2283.53,2193.19
11,2283.72,2189.97
12,2283.91,2186.75
13,2284.11,2183.65
14,2284.3,2180.44
15,2284.58,2177.22
16,2284.77,2174.12
17,2284.96,2170.9
18,2285.15,2167.8
19,2285.34,2164.58
20,2285.53,2161.36
21,2285.73,2158.26
22,2286.01,2155.05
23,2286.2,2151.83
24,2286.39,2148.73
25,2286.58,2145.51
26,2286.77,2142.29
27,2287.06,2139.19
28,2287.25,2135.97
29,2287.44,2132.87
30,2287.63,2129.66
31,2291.54,2121.34
32,2295.44,2113.13
33,2299.45,2104.82
34,2303.35,2096.61
35,2307.26,2088.3
36,2311.16,2079.98
37,2315.07,2071.78
38,2319.07,2063.46
39,2322.98,2055.26
40,2326.89,2046.94
41,2327.46,2044.84
42,2328.03,2042.73
43,2328.6,2040.73
44,2329.27,2038.63
45,2329.84,2036.52
46,2330.41,2034.41
47,2330.98,2032.42
48,2331.55,2030.31
49,2332.13,2028.21
50,2332.79,2026.1
51,2333.36,2024.1
52,2333.94,2022.0
53,2334.51,2019.89
54,2308.78,1955.81
55,2307.07,1948.93
56,2305.26,1942.17
57,2303.54,1935.29
58,2301.73,1928.42
59,2300.02,1921.55
60,2298.3,1914.78
61,2296.49,1907.91
62,2294.78,1901.03
63,2292.97,1894.27
64,2291.25,1887.4
65,2286.96,1882.41
66,2282.77,1877.53
67,2278.48,1872.54
68,2274.2,1867.55
69,2270.0,1862.67
70,2265.72,1857.68
71,2261.43,1852.69
72,2257.24,1847.82
73,2252.95,1842.83
74,2248.66,1837.84
75,2244.47,1832.96
76,2240.18,1827.97
77,2235.99,1823.09
78,2231.7,1818.1
79,2227.41,1813.11
80,2223.22,1808.23
81,2218.94,1803.24
82,2214.65,1798.25
83,2210.46,1793.38
84,2206.17,1788.39
85,2201.88,1783.4
86,2197.69,1778.52
87,2193.4,1773.53
88,2189.11,1768.54
89,2184.92,1763.66
90,2180.63,1758.67
91,2176.35,1753.68
92,2172.15,1748.81
93,2167.87,1743.82
94,2163.58,1738.83
95,2159.39,1733.95
96,2155.1,1728.96
97,2150.91,1724.08
98,2146.62,1719.09
99,2142.33,1714.1
100,2138.14,1709.22
101,2133.85,1704.23
102,2129.56,1699.24
103,2125.37,1694.37
104,2121.08,1689.38
105,2116.8,1684.39
106,2112.6,1679.51
107,2108.32,1674.52
108,2098.03,1669.64
109,2087.74,1664.65
110,2077.45,1659.77
111,2067.16,1654.9
112,2056.87,1649.91
113,2046.58,1645.03
114,2045.62,1644.47
115,2044.77,1644.03
116,2043.81,1643.48
117,2042.86,1643.03
118,2041.91,1642.48
119,2041.05,1642.03
120,2040.1,1641.48
121,2039.15,1641.04
122,2038.29,1640.48
123,2037.33,1640.04
124,2037.33,1640.04
125,2037.33,1640.04
126,2037.33,1640.04
127,2037.33,1640.04
128,2037.33,1640.04
129,2037.33,1640.04
130,2037.33,1640.04
131,2037.33,1640.04
132,2037.33,1640.04
133,2037.33,1640.04
134,2037.33,1640.04
135,2037.33,1640.04
136,2037.33,1640.04
137,2037.33,1640.04
138,2037.33,1640.04
139,2037.33,1640.04
140,2037.33,1640.04
141,2037.33,1640.04
142,2037.33,1640.04
143,2037.33,1640.04
144,2037.33,1640.04
145,2037.33,1640.04
146,2037.33,1640.04
147,2037.33,1640.04
148,2037.33,1640.04
149,2037.33,1640.04
150,2037.33,1640.04
151,2037.33,1640.04
152,2037.33,1640.04
153,2037.33,1640.04
154,2037.33,1640.04
155,2037.33,1640.04
156,2037.33,1640.04
157,2037.33,1640.04
158,2037.33,1640.04
159,2037.33,1640.04
160,2037.33,1640.04
161,2037.33,1640.04
162,2037.33,1640.04
163,2037.33,1640.04
164,2037.33,1640.04
165,2037.33,1640.04
166,2037.33,1640.04
167,2037.33,1640.04
168,2037.33,1640.04
169,2037.33,1640.04
170,2037.33,1640.04
171,2037.33,1640.04
172,2037.33,1640.04
173,2037.33,1640.04
174,2037.33,1640.04
175,2037.33,1640.04
176,2037.33,1640.04
177,2037.33,1640.04
178,2037.33,1640.04
179,2037.33,1640.04
180,2037.33,1640.04
181,2037.33,1640.04
182,2037.33,1640.04
183,2037.33,1640.04
184,2037.33,1640.04
185,2037.33,1640.04
186,2037.33,1640.04
187,2037.33,1640.04
188,2037.33,1640.04
189,2037.33,1640.04
190,2037.33,1640.04
191,2037.33,1640.04
192,2037.33,1640.04
193,2037.33,1640.04
194,2037.33,1640.04
195,2037.33,1640.04
196,2037.33,1640.04
197,2037.33,1640.04
198,2037.33,1640.04
199,2037.33,1640.04
200,2037.33,1640.04
201,2037.33,1640.04
202,2037.33,1640.04
203,2037.33,1640.04
204,2037.33,1640.04
205,2037.33,1640.04
206,2037.33,1640.04
207,2037.33,1640.04
208,2037.33,1640.04
209,2037.33,1640.04
210,2037.33,1640.04
211,2037.33,1640.04
212,2037.33,1640.04
213,2037.33,1640.04
214,2037.33,1640.04
215,2037.33,1640.04
216,2037.33,1640.04
217,2037.33,1640.04
218,2037.33,1640.04
219,2037.33,1640.04
220,2037.33,1640.04
221,2037.33,1640.04
222,2037.33,1640.04
223,2037.33,1640.04
224,2035.33,1640.93
225,2033.24,1641.7
226,2031.24,1642.59
227,2029.14,1643.36
228,2027.14,1644.25
229,2025.04,1645.14
230,2022.95,1645.91
231,2020.95,1646.8
232,2018.95,1647.58
233,2016.85,1648.46
234,2014.56,1646.91
235,2012.28,1645.25
236,2009.99,1643.7
237,2007.7,1642.14
238,2005.42,1640.59
239,2003.13,1638.93
240,2000.84,1637.38
241,1998.56,1635.83
242,1996.27,1634.16
243,1993.98,1632.61
244,1991.7,1631.06
245,1989.41,1629.51
246,1987.12,1627.95
247,1984.84,1626.4
248,1982.55,1624.85
249,1980.17,1623.3
250,1977.88,1621.74
251,1975.59,1620.19
252,1973.31,1618.64
253,1971.02,1617.09
254,1968.54,1615.65
255,1966.16,1614.2
256,1963.68,1612.76
257,1961.21,1611.32
258,1958.73,1609.77
259,1956.35,1608.33
260,1953.87,1606.89
261,1951.39,1605.45
262,1948.92,1604.0
263,1946.44,1602.56
264,1944.06,1601.12
265,1941.58,1599.68
266,1939.1,1598.24
267,1936.63,1596.8
268,1934.24,1595.36
269,1931.77,1593.8
270,1929.29,1592.36
271,1926.91,1590.92
272,1924.43,1589.48
273,1921.95,1588.04
274,1921.95,1588.04
275,1921.95,1588.04
276,1921.95,1588.04
277,1921.95,1588.04
278,1921.95,1588.04
279,1921.95,1588.04
280,1921.95,1588.04
281,1921.95,1588.04
282,1921.95,1588.04
283,1921.95,1588.04
284,1921.95,1588.04
285,1921.95,1588.04
286,1921.95,1588.04
287,1921.95,1588.04
288,1921.95,1588.04
289,1921.95,1588.04
290,1921.95,1588.04
291,1921.95,1588.04
292,1921.95,1588.04
293,1921.95,1588.04
294,1921.95,1588.04
295,1921.95,1588.04
296,1921.95,1588.04
297,1921.95,1588.04
298,1921.95,1588.04
299,1921.95,1588.04
300,1921.95,1588.04
301,1921.95,1588.04
302,1921.95,1588.04
303,1921.95,1588.04
304,1921.95,1588.04
305,1921.95,1588.04
306,1921.95,1588.04
307,1921.95,1588.04
308,1921.95,1588.04
309,1921.95,1588.04
310,1921.95,1588.04
311,1921.95,1588.04
312,1921.95,1588.04
313,1921.95,1588.04
314,1921.95,1588.04
315,1921.95,1588.04
316,1921.95,1588.04
317,1921.95,1588.04
318,1921.95,1588.04
319,1921.95,1588.04
320,1921.95,1588.04
321,1921.95,1588.04
322,1921.95,1588.04
323,1921.95,1588.04
324,1921.95,1588.04
325,1921.95,1588.04
326,1921.95,1588.04
327,1921.95,1588.04
328,1921.95,1588.04
329,1921.95,1588.04
330,1921.95,1588.04
331,1921.95,1588.04
332,1921.95,1588.04
333,1921.95,1588.04
334,1921.95,1588.04
335,1921.95,1588.04
336,1921.95,1588.04
337,1921.95,1588.04
338,1921.95,1588.04
339,1921.95,1588.04
340,1921.95,1588.04
341,1921.95,1588.04
342,1921.95,1588.04
343,1921.95,1588.04
344,1921.95,1588.04
345,1921.95,1588.04
346,1921.95,1588.04
347,1921.95,1588.04
348,1921.95,1588.04
349,1921.95,1588.04
350,1921.95,1588.04
351,1921.95,1588.04
352,1921.95,1588.04
353,1921.95,1588.04
354,1921.95,1588.04
355,1921.95,1588.04
356,1921.95,1588.04
357,1921.95,1588.04
358,1921.95,1588.04
359,1921.95,1588.04
360,1921.95,1588.04
361,1921.95,1588.04
362,1921.95,1588.04
363,1921.95,1588.04
364,1921.95,1588.04
365,1921.95,1588.04
366,1921.95,1588.04
367,1921.95,1588.04
368,1921.95,1588.04
369,1921.95,1588.04
370,1921.95,1588.04
371,1921.95,1588.04
372,1921.95,1588.04
373,1921.95,1588.04
374,1920.81,1585.93
375,1919.67,1583.71
376,1918.43,1581.61
377,1917.28,1579.5
378,1916.14,1577.28
379,1915.0,1575.18
380,1913.76,1573.07
381,1912.62,1570.96
382,1911.47,1568.75
383,1910.33,1566.64
384,1909.09,1564.53
385,1907.95,1562.32
386,1906.8,1560.21
387,1905.57,1558.1
388,1904.42,1556.0
389,1903.28,1553.78
390,1902.14,1551.67
391,1900.9,1549.57
392,1899.75,1547.35
393,1898.61,1545.24
394,1893.85,1543.14
395,1888.99,1541.14
396,1884.22,1539.03
397,1879.36,1536.93
398,1874.6,1534.93
399,1869.84,1532.82
400,1864.98,1530.72
401,1860.21,1528.72
402,1855.35,1526.61
403,1850.59,1524.51
404,1845.73,1522.51
405,1840.97,1520.41
406,1830.96,1516.08
407,1821.05,1511.65
408,1811.05,1507.32
409,1801.14,1502.89
410,1791.14,1498.45
411,1781.13,1494.13
412,1771.22,1489.69
413,1761.22,1485.37
414,1760.08,1482.6
415,1758.93,1479.83
416,1757.88,1477.05
417,1756.74,1474.28
418,1755.6,1471.51
419,1754.45,1468.74
420,1753.31,1465.97
421,1752.17,1463.2
422,1751.12,1460.42
423,1749.98,1457.65
424,1748.83,1454.99
425,1747.69,1452.22
426,1746.55,1449.45
427,1745.4,1446.68
428,1744.35,1443.9
429,1743.21,1441.13
430,1742.07,1438.36
431,1740.92,1435.59
432,1739.78,1432.82
433,1738.73,1430.04
434,1737.59,1427.27
435,1736.45,1424.5
436,1735.3,1421.73
437,1734.16,1418.96
438,1733.02,1416.19
439,1731.97,1413.41
440,1730.82,1410.64
441,1729.68,1407.87
442,1728.54,1405.1
443,1727.39,1402.33
444,1726.25,1399.55
445,1725.2,1396.78
446,1724.06,1394.12
447,1722.92,1391.35
448,1721.77,1388.58
449,1720.63,1385.81
450,1719.58,1383.03
451,1718.44,1380.26
452,1717.3,1377.49
453,1716.15,1374.72
454,1715.01,1371.95
455,1713.87,1369.17
456,1712.82,1366.4
457,1711.67,1363.63
458,1710.53,1360.86
459,1709.39,1358.09
460,1708.24,1355.32
461,1707.1,1352.54
462,1706.05,1349.77
463,1704.91,1347.0
464,1703.77,1344.23
465,1702.62,1341.46
466,1701.48,1338.68
467,1700.43,1335.91
468,1699.29,1333.25
469,1698.14,1330.48
470,1697.0,1327.71
471,1695.86,1324.94
472,1694.71,1322.16
473,1693.67,1319.39
474,1692.52,1316.62
475,1691.38,1313.85
476,1690.24,1311.08
477,1689.09,1308.31
478,1687.95,1305.53
479,1686.9,1302.76
480,1685.76,1299.99
481,1684.61,1297.22
482,1683.47,1294.45
483,1682.33,1291.67
484,1681.28,1288.9
485,1680.14,1286.13
486,1678.99,1283.36
487,1677.85,1280.59
488,1676.71,1277.82
489,1675.56,1275.15
490,1674.52,1272.38
491,1673.37,1269.61
492,1672.23,1266.84
493,1671.09,1264.07
494,1669.94,1261.3
495,1668.89,1258.52
496,1667.75,1255.75
497,1666.61,1252.98
498,1665.46,1250.21
499,1664.32,1247.44
500,1663.18,1244.66
501,1662.13,1241.89
502,1660.99,1239.12
503,1659.84,1236.35
504,1658.7,1233.58
505,1657.56,1230.8
506,1656.41,1228.03
507,1655.36,1225.26
508,1654.22,1222.49
509,1653.08,1219.72
510,1651.93,1216.95
511,1650.79,1214.28
512,1649.74,1211.51
513,1648.6,1208.74
514,1647.46,1205.97
515,1646.31,1203.2
516,1645.17,1200.43
517,1644.03,1197.65
518,1642.98,1194.88
519,1641.83,1192.11
520,1640.69,1189.34
521,1639.55,1186.57
522,1638.4,1183.79
523,1637.26,1181.02
524,1636.21,1178.25
525,1635.07,1175.48
526,1633.93,1172.71
527,1632.78,1169.94
528,1631.64,1167.16
529,1630.59,1164.39
530,1629.45,1161.62
531,1628.31,1158.85
532,1627.16,1156.08
533,1626.02,1153.42
534,1624.88,1150.64
535,1623.83,1147.87
536,1622.68,1145.1
537,1621.54,1142.33
538,1620.4,1139.56
539,1619.25,1136.78
540,1618.11,1134.01
541,1617.06,1131.24
542,1615.92,1128.47
543,1614.78,1125.7
544,1582.86,1010.06
545,1582.1,1007.17
546,1581.43,1004.4
547,1580.67,1001.52
548,1580.0,998.64
549,1579.24,995.86
550,1578.47,992.98
551,1577.81,990.1
552,1577.05,987.33
553,1576.28,984.44
554,1575.62,981.56
555,1574.85,978.68
556,1574.19,975.91
557,1573.43,973.02
558,1572.66,970.14
559,1572.0,967.37
560,1571.23,964.49
561,1570.57,961.6
562,1569.8,958.83
563,1569.04,955.95
564,1568.38,953.07
565,1567.61,950.3
566,1566.85,947.41
567,1566.18,944.53
568,1565.42,941.76
569,1564.75,938.88
570,1563.99,935.99
571,1563.23,933.22
572,1562.56,930.34
573,1561.8,927.46
574,1561.13,924.68
575,1560.37,921.8
576,1559.61,918.92
577,1558.94,916.04
578,1558.18,913.26
579,1557.51,910.38
580,1556.75,907.5
581,1555.99,904.73
582,1555.32,901.84
583,1554.56,898.96
584,1553.8,896.19
585,1553.13,893.31
586,1552.37,890.42
587,1551.7,887.65
588,1550.94,884.77
589,1541.03,799.73
590,1531.12,714.8
591,1521.21,629.76
592,1511.3,544.83
593,1501.39,459.79
594,1516.83,420.65
595,1532.17,381.52
596,1547.6,342.38
597,1552.65,332.62
598,1557.7,322.75
599,1562.75,313.0
600,1567.8,303.24
601,1572.85,293.37
602,1577.9,283.61
603,1582.95,273.86
604,1588.0,263.99
605,1593.05,254.23
606,1596.77,247.8
607,1600.39,241.48
608,1604.1,235.16
609,1607.82,228.73
610,1611.44,222.41
611,1615.16,215.98
612,1615.16,215.98
613,1615.16,215.98
614,1615.16,215.98
615,1615.16,215.98
616,1615.16,215.98
617,1615.16,215.98
618,1615.16,215.98
619,1615.16,215.98
620,1615.16,215.98
621,1615.16,215.98
622,1615.16,215.98
623,1615.16,215.98
624,1615.16,215.98
625,1615.16,215.98
626,1615.16,215.98
627,1615.16,215.98
628,1615.16,215.98
629,1615.16,215.98
630,1615.16,215.98
631,1615.16,215.98
632,1615.16,215.98
633,1615.16,215.98
634,1615.16,215.98
635,1615.16,215.98
636,1615.16,215.98
637,1615.16,215.98
638,1615.16,215.98
639,1615.16,215.98
640,1615.16,215.98
641,1615.16,215.98
642,1615.16,215.98
643,1615.16,215.98
644,1615.16,215.98
645,1615.16,215.98
646,1615.16,215.98
647,1615.16,215.98
648,1615.16,215.98
649,1615.16,215.98
650,1615.16,215.98
651,1615.16,215.98
652,1615.44,215.43
653,1615.82,214.87
654,1616.11,214.43
655,1616.49,213.87
656,1616.78,213.32
657,1617.16,212.77
658,1617.44,212.21
659,1617.82,211.66
660,1618.11,211.21
661,1618.49,210.66
662,1618.78,210.1
663,1620.68,206.67
664,1622.59,203.23
665,1624.49,199.9
666,1626.4,196.47
667,1628.31,193.03
668,1630.21,189.59
669,1632.12,186.27
670,1634.02,182.83
671,1635.93,179.39
672,1637.83,175.96
673,1639.74,172.63
674,1641.64,169.19
675,1643.55,165.76
676,1645.46,162.32
677,1647.36,158.88
678,1649.27,155.56
679,1651.17,152.12
680,1653.08,148.68
681,1654.98,145.24
682,1656.89,141.92
683,1658.79,138.48
684,1660.7,135.04
685,1662.61,131.61
686,1664.51,128.28
687,1666.42,124.84
688,1668.32,121.41
689,1679.09,100.56
690,1689.95,79.61
691,1700.72,58.76
692,1703.0,53.66
693,1705.19,48.45
694,1707.48,43.35
695,1709.77,38.25
696,1711.96,33.04
697,1714.25,27.94
698,1716.53,22.84
699,1718.82,17.74
700,1721.01,12.53
701,1723.3,7.43
