0,1623.64,2653.64
1,1624.02,2653.64
2,1624.4,2653.64
3,1624.88,2653.64
4,1625.26,2653.75
5,1625.73,2653.75
6,1626.11,2653.75
7,1631.26,2657.52
8,1636.4,2661.29
9,1641.55,2665.06
10,1646.79,2668.83
11,1651.93,2672.6
12,1657.08,2676.37
13,1662.22,2680.14
14,1667.37,2683.91
15,1674.42,2685.46
16,1681.47,2687.02
17,1688.62,2688.57
18,1695.67,2690.12
19,1702.72,2691.67
20,1709.77,2693.22
21,1716.91,2694.89
22,1723.96,2696.44
23,1731.02,2697.99
24,1738.07,2699.54
25,1745.21,2701.1
26,1752.26,2702.65
27,1759.31,2704.2
28,1764.27,2705.09
29,1769.32,2705.97
30,1774.27,2706.86
31,1779.32,2707.75
32,1784.28,2708.64
33,1789.23,2709.52
34,1794.28,2710.41
35,1799.23,2711.19
36,1804.28,2712.07
37,1809.24,2712.96
38,1814.19,2713.85
39,1819.24,2714.73
40,1824.2,2715.62
41,1829.25,2716.51
42,1834.2,2717.39
43,1839.16,2718.28
44,1844.21,2719.17
45,1849.16,2720.06
46,1854.21,2720.94
47,1859.16,2721.83
48,1864.12,2722.72
49,1869.17,2723.6
50,1874.12,2724.38
51,1879.17,2725.27
52,1884.13,2726.15
53,1889.08,2727.04
54,1894.13,2727.93
55,1899.09,2728.81
56,1904.14,2729.7
57,1909.09,2730.59
58,1909.09,2730.59
59,1909.09,2730.59
60,1909.09,2730.59
61,1909.09,2730.59
62,1909.09,2730.59
63,1909.09,2730.59
64,1909.09,2730.59
65,1909.09,2730.59
66,1909.09,2730.59
67,1909.09,2730.59
68,1909.09,2730.59
69,1909.09,2730.59
70,1909.09,2730.59
71,1909.09,2730.59
72,1909.09,2730.59
73,1909.09,2730.59
74,1909.09,2730.59
75,1909.09,2730.59
76,1909.09,2730.59
77,1909.09,2730.59
78,1909.09,2730.59
79,1909.09,2730.59
80,1909.09,2730.59
81,1909.09,2730.59
82,1909.09,2730.59
83,1909.09,2730.59
84,1909.09,2730.59
85,1909.09,2730.59
86,1909.09,2730.59
87,1909.09,2730.59
88,1909.09,2730.59
89,1909.09,2730.59
90,1909.09,2730.59
91,1909.09,2730.59
92,1909.09,2730.59
93,1909.09,2730.59
94,1909.09,2730.59
95,1909.09,2730.59
96,1909.09,2730.59
97,1909.09,2730.59
98,1909.09,2730.59
99,1909.09,2730.59
100,1909.09,2730.59
101,1909.09,2730.59
102,1909.09,2730.59
103,1909.09,2730.59
104,1909.09,2730.59
105,1909.09,2730.59
106,1909.09,2730.59
107,1909.09,2730.59
108,1909.09,2730.59
109,1909.09,2730.59
110,1909.09,2730.59
111,1909.09,2730.59
112,1909.09,2730.59
113,1909.09,2730.59
114,1909.09,2730.59
115,1909.09,2730.59
116,1909.47,2730.26
117,1909.85,2729.92
118,1910.33,2729.7
119,1910.71,2729.37
120,1911.09,2729.04
121,1911.47,2728.7
122,1911.95,2728.48
123,1912.33,2728.15
124,1912.71,2727.82
125,1919.38,2728.93
126,1925.95,2730.03
127,1932.62,2731.14
128,1939.29,2732.25
129,1945.96,2733.36
130,1952.63,2734.47
131,1959.21,2735.58
132,1965.88,2736.69
133,1968.26,2737.46
134,1970.64,2738.35
135,1973.02,2739.13
136,1975.4,2739.9
137,1977.79,2740.68
138,1980.17,2741.56
139,1982.55,2742.34
140,1984.93,2743.12
141,1987.31,2743.89
142,1989.7,2744.78
143,1991.98,2745.56
144,1994.36,2746.33
145,1996.75,2747.11
146,1999.13,2748.0
147,2001.51,2748.77
148,2003.89,2749.55
149,2006.27,2750.32
150,2008.66,2751.21
151,2011.04,2751.99
152,2013.42,2752.76
153,2013.52,2753.76
154,2013.61,2754.87
155,2013.71,2755.87
156,2013.9,2756.87
157,2013.99,2757.86
158,2014.09,2758.97
159,2014.18,2759.97
160,2016.56,2761.08
161,2018.85,2762.3
162,2021.23,2763.41
163,2023.61,2764.52
164,2025.9,2765.74
165,2028.28,2766.84
166,2030.67,2768.06
167,2032.95,2769.17
168,2035.33,2770.28
169,2037.72,2771.5
170,2040.0,2772.61
171,2042.38,2773.83
172,2044.77,2774.94
173,2047.05,2776.05
174,2049.44,2777.27
175,2051.82,2778.37
176,2054.1,2779.48
177,2056.49,2780.7
178,2058.87,2781.81
179,2061.15,2782.92
180,2063.54,2784.14
181,2065.92,2785.25
182,2068.21,2786.47
183,2070.59,2787.58
184,2131.37,2793.68
185,2132.99,2793.45
186,2134.71,2793.23
187,2136.33,2793.12
188,2138.04,2792.9
189,2139.66,2792.68
190,2139.95,2792.79
191,2140.33,2792.9
192,2140.62,2793.12
193,2140.9,2793.23
194,2141.28,2793.34
195,2141.57,2793.45
196,2141.86,2793.56
197,2142.14,2793.79
198,2142.52,2793.9
199,2142.81,2794.01
200,2143.09,2794.12
201,2143.47,2794.23
202,2143.76,2794.45
203,2144.05,2794.56
204,2144.33,2794.67
205,2144.71,2794.78
206,2145.0,2794.9
207,2145.29,2795.12
208,2145.67,2795.23
209,2145.95,2795.34
210,2145.95,2795.34
211,2145.95,2795.34
212,2145.95,2795.34
213,2145.95,2795.34
214,2145.95,2795.34
215,2145.95,2795.34
216,2145.95,2795.34
217,2145.95,2795.34
218,2145.95,2795.34
219,2145.95,2795.34
220,2147.95,2795.67
221,2149.95,2796.0
222,2151.95,2796.34
223,2153.96,2796.67
224,2155.96,2797.0
225,2157.96,2797.45
226,2159.96,2797.78
227,2161.96,2798.11
228,2163.96,2798.44
229,2165.96,2798.78
230,2165.67,2798.55
231,2165.39,2798.44
232,2165.2,2798.22
233,2164.91,2798.0
234,2164.63,2797.89
235,2164.34,2797.67
236,2164.15,2797.45
237,2163.86,2797.33
238,2163.58,2797.11
239,2160.43,2795.89
240,2157.29,2794.78
241,2154.15,2793.56
242,2150.91,2792.46
243,2147.76,2791.24
244,2144.62,2790.13
245,2141.47,2788.91
246,2138.33,2787.69
247,2135.19,2786.58
248,2132.04,2785.36
249,2128.8,2784.25
250,2125.66,2783.03
251,2122.51,2781.81
252,2119.37,2780.7
253,2116.23,2779.48
254,2113.08,2778.37
255,2109.94,2777.16
256,2106.7,2776.05
257,2103.55,2774.83
258,2100.41,2773.61
259,2097.26,2772.5
260,2094.12,2771.28
261,2090.98,2770.17
262,2087.83,2768.95
263,2084.69,2767.73
264,2081.45,2766.62
265,2078.3,2765.4
266,2075.16,2764.29
267,2072.02,2763.07
268,2068.87,2761.85
269,2065.73,2760.75
270,2062.58,2759.53
271,2059.34,2758.42
272,2056.2,2757.2
273,2053.06,2756.09
274,2049.91,2754.87
275,2046.39,2754.54
276,2042.86,2754.09
277,2039.43,2753.65
278,2035.91,2753.32
279,2032.38,2752.98
280,2028.86,2752.54
281,2025.33,2752.1
282,2021.9,2751.77
283,2018.37,2751.43
284,2014.85,2750.99
285,2013.32,2750.66
286,2011.8,2750.32
287,2010.28,2749.99
288,2008.75,2749.66
289,2007.32,2749.44
290,2005.8,2749.1
291,2004.27,2748.77
292,2002.75,2748.44
293,2001.22,2748.11
294,1999.7,2747.77
295,1998.18,2747.44
296,1996.65,2747.11
297,1995.13,2746.78
298,1993.7,2746.55
299,1992.17,2746.22
300,1990.65,2745.89
301,1989.12,2745.56
302,1987.6,2745.22
303,1986.08,2744.89
304,1984.55,2744.56
305,1983.03,2744.23
306,1981.5,2743.89
307,1980.07,2743.67
308,1978.55,2743.34
309,1977.02,2743.01
310,1975.5,2742.67
311,1973.97,2742.34
312,1972.45,2742.01
313,1970.93,2741.68
314,1969.4,2741.34
315,1967.88,2741.01
316,1966.45,2740.79
317,1964.92,2740.46
318,1963.4,2740.12
319,1961.87,2739.79
320,1960.35,2739.46
321,1958.83,2739.13
322,1957.3,2738.79
323,1955.78,2738.46
324,1954.25,2738.13
325,1952.82,2737.91
326,1951.3,2737.57
327,1949.77,2737.24
328,1948.25,2736.91
329,1946.73,2736.58
330,1901.28,2730.92
331,1855.73,2725.16
332,1810.29,2719.5
333,1764.74,2713.74
334,1719.3,2708.08
335,1699.48,2701.43
336,1696.14,2700.54
337,1692.71,2699.65
338,1689.38,2698.77
339,1685.95,2697.88
340,1682.61,2696.99
341,1679.18,2696.11
342,1675.85,2695.22
343,1672.42,2694.33
344,1669.08,2693.45
345,1668.23,2695.0
346,1667.37,2696.55
347,1666.51,2698.1
348,1665.75,2699.65
349,1664.89,2701.21
350,1664.03,2702.76
351,1669.08,2707.86
352,1674.13,2712.96
353,1679.09,2718.06
354,1684.14,2723.16
355,1689.19,2728.37
356,1694.24,2733.47
357,1699.29,2738.57
358,1704.24,2743.67
359,1709.29,2748.77
360,1714.34,2753.87
361,1715.39,2754.87
362,1716.44,2755.87
363,1717.49,2756.87
364,1718.53,2757.86
365,1719.68,2758.86
366,1720.73,2759.86
367,1721.77,2760.86
368,1722.82,2761.85
369,1723.87,2762.85
370,1724.92,2763.85
371,1725.97,2764.85
372,1727.01,2765.85
373,1728.06,2766.84
374,1729.2,2767.84
375,1730.25,2768.84
376,1731.3,2769.84
377,1732.35,2770.84
378,1733.4,2771.94
379,1734.45,2772.94
380,1735.49,2773.94
381,1736.54,2774.94
382,1737.59,2775.94
383,1738.73,2776.93
384,1739.78,2777.93
385,1740.83,2778.93
386,1741.88,2779.93
387,1742.93,2780.93
388,1743.97,2781.92
389,1745.02,2782.92
390,1746.07,2783.92
391,1747.12,2784.92
392,1748.26,2785.91
393,1749.31,2786.91
394,1750.36,2787.91
395,1751.4,2788.91
396,1752.45,2789.91
397,1752.45,2789.91
398,1752.45,2789.91
399,1752.45,2789.91
400,1752.45,2789.91
401,1752.45,2789.91
402,1752.45,2789.91
403,1752.45,2789.91
404,1752.45,2789.91
405,1752.45,2789.91
406,1752.45,2789.91
407,1752.45,2789.91
408,1752.45,2789.91
409,1752.45,2789.91
410,1752.45,2789.91
411,1752.83,2789.91
412,1753.22,2789.79
413,1753.69,2789.79
414,1754.07,2789.79
415,1760.93,2792.12
416,1767.79,2794.56
417,1774.56,2797.0
418,1781.42,2799.33
419,1788.28,2801.66
420,1795.14,2804.1
421,1802.0,2806.54
422,1808.76,2808.87
423,1815.62,2811.3
424,1822.48,2813.63
425,1825.25,2814.52
426,1827.91,2815.3
427,1830.68,2816.18
428,1833.44,2816.96
429,1836.11,2817.85
430,1838.87,2818.62
431,1841.63,2819.51
432,1844.3,2820.29
433,1847.06,2821.17
434,1849.83,2821.95
435,1852.5,2822.84
436,1855.26,2823.61
437,1858.02,2824.5
438,1860.69,2825.27
439,1863.45,2826.16
440,1866.22,2826.94
441,1868.88,2827.82
442,1871.65,2828.6
443,1874.41,2829.49
444,1877.08,2830.26
445,1879.84,2831.15
446,1880.41,2831.15
447,1881.08,2831.04
448,1881.75,2831.04
449,1882.32,2831.04
450,1882.98,2831.04
451,1883.56,2830.93
452,1884.13,2830.93
453,1884.79,2830.93
454,1885.46,2830.82
455,1886.03,2830.82
456,1886.13,2830.71
457,1886.32,2830.71
458,1886.41,2830.6
459,1886.51,2830.49
460,1886.7,2830.37
461,1886.8,2830.37
462,1886.89,2830.26
463,1886.99,2830.15
464,1887.18,2830.15
465,1887.27,2830.04
466,1889.18,2829.93
467,1890.99,2829.82
468,1892.89,2829.71
469,1894.7,2829.49
470,1896.61,2829.38
471,1898.42,2829.27
472,1900.32,2829.15
473,1901.18,2827.49
474,1902.04,2825.83
475,1902.9,2824.17
476,1903.75,2822.5
477,1904.61,2820.84
478,1905.47,2819.18
479,1906.33,2817.51
480,1907.18,2815.85
481,1908.04,2814.19
482,1908.9,2812.52
483,1908.9,2812.52
484,1908.9,2812.52
485,1908.9,2812.52
486,1908.9,2812.52
487,1908.9,2812.52
488,1908.9,2812.52
489,1908.9,2812.52
490,1908.9,2812.52
491,1908.9,2812.52
492,1908.9,2812.52
493,1908.9,2812.52
494,1908.9,2812.52
495,1908.9,2812.52
496,1908.9,2812.52
497,1908.9,2812.52
498,1908.9,2812.52
499,1908.9,2812.52
500,1908.9,2812.52
501,1908.9,2812.52
502,1908.9,2812.52
503,1908.9,2812.52
504,1908.9,2812.52
505,1908.9,2812.52
506,1908.9,2812.52
507,1908.9,2812.52
508,1908.9,2812.52
509,1908.9,2812.52
510,1908.9,2812.52
511,1908.9,2812.52
512,1908.9,2812.52
513,1908.9,2812.52
514,1908.9,2812.52
515,1908.9,2812.52
516,1908.9,2812.52
517,1908.9,2812.52
518,1908.9,2812.52
519,1908.9,2812.52
520,1908.9,2812.52
521,1908.9,2812.52
522,1908.9,2812.52
523,1908.9,2812.52
524,1908.9,2812.52
525,1908.9,2812.52
526,1908.9,2812.52
527,1908.9,2812.52
528,1908.9,2812.52
529,1908.9,2812.52
530,1908.9,2812.52
531,1908.9,2812.52
532,1908.9,2812.52
533,1908.9,2812.52
534,1908.9,2812.52
535,1908.9,2812.52
536,1908.9,2812.52
537,1908.9,2812.52
538,1908.9,2812.52
539,1908.9,2812.52
540,1908.9,2812.52
541,1908.9,2812.52
542,1908.9,2812.52
543,1909.66,2810.64
544,1910.33,2808.87
545,1911.0,2806.98
546,1911.76,2805.1
547,1915.09,2802.99
548,1918.43,2800.77
549,1921.86,2798.66
550,1925.19,2796.56
551,1928.53,2794.34
552,1931.96,2792.23
553,1935.29,2790.13
554,1938.63,2787.91
555,1941.96,2785.8
556,1945.3,2783.59
557,1948.73,2781.48
558,1952.06,2779.37
559,1955.4,2777.16
560,1958.83,2775.05
561,1962.16,2772.94
562,1965.5,2770.72
563,1968.83,2768.62
564,1972.16,2766.51
565,1975.59,2764.29
566,1978.93,2762.19
567,1982.26,2759.97
568,1985.69,2757.86
569,1989.03,2755.76
570,1992.36,2753.54
571,1995.7,2751.43
572,1999.03,2749.33
573,2002.46,2747.11
574,2005.8,2745.0
575,2008.85,2746.55
576,2011.8,2748.0
577,2014.85,2749.55
578,2017.8,2750.99
579,2020.85,2752.54
580,2023.81,2753.98
581,2026.76,2755.54
582,2029.81,2756.98
583,2032.76,2758.42
584,2035.81,2759.97
585,2036.95,2761.3
586,2038.0,2762.74
587,2039.15,2764.07
588,2040.29,2765.51
589,2041.34,2766.84
590,2042.48,2768.29
591,2043.53,2769.62
592,2044.67,2771.06
593,2045.81,2772.39
594,2046.86,2773.83
595,2048.01,2775.16
596,2049.63,2775.6
597,2051.25,2775.94
598,2052.87,2776.38
599,2054.48,2776.71
600,2056.01,2777.16
601,2057.63,2777.49
602,2059.25,2777.93
603,2060.87,2778.26
604,2062.49,2778.71
605,2064.11,2779.15
606,2065.73,2779.48
607,2067.35,2779.93
608,2068.87,2780.26
609,2070.49,2780.7
610,2072.11,2781.04
611,2073.73,2781.48
612,2075.07,2778.6
613,2076.49,2775.6
614,2077.83,2772.72
615,2079.26,2769.84
616,2080.59,2766.84
617,2082.02,2763.96
618,2083.35,2761.08
619,2084.78,2758.09
620,2086.12,2755.2
621,2087.55,2752.32
622,2088.88,2749.33
623,2090.31,2746.44
624,2091.64,2743.56
625,2093.07,2740.57
626,2094.41,2737.68
627,2094.5,2737.13
628,2094.6,2736.69
629,2094.69,2736.13
630,2094.79,2735.69
631,2094.88,2735.13
632,2094.98,2734.58
633,2095.07,2734.14
634,2095.17,2733.58
635,2095.45,2733.14
636,2095.74,2732.7
637,2096.03,2732.14
638,2096.31,2731.7
639,2096.6,2731.25
640,2096.88,2730.81
641,2097.17,2730.26
642,2097.46,2729.81
643,2097.74,2729.37
644,2098.03,2728.93
645,2098.31,2728.48
646,2098.5,2727.93
647,2098.79,2727.48
648,2099.08,2727.04
649,2099.36,2726.6
650,2099.65,2726.04
651,2099.93,2725.6
652,2100.22,2725.16
653,2100.5,2724.71
654,2100.79,2724.16
655,2101.08,2723.71
656,2101.36,2723.27
657,2125.85,2695.11
658,2127.18,2692.45
659,2128.61,2689.68
660,2129.95,2687.02
661,2131.28,2684.24
662,2132.71,2681.58
663,2134.04,2678.81
664,2135.47,2676.04
665,2136.81,2673.38
666,2138.14,2670.61
667,2139.57,2667.95
668,2140.9,2665.17
669,2142.24,2662.51
670,2143.67,2659.74
671,2145.0,2657.08
672,2146.52,2655.75
673,2147.95,2654.53
674,2149.48,2653.2
675,2151.0,2651.98
676,2152.43,2650.65
677,2153.96,2649.43
678,2155.48,2648.1
679,2157.0,2646.88
680,2158.43,2645.55
681,2159.96,2644.33
682,2161.48,2643.0
683,2162.91,2641.78
684,2164.44,2640.45
685,2165.58,2640.0
686,2166.63,2639.56
687,2167.77,2639.23
688,2168.82,2638.79
689,2169.96,2638.34
690,2171.11,2637.9
691,2172.15,2637.45
692,2173.3,2637.12
693,2174.34,2636.68
694,2175.49,2636.24
695,2175.49,2636.35
696,2175.39,2636.35
697,2175.39,2636.46
698,2175.39,2636.57
699,2175.39,2636.68
700,2175.3,2636.68
701,2175.3,2636.79
702,2175.3,2636.9
703,2175.3,2637.01
704,2175.2,2637.01
705,2175.2,2637.12
706,2175.11,2637.45
707,2175.01,2637.79
708,2174.92,2638.12
709,2174.82,2638.45
710,2174.63,2638.9
711,2174.54,2639.23
712,2174.44,2639.56
713,2174.34,2639.89
714,2174.25,2640.23
715,2174.15,2640.23
716,2174.06,2640.23
717,2174.06,2640.34
718,2173.96,2640.34
719,2173.87,2640.34
720,2173.77,2640.34
721,2173.68,2640.34
722,2173.68,2640.45
723,2173.58,2640.45
724,2173.49,2640.45
725,2173.11,2640.34
726,2172.63,2640.23
727,2172.25,2640.12
728,2171.87,2640.0
729,2171.39,2639.89
730,2171.01,2639.67
731,2170.63,2639.56
732,2170.15,2639.45
733,2169.77,2639.34
734,2169.39,2639.23
735,2168.91,2639.12
736,2168.53,2639.01
737,2168.06,2638.9
738,2167.68,2638.79
739,2167.29,2638.67
740,2166.82,2638.45
741,2166.44,2638.34
742,2166.06,2638.23
743,2165.58,2638.12
744,2165.2,2638.01
745,2165.1,2638.01
746,2165.01,2638.01
747,2164.91,2638.01
748,2164.82,2638.01
749,2164.72,2637.9
750,2164.63,2637.9
751,2164.53,2637.9
752,2164.44,2637.9
753,2164.34,2637.9
754,2164.25,2637.9
755,2164.25,2637.9
756,2164.25,2637.9
757,2164.25,2637.9
758,2164.25,2637.9
759,2164.25,2637.9
760,2164.25,2637.9
761,2164.25,2637.9
762,2164.25,2637.9
763,2164.25,2637.9
764,2164.25,2637.9
765,2164.25,2637.9
766,2163.86,2637.57
767,2163.48,2637.34
768,2163.1,2637.01
769,2162.72,2636.68
770,2162.24,2636.46
771,2161.86,2636.12
772,2161.48,2635.79
773,2161.1,2635.57
774,2160.72,2635.24
775,2160.72,2635.24
776,2160.72,2635.24
777,2160.72,2635.24
778,2160.72,2635.24
779,2160.72,2635.24
780,2160.72,2635.24
781,2160.72,2635.24
782,2160.72,2635.24
783,2160.72,2635.24
784,2160.72,2635.24
785,2160.72,2635.24
786,2160.72,2635.24
787,2160.72,2635.24
788,2160.72,2635.24
789,2160.72,2635.24
790,2160.72,2635.24
791,2160.72,2635.24
792,2160.72,2635.24
793,2160.72,2635.24
794,2161.1,2634.24
795,2161.39,2633.35
796,2161.77,2632.35
797,2162.15,2631.36
798,2162.44,2630.36
799,2162.82,2629.47
800,2163.1,2628.47
801,2163.48,2627.48
802,2163.86,2626.48
803,2164.15,2625.59
804,2164.53,2624.59
805,2165.58,2622.93
806,2166.72,2621.27
807,2167.77,2619.49
808,2168.91,2617.83
809,2169.96,2616.17
810,2171.01,2614.5
811,2172.15,2612.84
812,2173.2,2611.07
813,2174.34,2609.4
814,2175.39,2607.74
815,2176.16,2607.85
816,2177.01,2607.96
817,2177.87,2608.07
818,2178.63,2608.18
819,2179.39,2608.3
820,2180.25,2608.41
821,2181.11,2608.52
822,2181.87,2608.63
823,2182.63,2608.74
824,2183.49,2608.85
825,2183.87,2608.85
826,2184.25,2608.74
827,2184.64,2608.63
828,2185.02,2608.63
829,2185.49,2608.52
830,2185.87,2608.52
831,2186.25,2608.52
832,2186.64,2608.41
833,2187.02,2608.41
834,2187.4,2608.3
835,2187.4,2608.63
836,2187.49,2608.85
837,2187.49,2609.18
838,2187.59,2609.4
839,2187.59,2609.74
840,2187.59,2609.96
841,2187.68,2610.18
842,2187.68,2610.51
843,2187.78,2610.73
844,2187.78,2611.07
845,2187.4,2610.51
846,2187.11,2609.96
847,2186.73,2609.51
848,2186.45,2608.96
849,2186.06,2608.41
850,2185.78,2607.85
851,2185.49,2607.41
852,2185.11,2606.85
853,2184.83,2606.3
854,2184.44,2605.75
855,2184.06,2605.3
856,2183.78,2604.75
857,2183.4,2604.19
858,2183.11,2603.64
859,2182.82,2603.2
860,2182.44,2602.64
861,2182.16,2602.09
862,2181.78,2601.64
863,2181.49,2601.09
864,2181.11,2600.53
865,2180.82,2599.43
866,2180.44,2598.32
867,2180.16,2597.32
868,2179.78,2596.21
869,2179.49,2595.1
870,2179.2,2593.99
871,2178.82,2592.88
872,2178.54,2591.89
873,2178.16,2590.78
874,2177.87,2589.67
875,2178.63,2589.45
876,2179.49,2589.11
877,2180.25,2588.89
878,2181.11,2588.56
879,2181.87,2588.34
880,2182.63,2588.12
881,2183.49,2587.78
882,2184.25,2587.56
883,2185.11,2587.23
884,2185.87,2587.01
885,2186.06,2586.79
886,2186.35,2586.67
887,2186.54,2586.45
888,2186.73,2586.34
889,2187.02,2586.12
890,2187.21,2585.9
891,2187.4,2585.79
892,2187.59,2585.57
893,2187.87,2585.46
894,2188.07,2585.23
895,2188.73,2584.9
896,2189.4,2584.68
897,2189.97,2584.35
898,2190.64,2584.01
899,2191.3,2583.79
900,2191.97,2583.46
901,2192.64,2583.13
902,2193.21,2582.79
903,2193.88,2582.57
904,2194.54,2582.24
905,2194.93,2582.57
906,2195.31,2583.02
907,2195.69,2583.35
908,2196.07,2583.79
909,2196.45,2584.12
910,2196.83,2584.46
911,2197.21,2584.9
912,2197.59,2585.23
913,2197.97,2585.68
914,2198.36,2586.01
915,2198.74,2586.34
916,2199.02,2586.79
917,2199.4,2587.12
918,2199.78,2587.56
919,2200.17,2587.89
920,2200.55,2588.34
921,2200.93,2588.67
922,2201.31,2589.0
923,2201.69,2589.45
924,2202.07,2589.78
925,2202.45,2590.22
926,2202.83,2590.56
927,2202.83,2590.56
928,2202.83,2590.56
929,2202.83,2590.56
930,2202.83,2590.56
931,2202.83,2590.56
932,2202.83,2590.56
933,2202.83,2590.56
934,2202.83,2590.56
935,2202.83,2590.56
936,2202.83,2590.56
937,2202.83,2590.56
938,2202.83,2590.56
939,2202.83,2590.56
940,2202.83,2590.56
941,2202.83,2590.56
942,2202.83,2590.56
943,2202.83,2590.56
944,2202.83,2590.56
945,2202.83,2590.56
