0,1927.29,1484.26
1,1928.15,1484.7
2,1929.0,1485.26
3,1929.96,1485.81
4,1930.81,1486.26
5,1931.67,1486.81
6,1932.53,1487.25
7,1933.39,1487.7
8,1934.34,1488.25
9,1935.2,1488.81
10,1936.05,1489.25
11,1937.01,1486.37
12,1937.86,1483.49
13,1938.82,1480.6
14,1939.77,1477.72
15,1940.72,1474.84
16,1941.58,1471.95
17,1942.53,1469.07
18,1943.49,1466.19
19,1944.44,1463.31
20,1945.3,1460.31
21,1946.25,1457.43
22,1947.2,1454.55
23,1948.15,1451.66
24,1949.01,1448.78
25,1949.96,1445.9
26,1950.92,1443.02
27,1951.87,1440.13
28,1952.73,1437.25
29,1953.68,1434.37
30,1955.4,1426.72
31,1957.11,1418.96
32,1958.83,1411.31
33,1960.54,1403.66
34,1962.26,1396.01
35,1963.88,1388.25
36,1965.59,1380.59
37,1967.31,1372.94
38,1969.02,1365.29
39,1970.74,1357.53
40,1972.45,1349.88
41,1972.83,1346.56
42,1973.31,1343.23
43,1973.69,1340.02
44,1974.07,1336.69
45,1974.45,1333.36
46,1974.93,1330.04
47,1975.31,1326.71
48,1975.69,1323.5
49,1976.17,1320.17
50,1976.55,1316.84
51,1976.93,1313.52
52,1977.31,1310.3
53,1977.79,1306.97
54,1978.17,1303.65
55,1980.64,1294.45
56,1983.12,1285.35
57,1985.6,1276.15
58,1988.08,1266.95
59,1990.55,1257.86
60,1993.03,1248.66
61,1994.08,1245.44
62,1995.03,1242.22
63,1996.08,1238.9
64,1997.13,1235.68
65,1998.08,1232.47
66,1999.13,1229.25
67,2000.18,1226.04
68,2001.22,1222.71
69,2002.18,1219.5
70,2003.23,1216.28
71,2003.99,1213.62
72,2004.65,1210.85
73,2005.42,1208.19
74,2006.08,1205.53
75,2006.85,1202.75
76,2007.51,1200.09
77,2008.27,1197.32
78,2008.94,1194.66
79,2009.7,1192.0
80,2010.37,1189.23
81,2011.13,1186.57
82,2011.8,1183.91
83,2012.56,1181.13
84,2013.23,1178.47
85,2013.99,1175.7
86,2014.66,1173.04
87,2015.42,1170.38
88,2016.09,1167.61
89,2016.85,1164.95
90,2017.23,1163.06
91,2017.52,1161.29
92,2017.9,1159.4
93,2018.28,1157.52
94,2018.57,1155.63
95,2018.95,1153.86
96,2019.23,1151.97
97,2019.61,1150.09
98,2019.99,1148.2
99,2020.28,1146.43
100,2020.66,1144.55
101,2021.42,1141.77
102,2022.09,1138.89
103,2022.85,1136.01
104,2023.61,1133.24
105,2024.38,1130.46
106,2025.04,1127.58
107,2025.81,1124.81
108,2026.57,1121.93
109,2027.24,1119.04
110,2028.0,1116.27
111,2029.52,1110.17
112,2031.14,1104.08
113,2032.67,1097.98
114,2034.29,1091.88
115,2035.81,1085.78
116,2037.43,1079.68
117,2039.05,1073.59
118,2040.57,1067.49
119,2042.19,1061.39
120,2043.72,1055.29
121,2044.96,1049.64
122,2046.2,1043.87
123,2047.43,1038.22
124,2048.67,1032.56
125,2049.91,1026.8
126,2051.15,1021.14
127,2052.39,1015.49
128,2053.63,1009.83
129,2054.87,1004.07
130,2056.1,998.41
131,2057.15,997.75
132,2058.3,997.19
133,2059.34,996.53
134,2060.39,995.86
135,2061.44,995.2
136,2062.58,994.64
137,2063.63,993.98
138,2064.68,993.31
139,2065.82,992.76
140,2066.87,992.09
141,2067.92,991.43
142,2069.06,990.88
143,2070.11,990.21
144,2071.16,989.54
145,2072.21,988.88
146,2073.35,988.32
147,2074.4,987.66
148,2074.59,987.55
149,2074.68,987.44
150,2074.87,987.44
151,2074.97,987.33
152,2075.16,987.22
153,2075.35,987.11
154,2075.45,986.99
155,2075.64,986.99
156,2075.73,986.88
157,2075.92,986.77
158,2076.59,985.22
159,2077.35,983.78
160,2078.02,982.23
161,2078.78,980.67
162,2079.45,979.23
163,2080.21,977.68
164,2080.88,976.13
165,2081.64,974.69
166,2082.31,973.14
167,2081.16,969.48
168,2079.92,965.93
169,2078.78,962.27
170,2077.54,958.61
171,2076.3,955.06
172,2075.16,951.4
173,2073.92,947.75
174,2072.78,944.09
175,2071.54,940.54
176,2070.4,936.88
177,2070.02,935.44
178,2069.73,934.0
179,2069.35,932.44
180,2069.06,931.0
181,2068.68,929.56
182,2068.4,928.12
183,2068.01,926.68
184,2067.73,925.13
185,2067.44,923.69
186,2067.06,922.24
187,2067.25,922.13
188,2067.44,922.13
189,2067.63,922.02
190,2067.82,922.02
191,2068.01,921.91
192,2068.3,921.91
193,2068.49,921.8
194,2068.68,921.8
195,2068.87,921.69
196,2069.06,921.69
197,2069.25,921.58
198,2069.44,921.47
199,2069.63,921.47
200,2069.82,921.36
201,2070.11,921.36
202,2070.3,921.25
203,2070.49,921.25
204,2070.68,921.14
205,2070.87,921.14
206,2071.06,921.02
207,2070.68,921.14
208,2070.4,921.25
209,2070.02,921.36
210,2069.63,921.47
211,2069.35,921.69
212,2068.97,921.8
213,2068.59,921.91
214,2068.21,922.02
215,2067.92,922.13
216,2067.54,922.24
217,2067.25,920.14
218,2066.97,918.03
219,2066.68,915.92
220,2066.49,913.71
221,2066.2,911.6
222,2065.92,909.49
223,2067.06,904.62
224,2068.21,899.74
225,2069.35,894.86
226,2070.49,889.98
227,2071.64,885.1
228,2072.78,880.11
229,2073.92,875.23
230,2075.07,870.36
231,2076.21,865.48
232,2077.35,860.6
233,2077.26,859.27
234,2077.16,857.83
235,2077.07,856.5
236,2076.97,855.06
237,2076.88,853.72
238,2072.21,850.84
239,2067.54,848.07
240,2062.87,845.19
241,2058.2,842.42
242,2053.53,839.53
243,2048.67,838.31
244,2043.72,836.98
245,2038.76,835.76
246,2033.9,834.43
247,2028.95,833.21
248,2024.09,831.88
249,2019.23,830.66
250,2014.28,829.33
251,2009.32,828.11
252,2004.46,826.78
253,2002.18,825.78
254,1999.89,824.79
255,1997.6,823.79
256,1995.32,822.79
257,1992.94,821.79
258,1990.65,820.8
259,1988.36,819.8
260,1986.08,818.8
261,1983.79,817.8
262,1981.5,816.69
263,1979.22,815.7
264,1976.93,814.7
265,1974.64,813.7
266,1972.36,812.7
267,1969.97,811.7
268,1967.69,810.71
269,1965.4,809.71
270,1963.11,808.71
271,1960.83,807.71
272,1958.54,808.27
273,1956.35,808.93
274,1954.06,809.49
275,1951.87,810.15
276,1949.58,810.71
277,1949.01,811.81
278,1948.54,812.92
279,1947.96,813.92
280,1947.49,815.03
281,1946.92,816.14
282,1946.44,817.25
283,1945.87,818.36
284,1945.39,819.35
285,1944.82,820.46
286,1944.34,821.57
287,1943.49,826.34
288,1942.63,831.22
289,1941.77,835.98
290,1940.91,840.75
291,1940.06,845.52
292,1939.2,850.4
293,1938.34,855.17
294,1937.48,859.93
295,1936.63,864.81
296,1935.77,869.58
297,1935.77,872.13
298,1935.67,874.68
299,1935.67,877.23
300,1935.58,879.78
301,1935.58,882.33
302,1935.58,884.88
303,1935.48,887.43
304,1935.48,889.98
305,1935.39,892.53
306,1935.39,895.08
307,1935.01,898.18
308,1934.72,901.4
309,1934.34,904.5
310,1934.05,907.72
311,1933.67,910.82
312,1933.2,913.82
313,1932.62,916.92
314,1932.15,919.92
315,1931.58,922.91
316,1931.1,926.01
317,1930.53,929.01
318,1930.05,932.0
319,1929.48,935.11
320,1929.0,938.1
321,1928.43,941.2
322,1927.96,944.2
323,1927.38,947.19
324,1926.91,950.3
325,1926.34,953.29
326,1925.86,956.28
327,1925.29,959.39
328,1924.81,962.38
329,1924.81,963.27
330,1924.81,964.15
331,1924.81,965.04
332,1924.81,965.93
333,1924.81,966.82
334,1924.81,967.7
335,1924.81,968.59
336,1924.81,969.48
337,1924.81,970.36
338,1924.81,970.36
339,1924.81,970.36
340,1924.81,970.36
341,1924.81,970.36
342,1924.81,970.36
343,1924.81,970.36
344,1924.81,970.36
345,1924.81,970.36
346,1924.81,970.36
347,1924.81,970.36
348,1924.81,970.36
349,1924.81,970.36
350,1924.81,970.36
351,1924.81,970.36
352,1924.81,970.36
353,1924.81,970.36
354,1924.81,970.36
355,1924.81,970.36
356,1924.81,970.36
357,1924.81,970.36
358,1924.81,970.36
359,1924.81,970.36
360,1924.81,970.36
361,1924.81,970.36
362,1924.81,970.36
363,1924.81,970.36
364,1923.86,970.47
365,1922.91,970.59
366,1922.05,970.81
367,1921.1,970.92
368,1920.14,971.03
369,1919.95,973.14
370,1919.67,975.24
371,1919.48,977.24
372,1919.29,979.34
373,1919.0,981.45
374,1918.81,983.45
375,1918.62,985.55
376,1918.43,987.66
377,1918.14,989.77
378,1917.95,991.87
379,1917.76,993.87
380,1917.47,995.98
381,1917.28,998.08
382,1917.09,1000.19
383,1916.81,1002.18
384,1916.62,1004.29
385,1916.43,1006.4
386,1916.24,1008.39
387,1915.95,1010.5
388,1915.76,1012.61
389,1916.14,1012.83
390,1916.52,1013.05
391,1916.81,1013.27
392,1917.19,1013.49
393,1917.57,1013.71
394,1917.95,1013.83
395,1918.33,1014.05
396,1918.62,1014.27
397,1919.0,1014.49
398,1919.38,1014.71
399,1919.38,1017.15
400,1919.38,1019.48
401,1919.38,1021.92
402,1919.29,1022.14
403,1919.29,1022.36
404,1919.19,1022.58
405,1919.09,1022.81
406,1919.0,1023.03
407,1919.0,1023.25
408,1918.9,1023.36
409,1918.81,1023.58
410,1918.81,1023.8
411,1918.71,1024.03
412,1918.62,1024.25
413,1918.52,1024.47
414,1918.52,1024.69
415,1918.43,1024.91
416,1918.33,1025.13
417,1918.33,1025.36
418,1918.24,1025.58
419,1918.14,1025.8
420,1918.05,1026.02
421,1918.05,1026.24
422,1917.95,1026.35
423,1917.86,1026.58
424,1917.86,1026.8
425,1917.76,1027.02
426,1917.67,1027.24
427,1917.57,1027.46
428,1917.57,1027.68
429,1917.47,1027.91
430,1917.38,1028.13
431,1917.38,1028.35
432,1917.28,1028.57
433,1917.19,1028.79
434,1917.09,1029.02
435,1917.09,1029.24
436,1917.0,1029.35
437,1916.9,1029.57
438,1916.9,1029.79
439,1916.81,1030.01
440,1916.71,1030.24
441,1916.62,1030.46
442,1916.62,1030.68
443,1916.52,1030.9
444,1916.43,1031.12
445,1916.43,1031.34
446,1916.33,1031.57
447,1916.24,1031.79
448,1916.14,1032.01
449,1916.14,1032.12
450,1916.05,1032.34
451,1915.95,1032.56
452,1915.95,1032.79
453,1915.86,1033.01
454,1915.76,1033.23
455,1915.66,1033.45
456,1915.66,1033.67
457,1915.57,1033.89
458,1915.47,1034.12
459,1915.38,1034.34
460,1915.38,1034.56
461,1915.28,1034.78
462,1915.19,1035.0
463,1915.19,1035.11
464,1915.09,1035.34
465,1915.0,1035.56
466,1914.9,1035.78
467,1914.9,1036.0
468,1914.81,1036.22
469,1914.71,1036.44
470,1914.71,1036.67
471,1914.62,1036.89
472,1914.52,1037.11
473,1914.43,1037.33
474,1914.43,1037.55
475,1914.33,1037.77
476,1914.24,1037.89
477,1914.24,1038.11
478,1914.14,1038.33
479,1914.04,1038.55
480,1913.95,1038.77
481,1913.95,1038.99
482,1913.85,1039.22
483,1913.76,1039.44
484,1913.76,1039.66
485,1913.66,1039.88
486,1913.57,1040.1
487,1913.47,1040.32
488,1913.47,1040.55
489,1913.38,1040.77
490,1913.28,1040.88
491,1913.28,1041.1
492,1913.19,1041.32
493,1913.09,1041.54
494,1913.0,1041.77
495,1913.0,1041.99
496,1912.9,1042.21
497,1912.81,1042.43
498,1912.81,1042.65
499,1912.71,1042.87
500,1912.62,1043.1
501,1912.52,1043.32
502,1912.52,1043.54
503,1912.43,1043.76
504,1912.33,1043.87
505,1912.33,1044.09
506,1912.23,1044.32
507,1912.14,1044.54
508,1912.04,1044.76
509,1912.04,1044.98
510,1911.95,1045.2
511,1896.32,1095.21
512,1894.99,1095.76
513,1893.66,1096.32
514,1892.32,1096.87
515,1890.99,1097.42
516,1889.65,1097.98
517,1888.22,1098.53
518,1886.89,1099.09
519,1885.56,1099.64
520,1884.22,1100.2
521,1882.89,1100.75
522,1881.55,1101.3
523,1881.65,1101.42
524,1881.75,1101.42
525,1881.84,1101.53
526,1881.94,1101.64
527,1882.03,1101.75
528,1882.13,1101.75
529,1882.22,1101.86
530,1882.32,1101.97
531,1882.41,1101.97
532,1882.51,1102.08
533,1882.6,1102.3
534,1882.7,1102.64
535,1882.79,1102.86
536,1882.89,1103.19
537,1882.98,1103.41
538,1882.98,1103.74
539,1883.08,1103.97
540,1883.17,1104.3
541,1883.27,1104.52
542,1883.37,1104.85
543,1883.46,1105.07
544,1883.75,1106.29
545,1884.03,1107.51
546,1884.41,1108.73
547,1884.7,1109.95
548,1884.98,1111.17
549,1885.27,1112.39
550,1885.56,1113.61
551,1885.84,1114.83
552,1886.22,1116.05
553,1886.51,1117.27
554,1886.8,1118.49
555,1887.08,1119.6
556,1887.37,1120.82
557,1887.75,1122.04
558,1888.03,1123.26
559,1888.32,1124.48
560,1888.61,1125.7
561,1888.89,1126.92
562,1889.18,1128.14
563,1889.56,1129.36
564,1889.84,1130.58
565,1890.13,1131.8
566,1890.13,1131.8
567,1890.03,1131.91
568,1890.03,1131.91
569,1889.94,1131.91
570,1889.94,1132.02
571,1889.84,1132.02
572,1889.84,1132.02
573,1889.84,1132.13
574,1889.75,1132.13
575,1889.75,1132.13
576,1889.65,1132.24
577,1889.65,1132.24
578,1890.13,1132.46
579,1890.61,1132.57
580,1891.08,1132.79
581,1891.46,1132.9
582,1891.94,1133.13
583,1892.42,1133.35
584,1892.89,1133.46
585,1893.37,1133.68
586,1893.85,1133.79
587,1894.32,1134.01
588,1894.8,1134.23
589,1895.18,1134.35
590,1895.66,1134.57
591,1896.13,1134.68
592,1896.61,1134.9
593,1897.09,1135.12
594,1897.56,1135.23
595,1898.04,1135.45
596,1898.51,1135.56
597,1898.9,1135.79
598,1899.37,1136.01
599,1899.85,1136.12
600,1900.32,1136.34
601,1900.8,1136.45
602,1901.28,1136.67
603,1901.75,1136.78
604,1902.23,1137.01
605,1902.61,1137.23
606,1903.09,1137.34
607,1903.56,1137.56
608,1904.04,1137.67
609,1904.52,1137.89
610,1904.99,1138.11
611,1905.47,1138.23
612,1905.95,1138.45
613,1906.33,1138.56
614,1906.8,1138.78
615,1907.28,1139.0
616,1907.76,1139.11
617,1908.23,1139.33
618,1908.71,1139.45
619,1909.19,1139.67
620,1909.66,1139.89
621,1910.04,1140.0
622,1910.52,1140.22
623,1911.0,1140.33
624,1911.47,1140.55
625,1908.42,1147.54
626,1905.28,1154.63
627,1902.23,1161.62
628,1899.18,1168.72
629,1896.04,1175.81
630,1892.99,1182.8
631,1891.94,1184.57
632,1890.8,1186.34
633,1889.75,1188.01
634,1888.61,1189.78
635,1887.56,1191.56
636,1886.41,1193.33
637,1885.37,1194.99
638,1884.22,1196.77
639,1883.17,1198.54
640,1882.7,1199.32
641,1882.32,1200.09
642,1881.84,1200.87
643,1881.36,1201.65
644,1880.89,1202.42
645,1880.51,1203.2
646,1880.03,1203.97
647,1879.55,1204.75
648,1879.17,1205.53
649,1878.7,1206.3
650,1878.32,1208.3
651,1878.03,1210.29
652,1877.65,1212.29
653,1877.36,1214.28
654,1876.98,1216.28
655,1876.6,1218.28
656,1876.31,1220.27
657,1875.93,1222.27
658,1875.65,1224.26
659,1875.27,1226.26
660,1875.36,1227.37
661,1875.46,1228.48
662,1875.46,1229.7
663,1875.55,1230.8
664,1875.65,1231.91
665,1875.74,1233.02
666,1875.84,1234.13
667,1875.93,1235.24
668,1876.03,1236.35
669,1876.03,1237.57
670,1876.12,1238.68
671,1876.22,1239.79
672,1876.31,1240.89
673,1876.41,1242.0
674,1876.51,1243.11
675,1876.51,1244.33
676,1876.6,1245.44
677,1876.7,1246.55
678,1876.79,1247.66
679,1876.89,1248.77
680,1876.98,1249.99
681,1876.98,1251.09
682,1877.08,1252.2
683,1877.17,1253.31
684,1877.27,1254.42
685,1877.36,1255.53
686,1877.46,1256.64
687,1877.46,1257.86
688,1877.55,1258.97
689,1877.65,1260.08
690,1878.41,1259.96
691,1879.17,1259.74
692,1879.94,1259.63
693,1880.7,1259.52
694,1881.55,1259.3
695,1882.32,1259.19
696,1883.08,1259.08
697,1883.84,1258.86
698,1884.6,1258.74
699,1884.6,1258.74
700,1884.6,1258.74
701,1884.6,1258.74
702,1884.6,1258.74
703,1884.6,1258.74
704,1884.6,1258.74
705,1884.6,1258.74
706,1884.6,1258.74
707,1884.6,1258.74
708,1884.6,1258.74
709,1885.56,1258.74
710,1886.51,1258.74
711,1887.37,1258.86
712,1888.32,1258.86
713,1889.27,1258.86
714,1890.23,1258.86
715,1891.18,1258.86
716,1892.13,1258.86
717,1892.99,1258.97
718,1893.94,1258.97
719,1894.89,1258.97
720,1894.13,1259.74
721,1893.27,1260.52
722,1892.51,1261.3
723,1891.65,1262.07
724,1890.89,1262.74
725,1890.03,1263.51
726,1889.27,1264.29
727,1888.41,1265.06
728,1887.65,1265.84
729,1886.6,1269.17
730,1885.65,1272.38
731,1884.6,1275.71
732,1883.56,1279.03
733,1882.6,1282.36
734,1881.55,1285.69
735,1880.51,1288.9
736,1879.46,1292.23
737,1878.51,1295.55
738,1877.46,1298.88
739,1876.41,1302.1
740,1875.46,1305.42
741,1874.41,1308.75
742,1873.36,1312.08
743,1872.31,1315.29
744,1871.36,1318.62
745,1870.31,1321.94
746,1869.26,1325.27
747,1868.31,1328.48
748,1867.26,1331.81
749,1868.12,1333.58
750,1868.88,1335.25
751,1869.74,1337.02
752,1870.6,1338.68
753,1871.36,1340.46
754,1872.22,1342.12
755,1873.08,1343.9
756,1873.93,1345.56
757,1874.69,1347.33
758,1875.55,1349.0
759,1876.41,1349.99
760,1877.17,1350.88
761,1878.03,1351.88
762,1878.89,1352.77
763,1879.74,1353.76
764,1880.51,1354.76
765,1881.36,1355.65
766,1882.22,1356.65
767,1882.98,1357.53
768,1883.84,1358.53
769,1884.7,1359.09
770,1885.46,1359.64
771,1886.22,1360.3
772,1887.08,1360.86
773,1887.94,1361.41
774,1888.7,1361.97
775,1889.46,1362.52
776,1890.32,1363.19
777,1891.18,1363.74
778,1891.94,1364.3
779,1892.7,1365.07
780,1893.46,1365.85
781,1894.23,1366.62
782,1894.99,1367.4
783,1895.75,1368.18
784,1896.51,1369.06
785,1897.28,1369.84
786,1898.04,1370.62
787,1898.8,1371.39
788,1899.56,1372.17
789,1900.32,1372.94
790,1900.23,1373.28
791,1900.13,1373.61
792,1900.04,1373.94
793,1899.94,1374.16
794,1899.85,1374.5
795,1899.75,1374.83
796,1899.66,1375.16
797,1899.56,1375.49
798,1899.47,1375.83
799,1899.47,1376.05
800,1899.37,1376.38
801,1899.28,1376.71
802,1899.18,1377.05
803,1899.09,1377.38
804,1898.99,1377.71
805,1898.9,1377.93
806,1898.8,1378.27
807,1898.7,1378.6
808,1898.61,1378.93
809,1898.51,1379.15
810,1898.42,1379.38
811,1898.32,1379.6
812,1898.23,1379.82
813,1898.13,1380.04
814,1898.04,1380.26
815,1897.94,1380.48
816,1897.85,1380.71
817,1897.75,1380.93
818,1897.66,1381.15
819,1897.66,1381.15
820,1897.66,1381.15
821,1897.66,1381.15
822,1897.66,1381.15
823,1897.66,1381.15
824,1897.66,1381.15
825,1897.66,1381.15
826,1897.66,1381.15
827,1897.66,1381.15
828,1897.66,1381.15
829,1897.75,1381.04
830,1897.75,1380.82
831,1897.85,1380.71
832,1897.85,1380.59
833,1897.94,1380.48
834,1897.94,1380.26
835,1898.04,1380.15
836,1898.04,1380.04
837,1898.13,1379.93
838,1898.13,1379.71
839,1898.23,1379.6
840,1898.23,1379.49
841,1898.32,1379.38
842,1898.32,1379.15
843,1898.42,1379.04
844,1898.42,1378.93
845,1898.51,1378.82
846,1898.51,1378.6
847,1898.61,1378.49
848,1918.62,1395.56
849,1922.33,1396.12
850,1926.05,1396.67
851,1929.77,1397.23
852,1933.58,1397.89
853,1937.29,1398.45
854,1941.01,1399.0
855,1944.72,1399.55
856,1948.44,1400.11
857,1952.16,1400.66
858,1955.97,1401.22
859,1959.68,1401.88
860,1963.4,1402.44
861,1967.11,1402.99
862,1970.83,1403.55
863,1974.55,1404.1
864,1978.26,1404.65
865,1982.07,1405.32
866,1985.79,1405.87
867,1989.51,1406.43
868,1993.22,1406.98
869,1997.51,1406.21
870,2001.8,1405.43
871,2006.08,1404.54
872,2010.37,1403.77
873,2014.66,1402.99
874,2018.95,1402.22
875,2023.23,1401.44
876,2027.52,1400.55
877,2031.81,1399.78
878,2036.1,1399.0
879,2036.95,1397.56
880,2037.81,1396.23
881,2038.67,1394.79
882,2039.53,1393.46
883,2040.38,1392.01
884,2041.15,1390.68
885,2042.0,1389.24
886,2042.86,1387.91
887,2043.72,1386.47
888,2044.58,1385.14
889,2045.43,1383.7
890,2045.43,1383.7
891,2045.43,1383.7
892,2045.43,1383.7
893,2045.43,1383.7
894,2045.43,1383.7
895,2045.43,1383.7
896,2045.43,1383.7
897,2045.43,1383.7
898,2045.43,1383.7
899,2045.43,1383.7
900,2046.2,1382.59
901,2046.96,1381.48
902,2047.62,1380.26
903,2048.39,1379.15
904,2049.15,1378.04
905,2049.91,1376.94
906,2050.58,1375.72
907,2051.34,1374.61
908,2052.1,1373.5
909,2052.96,1374.61
910,2053.91,1375.72
911,2054.77,1376.83
912,2055.72,1377.93
913,2056.58,1379.04
914,2057.53,1380.15
915,2058.39,1381.26
916,2059.34,1382.37
917,2060.2,1383.48
918,2061.06,1384.59
919,2062.01,1385.69
920,2062.87,1386.8
921,2063.82,1387.91
922,2064.68,1389.02
923,2065.63,1390.13
924,2066.49,1391.24
925,2067.44,1392.35
926,2068.3,1393.46
927,2069.25,1394.56
928,2070.11,1395.67
929,2070.68,1398.45
930,2071.25,1401.22
931,2071.83,1403.99
932,2070.21,1408.2
933,2068.59,1412.3
934,2067.06,1416.52
935,2065.44,1420.73
936,2063.82,1424.83
937,2062.2,1429.05
938,2060.58,1433.15
939,2058.96,1437.36
940,2057.44,1441.58
941,2055.82,1445.68
942,2054.2,1449.89
943,2052.01,1451.89
944,2049.82,1453.77
945,2047.72,1455.77
