0,2359.28,1784.95
1,2358.23,1784.4
2,2357.09,1783.84
3,2356.04,1783.29
4,2354.9,1782.62
5,2353.85,1782.07
6,2352.71,1781.51
7,2349.18,1780.07
8,2345.75,1778.63
9,2342.23,1777.19
10,2338.7,1775.75
11,2335.17,1774.31
12,2331.74,1772.86
13,2328.22,1771.42
14,2324.69,1769.98
15,2321.26,1768.54
16,2317.74,1767.1
17,2314.21,1765.66
18,2310.69,1764.22
19,2307.26,1762.78
20,2303.73,1761.33
21,2300.21,1759.89
22,2296.78,1758.45
23,2293.25,1757.01
24,2289.73,1755.57
25,2286.2,1754.13
26,2282.77,1752.69
27,2279.25,1751.24
28,2275.63,1748.47
29,2271.91,1745.7
30,2268.29,1742.93
31,2264.57,1740.16
32,2260.95,1737.39
33,2257.33,1734.61
34,2253.62,1731.84
35,2250.0,1729.07
36,2246.28,1726.3
37,2242.66,1723.53
38,2237.32,1722.31
39,2231.99,1720.98
40,2226.75,1719.76
41,2221.41,1718.54
42,2216.08,1717.32
43,2210.74,1715.99
44,2205.41,1714.77
45,2200.17,1713.55
46,2194.83,1712.22
47,2189.49,1711.0
48,2184.54,1708.11
49,2179.49,1705.34
50,2174.54,1702.57
51,2169.58,1699.69
52,2164.63,1696.81
53,2159.58,1694.03
54,2154.62,1691.15
55,2149.67,1688.38
56,2144.62,1685.5
57,2139.66,1682.72
58,2134.8,1681.17
59,2130.04,1679.73
60,2125.18,1678.18
61,2120.32,1676.63
62,2115.56,1675.19
63,2110.7,1673.63
64,2105.84,1672.08
65,2100.98,1670.53
66,2096.22,1669.09
67,2091.36,1667.53
68,2088.21,1666.09
69,2085.16,1664.76
70,2082.02,1663.32
71,2078.88,1661.99
72,2075.73,1660.55
73,2072.68,1659.22
74,2069.54,1657.78
75,2066.39,1656.45
76,2063.35,1655.01
77,2060.2,1653.68
78,2057.06,1652.23
79,2053.91,1650.9
80,2050.86,1649.46
81,2047.72,1648.13
82,2044.58,1646.69
83,2041.53,1645.36
84,2038.38,1643.92
85,2035.24,1642.59
86,2032.09,1641.15
87,2029.05,1639.82
88,2025.9,1638.38
89,2024.38,1637.6
90,2022.95,1636.82
91,2021.42,1636.05
92,2019.99,1635.16
93,2018.47,1634.38
94,2017.04,1633.61
95,2015.52,1632.83
96,2013.99,1632.06
97,2012.56,1631.28
98,2011.04,1630.5
99,2009.61,1629.62
100,2008.08,1628.84
101,2006.66,1628.06
102,2005.13,1627.29
103,2005.13,1627.29
104,2005.13,1627.29
105,2005.13,1627.29
106,2005.13,1627.29
107,2005.13,1627.29
108,2005.13,1627.29
109,2005.13,1627.29
110,2005.13,1627.29
111,2005.13,1627.29
112,2005.13,1627.29
113,2005.13,1627.29
114,2005.13,1627.29
115,2005.13,1627.29
116,2005.13,1627.29
117,2005.13,1627.29
118,2005.13,1627.29
119,2005.13,1627.29
120,2005.13,1627.29
121,2005.13,1627.29
122,2005.13,1627.29
123,2005.13,1627.29
124,2005.13,1627.29
125,2005.13,1627.29
126,2005.13,1627.29
127,2005.13,1627.29
128,2005.13,1627.29
129,2005.13,1627.29
130,2005.13,1627.29
131,2005.13,1627.29
132,2005.13,1627.29
133,2005.13,1627.29
134,2005.13,1627.29
135,2005.13,1627.29
136,2005.13,1627.29
137,2005.13,1627.29
138,2005.13,1627.29
139,2005.13,1627.29
140,2005.13,1627.29
141,2005.13,1627.29
142,2005.13,1627.29
143,2005.13,1627.29
144,2005.13,1627.29
145,2005.13,1627.29
146,2005.13,1627.29
147,2005.13,1627.29
148,2005.13,1627.29
149,2005.13,1627.29
150,2005.13,1627.29
151,2005.13,1627.29
152,2005.13,1627.29
153,2005.13,1627.29
154,2005.13,1627.29
155,2005.13,1627.29
156,2005.13,1627.29
157,2005.13,1627.29
158,2005.13,1627.29
159,2005.13,1627.29
160,2005.13,1627.29
161,2005.13,1627.29
162,2005.13,1627.29
163,2005.13,1627.29
164,2005.13,1627.29
165,2005.13,1627.29
166,2005.13,1627.29
167,2005.13,1627.29
168,2005.13,1627.29
169,2005.13,1627.29
170,2005.13,1627.29
171,2005.13,1627.29
172,2005.13,1627.29
173,2005.13,1627.29
174,2005.13,1627.29
175,2005.13,1627.29
176,2005.13,1627.29
177,2005.13,1627.29
178,2005.13,1627.29
179,2005.13,1627.29
180,2005.13,1627.29
181,2005.13,1627.29
182,2005.13,1627.29
183,2005.13,1627.29
184,2005.13,1627.29
185,2005.13,1627.29
186,2005.13,1627.29
187,2005.13,1627.29
188,2005.13,1627.29
189,2005.13,1627.29
190,2005.13,1627.29
191,2005.13,1627.29
192,2005.13,1627.29
193,2005.13,1627.29
194,2005.13,1627.29
195,2005.13,1627.29
196,2005.13,1627.29
197,2005.13,1627.29
198,2005.13,1627.29
199,2005.13,1627.29
200,2005.13,1627.29
201,2005.13,1627.29
202,2005.13,1627.29
203,2005.13,1627.29
204,2005.13,1627.29
205,2005.13,1627.29
206,2005.13,1627.29
207,2005.13,1627.29
208,2005.13,1627.18
209,2005.13,1627.18
210,2005.13,1627.18
211,2005.13,1627.07
212,2005.13,1627.07
213,2005.13,1627.07
214,2005.13,1627.07
215,2005.13,1626.96
216,2005.13,1626.96
217,2005.13,1626.96
218,2005.13,1626.84
219,2005.13,1626.84
220,2003.89,1626.4
221,2002.56,1626.07
222,2001.32,1625.62
223,1999.99,1625.18
224,1998.75,1624.74
225,1997.41,1624.41
226,1996.17,1623.96
227,1994.84,1623.52
228,1992.46,1622.08
229,1990.08,1620.52
230,1987.69,1619.08
231,1985.31,1617.64
232,1982.93,1616.09
233,1980.55,1614.65
234,1978.17,1613.21
235,1975.79,1611.65
236,1973.4,1610.21
237,1972.16,1609.33
238,1971.02,1608.44
239,1969.78,1607.66
240,1968.54,1606.78
241,1967.4,1605.89
242,1966.16,1605.0
243,1964.92,1604.12
244,1963.68,1603.34
245,1962.54,1602.45
246,1961.3,1601.57
247,1959.4,1600.12
248,1957.49,1598.57
249,1955.59,1597.13
250,1953.59,1595.69
251,1951.68,1594.14
252,1949.77,1592.7
253,1947.87,1591.25
254,1945.96,1589.7
255,1944.06,1588.26
256,1942.15,1586.82
257,1940.15,1585.27
258,1938.25,1583.83
259,1936.34,1582.38
260,1934.43,1580.83
261,1932.53,1579.39
262,1930.62,1577.95
263,1928.72,1576.4
264,1926.72,1574.96
265,1924.81,1573.51
266,1922.91,1571.96
267,1921.0,1570.52
268,1921.0,1570.52
269,1921.0,1570.52
270,1921.0,1570.52
271,1921.0,1570.52
272,1921.0,1570.52
273,1921.0,1570.52
274,1921.0,1570.52
275,1921.0,1570.52
276,1921.0,1570.52
277,1921.0,1570.52
278,1921.0,1570.52
279,1921.0,1570.52
280,1921.0,1570.52
281,1921.0,1570.52
282,1921.0,1570.52
283,1921.0,1570.52
284,1921.0,1570.52
285,1921.0,1570.52
286,1921.0,1570.52
287,1921.0,1570.52
288,1921.0,1570.52
289,1921.0,1570.52
290,1921.0,1570.52
291,1921.0,1570.52
292,1921.0,1570.52
293,1921.0,1570.52
294,1921.0,1570.52
295,1921.0,1570.52
296,1921.0,1570.52
297,1921.0,1570.52
298,1921.0,1570.52
299,1921.0,1570.52
300,1921.0,1570.52
301,1921.0,1570.52
302,1921.0,1570.52
303,1921.0,1570.52
304,1921.0,1570.52
305,1921.0,1570.52
306,1921.0,1570.52
307,1921.0,1570.52
308,1921.0,1570.52
309,1921.0,1570.52
310,1921.0,1570.52
311,1921.0,1570.52
312,1921.0,1570.52
313,1921.0,1570.52
314,1921.0,1570.52
315,1921.0,1570.52
316,1921.0,1570.52
317,1921.0,1570.52
318,1921.0,1570.52
319,1921.0,1570.52
320,1921.0,1570.52
321,1921.0,1570.52
322,1921.0,1570.52
323,1921.0,1570.52
324,1921.0,1570.52
325,1921.0,1570.52
326,1921.0,1570.52
327,1921.0,1570.52
328,1921.0,1570.52
329,1921.0,1570.52
330,1921.0,1570.52
331,1921.0,1570.52
332,1921.0,1570.52
333,1921.0,1570.52
334,1921.0,1570.52
335,1921.0,1570.52
336,1921.0,1570.52
337,1921.0,1570.52
338,1921.0,1570.52
339,1921.0,1570.52
340,1921.0,1570.52
341,1921.0,1570.52
342,1921.0,1570.52
343,1921.0,1570.52
344,1921.0,1570.52
345,1921.0,1570.52
346,1921.0,1570.52
347,1921.0,1570.52
348,1921.0,1570.52
349,1921.0,1570.52
350,1921.0,1570.52
351,1921.0,1570.52
352,1921.0,1570.52
353,1921.0,1570.52
354,1921.0,1570.52
355,1921.0,1570.52
356,1921.0,1570.52
357,1921.0,1570.52
358,1921.0,1570.52
359,1921.0,1570.52
360,1921.0,1570.52
361,1921.0,1570.52
362,1921.0,1570.52
363,1921.0,1570.52
364,1921.0,1570.52
365,1921.0,1570.52
366,1921.0,1570.52
367,1921.0,1570.52
368,1921.0,1570.52
369,1921.0,1570.52
370,1921.0,1570.52
371,1921.0,1570.52
372,1919.76,1570.85
373,1918.52,1571.08
374,1917.28,1571.41
375,1916.05,1571.74
376,1914.81,1572.07
377,1913.57,1572.29
378,1912.33,1572.63
379,1911.09,1572.96
380,1909.85,1573.18
381,1908.61,1573.51
382,1907.47,1573.85
383,1906.23,1574.18
384,1904.99,1574.4
385,1903.75,1574.73
386,1902.52,1575.07
387,1901.28,1575.29
388,1900.04,1575.62
389,1898.8,1575.95
390,1897.56,1576.29
391,1896.32,1576.51
392,1895.08,1576.84
393,1891.75,1583.05
394,1888.51,1589.26
395,1885.18,1595.36
396,1881.84,1601.57
397,1878.6,1607.77
398,1875.27,1613.98
399,1871.93,1620.19
400,1868.6,1626.29
401,1865.36,1632.5
402,1862.02,1638.71
403,1861.17,1641.15
404,1860.31,1643.59
405,1859.45,1645.91
406,1858.59,1648.35
407,1857.74,1650.79
408,1856.88,1653.23
409,1856.02,1655.67
410,1855.16,1658.0
411,1854.31,1660.44
412,1853.45,1662.88
413,1853.45,1662.88
414,1853.45,1662.88
415,1853.45,1662.88
416,1853.45,1662.88
417,1853.45,1662.88
418,1853.45,1662.88
419,1853.45,1662.88
420,1853.45,1662.88
421,1853.45,1662.88
422,1853.45,1662.88
423,1853.45,1662.88
424,1853.45,1662.88
425,1853.45,1662.88
426,1853.45,1662.88
427,1853.45,1662.88
428,1853.45,1662.88
429,1853.45,1662.88
430,1853.45,1662.88
431,1853.45,1662.88
432,1853.45,1662.88
433,1853.45,1662.88
434,1853.54,1663.54
435,1853.54,1664.32
436,1853.64,1664.98
437,1853.73,1665.76
438,1853.83,1666.43
439,1853.83,1667.2
440,1853.92,1667.87
441,1854.02,1668.53
442,1854.02,1669.31
443,1854.11,1669.97
444,1854.21,1670.75
445,1854.31,1671.42
446,1854.31,1672.19
447,1854.4,1672.86
448,1854.78,1678.73
449,1855.16,1684.61
450,1855.45,1690.49
451,1855.83,1696.36
452,1856.21,1702.24
453,1853.07,1709.45
454,1849.83,1716.54
455,1846.68,1723.75
456,1843.44,1730.84
457,1840.3,1738.05
458,1837.06,1745.15
459,1833.92,1752.35
460,1829.44,1760.11
461,1825.05,1767.99
462,1820.58,1775.75
463,1816.19,1783.51
464,1811.72,1791.27
465,1807.24,1799.14
466,1802.86,1806.9
467,1798.38,1814.66
468,1793.99,1822.54
469,1789.52,1830.3
470,1788.94,1835.62
471,1788.47,1841.05
472,1787.9,1846.37
473,1787.32,1851.7
474,1786.85,1857.13
475,1786.28,1862.45
476,1787.23,1863.45
477,1788.28,1864.34
478,1789.23,1865.33
479,1790.18,1866.22
480,1791.23,1867.22
481,1792.18,1868.1
482,1793.14,1869.1
483,1794.18,1870.1
484,1795.14,1870.99
485,1796.09,1871.99
486,1797.14,1872.87
487,1798.09,1873.87
488,1799.04,1874.76
489,1800.09,1875.76
490,1801.04,1876.75
491,1802.0,1877.64
492,1803.05,1878.64
493,1804.0,1879.52
494,1804.95,1880.52
495,1806.0,1881.41
496,1806.95,1882.41
497,1807.9,1883.29
498,1808.95,1884.29
499,1809.91,1885.29
500,1810.86,1886.18
501,1811.91,1887.18
502,1812.86,1888.06
503,1813.81,1889.06
504,1814.86,1889.95
505,1815.81,1890.94
506,1815.81,1890.94
507,1815.81,1890.94
508,1815.81,1890.94
509,1815.81,1890.94
510,1815.81,1890.94
511,1815.81,1890.94
512,1815.81,1890.94
513,1815.81,1890.94
514,1815.81,1890.94
515,1815.81,1890.94
516,1815.81,1890.94
517,1815.81,1890.94
518,1824.86,1894.38
519,1833.92,1897.82
520,1843.06,1901.15
521,1852.11,1904.58
522,1861.17,1908.02
523,1870.22,1911.46
524,1879.36,1914.78
525,1888.41,1918.22
526,1897.47,1921.66
527,1908.8,1927.42
528,1920.14,1933.19
529,1931.48,1938.84
530,1942.82,1944.61
531,1954.16,1950.37
532,1965.5,1956.14
533,1976.83,1961.9
534,1988.17,1967.56
535,1999.51,1973.32
536,2010.85,1979.09
537,2020.28,1984.52
538,2029.62,1989.95
539,2039.05,1995.28
540,2048.48,2000.71
541,2057.82,2006.14
542,2067.25,2011.57
543,2076.68,2017.01
544,2086.12,2022.33
545,2095.45,2027.76
546,2104.89,2033.2
547,2107.75,2035.86
548,2110.6,2038.63
549,2113.46,2041.29
550,2116.32,2043.95
551,2119.18,2046.72
552,2122.04,2049.38
553,2124.9,2052.04
554,2127.75,2054.82
555,2130.61,2057.48
556,2133.57,2060.25
557,2136.42,2062.91
558,2139.28,2065.57
559,2142.14,2068.34
560,2145.0,2071.0
561,2147.86,2073.66
562,2150.72,2076.44
563,2153.57,2079.1
564,2156.43,2081.76
565,2159.29,2084.53
566,2162.15,2087.19
567,2162.72,2087.63
568,2163.39,2088.08
569,2163.96,2088.63
570,2164.63,2089.08
571,2165.2,2089.52
572,2165.77,2089.96
573,2166.44,2090.41
574,2167.01,2090.96
575,2167.68,2091.4
576,2168.25,2091.85
577,2169.68,2092.07
578,2171.01,2092.29
579,2172.44,2092.51
580,2173.77,2092.73
581,2175.2,2092.96
582,2176.63,2093.18
583,2177.97,2093.4
584,2179.39,2093.62
585,2180.73,2093.84
586,2182.16,2094.06
587,2184.83,2094.95
588,2187.49,2095.84
589,2190.16,2096.73
590,2192.83,2097.61
591,2195.4,2098.5
592,2198.07,2099.39
593,2200.74,2100.27
594,2203.4,2101.16
595,2206.07,2102.05
596,2208.74,2102.93
597,2209.79,2103.38
598,2210.93,2103.82
599,2211.98,2104.27
600,2213.03,2104.71
601,2214.08,2105.15
602,2215.22,2105.6
603,2216.27,2106.04
604,2217.32,2106.48
605,2218.46,2106.93
606,2219.51,2107.37
607,2219.51,2107.37
608,2219.51,2107.37
609,2219.51,2107.37
610,2219.51,2107.37
611,2219.51,2107.37
612,2219.51,2107.37
613,2219.51,2107.37
614,2219.51,2107.37
615,2219.51,2107.37
616,2219.51,2107.37
617,2219.51,2107.37
618,2219.51,2107.37
619,2219.51,2107.37
620,2219.51,2107.37
621,2219.51,2107.37
622,2219.51,2107.37
623,2219.51,2107.37
624,2219.51,2107.37
625,2219.51,2107.37
626,2219.51,2107.37
627,2219.51,2107.37
628,2219.51,2107.37
629,2219.51,2107.37
630,2219.51,2107.37
631,2219.51,2107.37
632,2219.51,2107.37
633,2219.51,2107.37
634,2219.51,2107.37
635,2219.51,2107.37
636,2219.51,2107.37
637,2219.51,2107.37
638,2219.51,2107.37
639,2219.51,2107.37
640,2219.51,2107.37
641,2219.51,2107.37
642,2219.51,2107.37
643,2219.51,2107.37
644,2219.51,2107.37
645,2219.51,2107.37
646,2219.51,2107.37
647,2219.51,2107.37
648,2219.51,2107.37
649,2219.51,2107.37
650,2219.51,2107.37
651,2219.51,2107.37
652,2219.51,2107.37
653,2219.51,2107.37
654,2219.51,2107.37
655,2219.51,2107.37
656,2219.51,2107.37
657,2219.51,2107.37
658,2219.51,2107.37
659,2219.51,2107.37
660,2219.51,2107.37
661,2219.51,2107.37
662,2219.51,2107.37
663,2219.51,2107.37
664,2219.51,2107.37
665,2219.51,2107.37
666,2219.51,2107.37
667,2219.51,2107.37
668,2219.51,2107.37
669,2219.51,2107.37
670,2219.51,2107.37
671,2219.51,2107.37
672,2219.51,2107.37
673,2219.51,2107.37
674,2219.51,2107.37
675,2219.51,2107.37
676,2219.51,2107.37
677,2219.51,2107.37
678,2219.51,2107.37
679,2219.51,2107.37
680,2219.51,2107.37
681,2219.51,2107.37
682,2219.51,2107.37
683,2219.51,2107.37
684,2219.51,2107.37
685,2219.51,2107.37
686,2219.51,2107.37
687,2219.51,2107.37
688,2219.51,2107.37
689,2219.51,2107.37
690,2219.51,2107.37
691,2219.51,2107.37
692,2219.51,2107.37
693,2219.51,2107.37
694,2219.51,2107.37
695,2219.51,2107.37
696,2219.51,2107.37
697,2219.51,2107.37
698,2219.51,2107.37
699,2219.51,2107.37
700,2219.51,2107.37
701,2219.51,2107.37
702,2219.51,2107.37
703,2219.51,2107.37
704,2219.51,2107.37
705,2219.51,2107.37
706,2219.51,2107.37
707,2219.51,2107.37
708,2219.51,2107.37
709,2219.51,2107.37
710,2219.51,2107.37
711,2219.51,2107.37
712,2219.51,2107.37
713,2219.51,2107.37
714,2219.51,2107.37
715,2219.51,2107.37
716,2219.51,2107.37
717,2219.79,2107.92
718,2220.08,2108.37
719,2220.27,2108.92
720,2220.55,2109.37
721,2220.84,2109.92
722,2221.13,2110.47
723,2221.41,2110.92
724,2221.6,2111.47
725,2221.89,2111.92
726,2222.17,2112.47
727,2225.32,2114.69
728,2228.46,2116.79
729,2231.7,2119.01
730,2234.85,2121.23
731,2237.99,2123.45
732,2241.23,2125.55
733,2244.37,2127.77
734,2247.52,2129.99
735,2250.66,2132.09
736,2253.9,2134.31
737,2257.05,2136.53
738,2260.19,2138.64
739,2263.33,2140.85
740,2266.48,2143.07
741,2269.72,2145.29
742,2272.86,2147.39
743,2276.01,2149.61
744,2279.25,2151.83
745,2282.39,2153.94
746,2285.53,2156.15
747,2292.87,2161.7
748,2300.3,2167.13
749,2307.64,2172.67
750,2315.07,2178.11
751,2322.41,2183.65
752,2329.74,2189.19
753,2337.18,2194.63
754,2344.51,2200.17
755,2351.94,2205.6
756,2359.28,2211.15
757,2368.05,2216.14
758,2376.72,2221.13
759,2385.48,2226.11
760,2394.15,2231.1
761,2402.92,2236.09
762,2411.68,2241.08
763,2420.35,2246.07
764,2429.12,2251.06
765,2437.79,2256.05
766,2446.55,2261.04
767,2455.32,2266.14
768,2464.09,2271.13
769,2472.85,2276.23
770,2481.62,2281.33
771,2490.29,2286.43
772,2499.05,2291.42
773,2507.82,2296.52
774,2516.58,2301.62
775,2525.35,2306.61
776,2534.12,2311.71
777,2542.6,2316.03
778,2550.98,2320.36
779,2559.36,2324.79
780,2567.84,2329.12
781,2576.23,2333.44
782,2584.71,2337.76
783,2593.09,2342.09
784,2601.57,2346.52
785,2609.96,2350.85
786,2618.44,2355.17
787,2625.77,2358.39
788,2633.11,2361.71
789,2640.35,2364.93
790,2647.69,2368.25
791,2655.02,2371.58
792,2662.36,2374.8
793,2669.7,2378.12
794,2676.94,2381.34
795,2684.27,2384.66
796,2691.61,2387.88
797,2698.95,2391.09
798,2706.28,2394.42
799,2713.52,2397.64
800,2720.86,2400.96
801,2728.2,2404.18
802,2735.53,2407.5
803,2742.87,2410.72
804,2750.11,2414.05
805,2757.45,2417.26
806,2764.78,2420.59
