0,2838.05,2065.57
1,2836.34,2063.24
2,2834.53,2060.91
3,2832.72,2058.47
4,2830.91,2056.15
5,2829.1,2053.82
6,2827.38,2051.49
7,2825.57,2049.05
8,2823.76,2046.72
9,2823.67,2044.95
10,2823.48,2043.06
11,2823.29,2041.29
12,2823.19,2039.4
13,2823.09,2037.63
14,2822.9,2035.86
15,2822.71,2033.97
16,2822.62,2032.2
17,2822.52,2030.31
18,2822.33,2028.54
19,2822.14,2026.76
20,2822.05,2024.88
21,2821.86,2023.11
22,2821.76,2021.33
23,2821.57,2019.45
24,2821.47,2017.67
25,2821.28,2015.79
26,2821.19,2014.01
27,2824.81,2018.56
28,2828.43,2023.22
29,2832.05,2027.76
30,2835.67,2032.31
31,2839.29,2036.85
32,2842.91,2041.51
33,2846.53,2046.06
34,2850.15,2050.6
35,2853.77,2055.26
36,2857.39,2059.8
37,2857.3,2059.8
38,2857.3,2059.69
39,2857.2,2059.69
40,2857.11,2059.58
41,2857.11,2059.58
42,2857.01,2059.58
43,2856.92,2059.47
44,2856.92,2059.47
45,2856.82,2059.47
46,2856.73,2059.36
47,2856.73,2059.36
48,2856.63,2059.25
49,2856.54,2059.25
50,2856.54,2059.25
51,2856.44,2059.14
52,2856.35,2059.14
53,2856.35,2059.14
54,2856.25,2059.03
55,2856.25,2059.03
56,2856.16,2058.92
57,2856.06,2058.92
58,2856.06,2058.92
59,2855.97,2058.81
60,2855.87,2058.81
61,2855.87,2058.81
62,2855.78,2058.7
63,2855.68,2058.7
64,2855.68,2058.59
65,2855.58,2058.59
66,2855.49,2058.59
67,2855.49,2058.47
68,2855.39,2058.47
69,2855.3,2058.47
70,2855.3,2058.36
71,2855.2,2058.36
72,2855.11,2058.25
73,2855.11,2058.25
74,2855.01,2058.25
75,2854.92,2058.14
76,2854.92,2058.14
77,2854.82,2058.14
78,2854.73,2058.03
79,2854.73,2058.03
80,2854.63,2057.92
81,2854.54,2057.92
82,2854.54,2057.92
83,2854.44,2057.81
84,2854.35,2057.81
85,2854.35,2057.81
86,2854.25,2057.7
87,2854.25,2057.7
88,2854.16,2057.59
89,2854.06,2057.59
90,2854.06,2057.59
91,2853.96,2057.48
92,2853.87,2057.48
93,2853.87,2057.48
94,2853.77,2057.37
95,2853.68,2057.37
96,2853.68,2057.25
97,2853.58,2057.25
98,2853.49,2057.25
99,2853.49,2057.14
100,2853.39,2057.14
101,2853.3,2057.14
102,2853.3,2057.03
103,2853.2,2057.03
104,2853.11,2056.92
105,2853.11,2056.92
106,2853.01,2056.92
107,2852.92,2056.81
108,2852.92,2056.81
109,2852.82,2056.81
110,2852.73,2056.7
111,2852.73,2056.7
112,2852.63,2056.59
113,2852.54,2056.59
114,2852.54,2056.59
115,2852.44,2056.48
116,2852.35,2056.48
117,2852.35,2056.48
118,2852.25,2056.37
119,2852.25,2056.37
120,2852.15,2056.26
121,2852.06,2056.26
122,2852.06,2056.26
123,2851.96,2056.15
124,2851.87,2056.15
125,2851.87,2056.15
126,2851.77,2056.04
127,2851.68,2056.04
128,2851.68,2055.92
129,2851.58,2055.92
130,2851.49,2055.92
131,2851.49,2055.81
132,2851.39,2055.81
133,2851.3,2055.81
134,2851.3,2055.7
135,2851.2,2055.7
136,2851.11,2055.59
137,2851.11,2055.59
138,2851.01,2055.59
139,2850.92,2055.48
140,2850.92,2055.48
141,2850.82,2055.48
142,2850.73,2055.37
143,2850.73,2055.37
144,2850.63,2055.26
145,2850.53,2055.26
146,2850.53,2055.26
147,2850.44,2055.15
148,2850.34,2055.15
149,2850.34,2055.15
150,2850.25,2055.04
151,2850.25,2055.04
152,2850.15,2054.93
153,2850.06,2054.93
154,2850.06,2054.93
155,2849.96,2054.82
156,2849.87,2054.82
157,2849.87,2054.82
158,2849.77,2054.7
159,2849.68,2054.7
160,2849.68,2054.59
161,2849.58,2054.59
162,2849.49,2054.59
163,2849.49,2054.48
164,2849.39,2054.48
165,2849.3,2054.48
166,2849.3,2054.37
167,2849.2,2054.37
168,2849.11,2054.26
169,2849.11,2054.26
170,2849.01,2054.26
171,2848.91,2054.15
172,2848.91,2054.15
173,2848.82,2054.15
174,2848.72,2054.04
175,2848.72,2054.04
176,2848.63,2053.93
177,2848.53,2053.93
178,2848.53,2053.93
179,2848.44,2053.82
180,2848.34,2053.82
181,2848.34,2053.82
182,2848.25,2053.71
183,2848.25,2053.71
184,2848.15,2053.6
185,2848.06,2053.6
186,2848.06,2053.6
187,2847.96,2053.49
188,2847.87,2053.49
189,2847.87,2053.49
190,2847.77,2053.37
191,2847.68,2053.37
192,2847.68,2053.26
193,2847.58,2053.26
194,2847.49,2053.26
195,2847.49,2053.15
196,2847.39,2053.15
197,2847.3,2053.15
198,2847.3,2053.04
199,2847.2,2053.04
200,2847.1,2052.93
201,2847.1,2052.93
202,2847.01,2052.93
203,2846.91,2052.82
204,2846.91,2052.82
205,2846.82,2052.82
206,2846.72,2052.71
207,2846.72,2052.71
208,2846.63,2052.6
209,2846.53,2052.6
210,2846.53,2052.6
211,2846.44,2052.49
212,2846.34,2052.49
213,2846.34,2052.49
214,2846.25,2052.38
215,2846.15,2052.38
216,2846.15,2052.27
217,2846.06,2052.27
218,2846.06,2052.27
219,2845.96,2052.15
220,2845.87,2052.15
221,2845.87,2052.15
222,2845.77,2052.04
223,2845.68,2052.04
224,2845.68,2051.93
225,2845.58,2051.93
226,2845.48,2051.93
227,2845.48,2051.82
228,2845.39,2051.82
229,2845.29,2051.82
230,2845.29,2051.71
231,2845.2,2051.71
232,2845.1,2051.6
233,2845.1,2051.6
234,2845.01,2051.6
235,2844.91,2051.49
236,2844.91,2051.49
237,2844.82,2051.49
238,2844.72,2051.38
239,2844.72,2051.38
240,2844.63,2051.27
241,2844.53,2051.27
242,2844.53,2051.27
243,2844.44,2051.16
244,2844.34,2051.16
245,2844.34,2051.16
246,2844.25,2051.05
247,2844.15,2051.05
248,2844.15,2050.93
249,2844.06,2050.93
250,2844.06,2050.93
251,2843.96,2050.82
252,2843.87,2050.82
253,2843.87,2050.82
254,2843.77,2050.71
255,2843.67,2050.71
256,2843.67,2050.6
257,2843.58,2050.6
258,2843.48,2050.6
259,2843.48,2050.49
260,2843.39,2050.49
261,2843.29,2050.49
262,2843.29,2050.38
263,2843.2,2050.38
264,2843.1,2050.27
265,2843.1,2050.27
266,2843.01,2050.27
267,2842.91,2050.16
268,2842.91,2050.16
269,2842.82,2050.16
270,2842.72,2050.05
271,2842.72,2050.05
272,2842.63,2049.94
273,2842.53,2049.94
274,2842.53,2049.94
275,2842.44,2049.83
276,2842.34,2049.83
277,2842.34,2049.83
278,2842.25,2049.72
279,2842.15,2049.72
280,2842.15,2049.6
281,2842.05,2049.6
282,2842.05,2049.6
283,2841.96,2049.49
284,2841.86,2049.49
285,2841.86,2049.49
286,2841.77,2049.38
287,2841.67,2049.38
288,2841.67,2049.27
289,2841.58,2049.27
290,2841.48,2049.27
291,2841.48,2049.16
292,2841.39,2049.16
293,2841.29,2049.16
294,2841.29,2049.05
295,2841.2,2049.05
296,2841.1,2048.94
297,2841.1,2048.94
298,2841.01,2048.94
299,2840.91,2048.83
300,2840.91,2048.83
301,2840.82,2048.83
302,2840.72,2048.72
303,2840.72,2048.72
304,2840.63,2048.61
305,2840.53,2048.61
306,2840.53,2048.61
307,2840.44,2048.5
308,2840.34,2048.5
309,2840.34,2048.5
310,2840.24,2048.38
311,2840.15,2048.38
312,2840.15,2048.27
313,2840.05,2048.27
314,2840.05,2048.27
315,2839.96,2048.16
316,2839.86,2048.16
317,2839.86,2048.16
318,2839.77,2048.05
319,2839.67,2048.05
320,2839.67,2047.94
321,2839.58,2047.94
322,2839.48,2047.94
323,2839.48,2047.83
324,2839.39,2047.83
325,2839.29,2047.83
326,2839.29,2047.72
327,2839.2,2047.72
328,2839.1,2047.61
329,2839.1,2047.61
330,2839.01,2047.61
331,2838.91,2047.5
332,2838.91,2047.5
333,2838.82,2047.5
334,2838.72,2047.39
335,2838.72,2047.39
336,2838.62,2047.28
337,2838.53,2047.28
338,2838.53,2047.28
339,2838.43,2047.17
340,2838.34,2047.17
341,2838.34,2047.17
342,2838.24,2047.05
343,2838.15,2047.05
344,2838.15,2046.94
345,2838.05,2046.94
346,2837.96,2046.94
347,2837.96,2046.83
348,2837.86,2046.83
349,2837.86,2046.83
350,2837.77,2046.72
351,2837.67,2046.72
352,2837.67,2046.61
353,2837.58,2046.61
354,2837.48,2046.61
355,2837.48,2046.5
356,2837.39,2046.5
357,2837.29,2046.5
358,2837.29,2046.39
359,2837.2,2046.39
360,2837.1,2046.28
361,2837.1,2046.28
362,2837.01,2046.28
363,2836.91,2046.17
364,2836.91,2046.17
365,2836.81,2046.17
366,2836.72,2046.06
367,2836.72,2046.06
368,2836.62,2045.95
369,2836.53,2045.95
370,2836.53,2045.95
371,2836.43,2045.83
372,2836.34,2045.83
373,2836.34,2045.83
374,2836.24,2045.72
375,2836.15,2045.72
376,2836.15,2045.61
377,2836.05,2045.61
378,2835.96,2045.61
379,2835.96,2045.5
380,2835.86,2045.5
381,2835.86,2045.5
382,2835.77,2045.39
383,2835.67,2045.39
384,2835.67,2045.28
385,2835.58,2045.28
386,2835.48,2045.28
387,2835.48,2045.17
388,2835.39,2045.17
389,2835.29,2045.17
390,2835.29,2045.06
391,2835.19,2045.06
392,2835.1,2044.95
393,2835.1,2044.95
394,2835.0,2044.95
395,2834.91,2044.84
396,2834.91,2044.84
397,2834.81,2044.84
398,2834.72,2044.73
399,2834.72,2044.73
400,2834.62,2044.62
401,2834.53,2044.62
402,2834.53,2044.62
403,2834.43,2044.5
404,2834.34,2044.5
405,2834.34,2044.5
406,2834.24,2044.39
407,2834.15,2044.39
408,2834.15,2044.28
409,2834.05,2044.28
410,2833.96,2044.28
411,2833.96,2044.17
412,2833.86,2044.17
413,2833.86,2044.17
414,2833.77,2044.06
415,2833.67,2044.06
416,2833.67,2043.95
417,2833.58,2043.95
418,2833.48,2043.95
419,2833.48,2043.84
420,2833.38,2043.84
421,2833.29,2043.84
422,2833.29,2043.73
423,2833.19,2043.73
424,2833.1,2043.62
425,2833.1,2043.62
426,2833.0,2043.62
427,2832.91,2043.51
428,2832.91,2043.51
429,2832.81,2043.51
430,2832.72,2043.4
431,2832.72,2043.4
432,2832.62,2043.28
433,2832.53,2043.28
434,2832.53,2043.28
435,2832.43,2043.17
436,2832.34,2043.17
437,2832.34,2043.17
438,2832.24,2043.06
439,2832.15,2043.06
440,2832.15,2042.95
441,2832.05,2042.95
442,2831.96,2042.95
443,2831.96,2042.84
444,2831.86,2042.84
445,2831.86,2042.84
446,2831.76,2042.73
447,2831.67,2042.73
448,2831.67,2042.62
449,2831.57,2042.62
450,2831.48,2042.62
451,2831.48,2042.51
452,2831.38,2042.51
453,2831.29,2042.51
454,2831.29,2042.4
455,2831.19,2042.4
456,2831.1,2042.29
457,2831.1,2042.29
458,2831.0,2042.29
459,2830.91,2042.18
460,2830.91,2042.18
461,2830.81,2042.18
462,2830.72,2042.07
463,2830.72,2042.07
464,2830.62,2041.95
465,2830.53,2041.95
466,2830.53,2041.95
467,2830.43,2041.84
468,2830.34,2041.84
469,2830.34,2041.84
470,2830.24,2041.73
471,2830.15,2041.73
472,2830.15,2041.62
473,2830.05,2041.62
474,2829.95,2041.62
475,2829.95,2041.51
476,2829.86,2041.51
477,2829.86,2041.51
478,2829.76,2041.4
479,2829.67,2041.4
480,2829.67,2041.29
481,2829.57,2041.29
482,2829.48,2041.29
483,2829.48,2041.18
484,2829.38,2041.18
485,2829.29,2041.18
486,2829.29,2041.07
487,2829.19,2041.07
488,2829.1,2040.96
489,2829.1,2040.96
490,2829.0,2040.96
491,2828.91,2040.85
492,2828.91,2040.85
493,2828.81,2040.73
494,2828.72,2040.73
495,2828.72,2040.73
496,2828.62,2040.62
497,2828.53,2040.62
498,2828.53,2040.62
499,2828.43,2040.51
500,2828.33,2040.51
501,2828.33,2040.4
502,2828.24,2040.4
503,2828.14,2040.4
504,2828.14,2040.29
505,2828.05,2040.29
506,2827.95,2040.29
507,2827.95,2040.18
508,2827.86,2040.18
509,2827.76,2040.07
510,2827.76,2040.07
511,2827.67,2040.07
512,2827.67,2039.96
513,2827.57,2039.96
514,2827.48,2039.96
515,2827.48,2039.85
516,2827.38,2039.85
517,2827.29,2039.74
518,2827.29,2039.74
519,2827.19,2039.74
520,2827.1,2039.63
521,2827.1,2039.63
522,2827.0,2039.63
523,2826.91,2039.52
524,2826.91,2039.52
525,2826.81,2039.4
526,2826.72,2039.4
527,2826.72,2039.4
528,2826.62,2039.29
529,2826.52,2039.29
530,2826.52,2039.29
531,2826.43,2039.18
532,2826.33,2039.18
533,2826.33,2039.07
534,2826.24,2039.07
535,2826.14,2039.07
536,2826.14,2038.96
537,2826.05,2038.96
538,2825.95,2038.96
539,2825.95,2038.85
540,2825.86,2038.85
541,2825.76,2038.74
542,2825.76,2038.74
543,2825.67,2038.74
544,2825.67,2038.63
545,2825.57,2038.63
546,2825.48,2038.63
547,2825.48,2038.52
548,2825.38,2038.52
549,2825.29,2038.41
550,2825.29,2038.41
551,2825.19,2038.41
552,2825.1,2038.3
553,2825.1,2038.3
554,2825.0,2038.3
555,2824.9,2038.18
556,2824.9,2038.18
557,2824.81,2038.07
558,2824.71,2038.07
559,2824.71,2038.07
560,2824.62,2037.96
561,2824.52,2037.96
562,2824.52,2037.96
563,2824.43,2037.85
564,2824.33,2037.85
565,2824.33,2037.74
566,2824.24,2037.74
567,2824.14,2037.74
568,2824.14,2037.63
569,2824.05,2037.63
570,2823.95,2037.63
571,2823.95,2037.52
572,2823.86,2037.52
573,2823.76,2037.41
574,2823.76,2037.41
575,2823.67,2037.41
576,2823.67,2037.3
577,2823.57,2037.3
578,2823.48,2037.3
579,2823.48,2037.19
580,2823.38,2037.19
581,2823.29,2037.08
582,2823.29,2037.08
583,2823.19,2037.08
584,2823.09,2036.96
585,2823.09,2036.96
586,2823.0,2036.96
587,2822.9,2036.85
588,2822.9,2036.85
589,2822.81,2036.74
590,2822.71,2036.74
591,2822.71,2036.74
592,2822.62,2036.63
593,2822.52,2036.63
594,2822.52,2036.63
595,2822.43,2036.52
596,2822.33,2036.52
597,2822.33,2036.41
598,2822.24,2036.41
599,2822.14,2036.41
600,2822.14,2036.3
601,2822.05,2036.3
602,2821.95,2036.3
603,2821.95,2036.19
604,2821.86,2036.19
605,2821.76,2036.08
606,2821.76,2036.08
607,2821.67,2036.08
608,2821.67,2035.97
609,2821.57,2035.97
610,2821.47,2035.97
611,2821.47,2035.86
612,2821.38,2035.86
613,2821.28,2035.75
614,2821.28,2035.75
615,2821.19,2035.75
616,2821.09,2035.63
617,2821.09,2035.63
618,2821.0,2035.63
619,2820.9,2035.52
620,2820.9,2035.52
621,2820.81,2035.41
622,2820.71,2035.41
623,2820.71,2035.41
624,2820.62,2035.3
625,2820.52,2035.3
626,2820.52,2035.3
627,2820.43,2035.19
628,2820.33,2035.19
629,2820.33,2035.08
630,2820.24,2035.08
631,2820.14,2035.08
632,2820.14,2034.97
633,2820.05,2034.97
634,2819.95,2034.97
635,2819.95,2034.86
636,2819.86,2034.86
637,2819.76,2034.75
638,2819.76,2034.75
639,2819.66,2034.75
640,2819.66,2034.64
641,2819.57,2034.64
642,2819.47,2034.64
643,2819.47,2034.53
644,2819.38,2034.53
645,2819.28,2034.41
646,2819.28,2034.41
647,2819.19,2034.41
648,2819.09,2034.3
649,2819.09,2034.3
650,2819.0,2034.3
651,2818.9,2034.19
652,2818.9,2034.19
653,2818.81,2034.08
654,2818.71,2034.08
655,2818.71,2034.08
656,2818.62,2033.97
657,2818.52,2033.97
658,2818.52,2033.97
659,2818.43,2033.86
660,2818.33,2033.86
661,2818.33,2033.75
662,2818.24,2033.75
663,2818.14,2033.75
664,2818.14,2033.64
665,2818.04,2033.64
666,2817.95,2033.64
667,2817.95,2033.53
668,2817.85,2033.53
669,2817.76,2033.42
670,2817.76,2033.42
671,2817.66,2033.42
672,2817.57,2033.31
673,2817.57,2033.31
674,2817.47,2033.31
675,2817.47,2033.2
676,2817.38,2033.2
677,2817.28,2033.08
678,2817.28,2033.08
679,2817.19,2033.08
680,2817.09,2032.97
681,2817.09,2032.97
682,2817.0,2032.97
683,2816.9,2032.86
684,2816.9,2032.86
685,2816.81,2032.75
686,2816.71,2032.75
687,2816.71,2032.75
688,2816.62,2032.64
689,2816.52,2032.64
690,2816.52,2032.64
691,2816.43,2032.53
692,2816.33,2032.53
693,2816.33,2032.42
694,2816.23,2032.42
695,2816.14,2032.42
696,2816.14,2032.31
697,2816.04,2032.31
698,2815.95,2032.31
699,2815.95,2032.2
700,2815.85,2032.2
701,2815.76,2032.09
702,2815.76,2032.09
703,2815.66,2032.09
704,2815.57,2031.98
705,2815.57,2031.98
706,2815.47,2031.98
707,2815.47,2031.86
708,2815.38,2031.86
709,2815.28,2031.75
710,2815.28,2031.75
711,2815.19,2031.75
712,2815.09,2031.64
713,2815.09,2031.64
714,2815.0,2031.64
715,2814.9,2031.53
716,2814.9,2031.53
717,2814.81,2031.42
718,2814.71,2031.42
719,2814.71,2031.42
720,2814.61,2031.31
721,2814.52,2031.31
722,2814.52,2031.31
723,2814.42,2031.2
724,2814.33,2031.2
725,2814.33,2031.09
726,2814.23,2031.09
727,2814.14,2031.09
728,2814.14,2030.98
729,2814.04,2030.98
730,2813.95,2030.98
731,2813.95,2030.87
732,2813.85,2030.87
733,2813.76,2030.76
734,2813.76,2030.76
735,2813.66,2030.76
736,2813.57,2030.65
737,2813.57,2030.65
738,2813.47,2030.65
739,2813.47,2030.53
740,2813.38,2030.53
741,2813.28,2030.42
742,2813.28,2030.42
743,2813.19,2030.42
744,2813.09,2030.31
745,2813.09,2030.31
746,2813.0,2030.31
747,2812.9,2030.2
748,2812.9,2030.2
749,2812.8,2030.09
750,2812.71,2030.09
751,2812.71,2030.09
752,2812.61,2029.98
753,2812.52,2029.98
754,2812.52,2029.98
755,2812.42,2029.87
756,2812.33,2029.87
757,2812.33,2029.76
758,2812.23,2029.76
759,2812.14,2029.76
760,2812.14,2029.65
761,2812.04,2029.65
762,2811.95,2029.65
763,2811.95,2029.54
764,2811.85,2029.54
765,2811.76,2029.43
766,2811.76,2029.43
767,2811.66,2029.43
768,2811.57,2029.31
769,2811.57,2029.31
770,2811.47,2029.31
771,2811.47,2029.2
772,2811.38,2029.2
773,2811.28,2029.09
774,2811.28,2029.09
775,2811.18,2029.09
776,2811.09,2028.98
777,2811.09,2028.98
778,2810.99,2028.98
779,2810.9,2028.87
780,2810.9,2028.87
781,2810.8,2028.76
782,2810.71,2028.76
783,2810.71,2028.76
784,2810.61,2028.65
785,2810.52,2028.65
786,2810.52,2028.65
787,2810.42,2028.54
788,2810.33,2028.54
789,2810.33,2028.43
790,2810.23,2028.43
791,2810.14,2028.43
792,2810.14,2028.32
793,2810.04,2028.32
794,2809.95,2028.32
795,2809.95,2028.21
796,2809.85,2028.21
797,2809.76,2028.1
798,2809.76,2028.1
799,2809.66,2028.1
800,2809.57,2027.98
801,2809.57,2027.98
802,2809.47,2027.98
803,2809.37,2027.87
804,2809.37,2027.87
805,2809.28,2027.76
806,2809.28,2027.76
807,2809.18,2027.76
808,2809.09,2027.65
809,2809.09,2027.65
810,2808.99,2027.65
811,2808.9,2027.54
812,2808.9,2027.54
813,2808.8,2027.43
814,2808.71,2027.43
815,2808.71,2027.43
816,2808.61,2027.32
817,2808.52,2027.32
818,2808.52,2027.32
819,2808.42,2027.21
820,2808.33,2027.21
821,2808.33,2027.1
822,2808.23,2027.1
823,2808.14,2027.1
824,2808.14,2026.99
825,2808.04,2026.99
826,2807.95,2026.99
827,2807.95,2026.88
828,2807.85,2026.88
829,2807.75,2026.76
830,2807.75,2026.76
831,2807.66,2026.76
832,2807.56,2026.65
833,2807.56,2026.65
834,2807.47,2026.65
835,2807.37,2026.54
836,2807.37,2026.54
837,2807.28,2026.43
838,2807.28,2026.43
839,2807.18,2026.43
840,2807.09,2026.32
841,2807.09,2026.32
842,2806.99,2026.32
843,2806.9,2026.21
844,2806.9,2026.21
845,2806.8,2026.1
846,2806.71,2026.1
847,2806.71,2026.1
848,2806.61,2025.99
849,2806.52,2025.99
850,2806.52,2025.99
851,2806.42,2025.88
852,2806.33,2025.88
853,2806.33,2025.77
854,2806.23,2025.77
855,2806.14,2025.77
856,2806.14,2025.66
857,2806.04,2025.66
858,2805.94,2025.66
859,2805.94,2025.54
860,2805.85,2025.54
861,2805.75,2025.43
862,2805.75,2025.43
863,2805.66,2025.43
864,2805.56,2025.32
865,2805.56,2025.32
866,2805.47,2025.32
867,2805.37,2025.21
868,2805.37,2025.21
869,2805.28,2025.1
870,2805.28,2025.1
871,2805.18,2025.1
872,2805.09,2024.99
873,2805.09,2024.99
874,2804.99,2024.99
875,2804.9,2024.88
876,2804.9,2024.88
877,2804.8,2024.77
878,2804.71,2024.77
879,2804.71,2024.77
880,2804.61,2024.66
881,2804.52,2024.66
882,2804.52,2024.66
883,2804.42,2024.55
884,2804.32,2024.55
885,2804.32,2024.44
886,2804.23,2024.44
887,2804.13,2024.44
888,2804.13,2024.33
889,2804.04,2024.33
890,2803.94,2024.33
891,2803.94,2024.21
892,2803.85,2024.21
893,2803.75,2024.1
894,2803.75,2024.1
895,2803.66,2024.1
896,2803.56,2023.99
897,2803.56,2023.99
898,2803.47,2023.99
899,2803.37,2023.88
900,2803.37,2023.88
901,2803.28,2023.77
902,2803.28,2023.77
903,2803.18,2023.77
904,2803.09,2023.66
905,2803.09,2023.66
906,2802.99,2023.66
907,2802.9,2023.55
908,2802.9,2023.55
909,2802.8,2023.44
910,2802.71,2023.44
911,2802.71,2023.44
912,2802.61,2023.33
913,2802.51,2023.33
914,2802.51,2023.33
915,2802.42,2023.22
916,2802.32,2023.22
917,2802.32,2023.11
918,2802.23,2023.11
919,2802.13,2023.11
920,2802.13,2022.99
921,2802.04,2022.99
922,2801.94,2022.99
923,2801.94,2022.88
924,2801.85,2022.88
925,2801.75,2022.77
926,2801.75,2022.77
927,2801.66,2022.77
928,2801.56,2022.66
929,2801.56,2022.66
930,2801.47,2022.66
931,2801.37,2022.55
932,2801.37,2022.55
933,2801.28,2022.44
934,2801.28,2022.44
935,2801.18,2022.44
936,2801.09,2022.33
937,2801.09,2022.33
938,2800.99,2022.33
939,2800.89,2022.22
940,2800.89,2022.22
941,2800.8,2022.11
942,2800.7,2022.11
943,2800.7,2022.11
944,2800.61,2022.0
945,2800.51,2022.0
