0,1224.99,1831.74
1,1225.09,1828.86
2,1225.28,1825.86
3,1225.37,1822.87
4,1225.47,1819.99
5,1225.66,1816.99
6,1225.85,1814.11
7,1225.95,1811.12
8,1226.04,1808.12
9,1226.23,1805.24
10,1226.42,1802.25
11,1226.52,1799.25
12,1226.61,1796.37
13,1226.8,1793.38
14,1226.99,1790.38
15,1227.09,1787.5
16,1227.18,1784.51
17,1227.37,1781.51
18,1227.56,1778.63
19,1227.66,1775.64
20,1227.76,1772.64
21,1227.95,1769.76
22,1228.14,1766.77
23,1228.23,1763.88
24,1228.33,1760.89
25,1228.52,1757.9
26,1228.71,1755.01
27,1228.8,1752.02
28,1141.24,1649.02
29,1137.15,1647.02
30,1133.14,1645.14
31,1129.05,1643.14
32,1125.05,1641.26
33,1120.95,1639.26
34,1117.8,1639.04
35,1114.66,1638.82
36,1111.52,1638.49
37,1108.37,1638.26
38,1105.23,1638.04
39,1102.08,1637.82
40,1098.94,1637.6
41,1095.8,1637.27
42,1092.65,1637.04
43,1089.51,1636.82
44,1088.55,1636.82
45,1087.7,1636.71
46,1086.74,1636.71
47,1085.79,1636.6
48,1084.84,1636.6
49,1083.98,1636.49
50,1083.03,1636.49
51,1082.08,1636.38
52,1081.12,1636.38
53,1080.26,1636.27
54,1079.31,1636.27
55,1079.31,1636.27
56,1079.31,1636.27
57,1079.31,1636.27
58,1079.31,1636.27
59,1079.31,1636.27
60,1079.31,1636.27
61,1079.31,1636.27
62,1079.31,1636.27
63,1079.31,1636.27
64,1078.26,1636.27
65,1077.31,1636.16
66,1076.26,1636.05
67,1075.31,1636.05
68,1074.26,1635.94
69,1073.21,1635.94
70,1072.26,1635.94
71,1071.21,1635.83
72,1070.26,1635.71
73,1069.21,1635.71
74,1069.21,1635.71
75,1069.21,1635.71
76,1069.21,1635.71
77,1069.21,1635.71
78,1069.21,1635.71
79,1069.21,1635.71
80,1069.21,1635.71
81,1069.21,1635.71
82,1069.21,1635.71
83,1069.21,1635.71
84,1069.21,1635.71
85,1069.21,1635.71
86,1069.21,1635.71
87,1069.21,1635.71
88,1069.21,1635.71
89,1069.21,1635.71
90,1069.21,1635.71
91,1069.21,1635.71
92,1069.21,1635.71
93,1069.21,1635.71
94,1069.21,1635.71
95,1069.21,1635.71
96,1069.21,1635.71
97,1069.21,1635.71
98,1069.21,1635.71
99,1069.21,1635.71
100,1069.21,1635.71
101,1069.21,1635.71
102,1069.21,1635.71
103,1069.21,1635.71
104,1069.21,1635.71
105,1069.21,1635.71
106,1069.21,1635.71
107,1069.21,1635.71
108,1069.21,1635.71
109,1069.21,1635.71
110,1069.21,1635.71
111,1069.21,1635.71
112,1069.21,1635.71
113,1069.21,1635.71
114,1069.21,1635.71
115,1069.21,1635.71
116,1069.21,1635.71
117,1069.21,1635.71
118,1069.21,1635.71
119,1069.21,1635.71
120,1069.21,1635.71
121,1069.21,1635.71
122,1069.21,1635.71
123,1069.21,1635.71
124,1069.21,1635.71
125,1069.21,1635.71
126,1069.21,1635.71
127,1069.21,1635.71
128,1069.21,1635.71
129,1069.21,1635.71
130,1069.21,1635.71
131,1069.21,1635.71
132,1069.21,1635.71
133,1069.21,1635.71
134,1069.21,1635.71
135,1069.21,1635.71
136,1069.21,1635.71
137,1069.21,1635.71
138,1069.21,1635.71
139,1069.21,1635.71
140,1069.21,1635.71
141,1069.21,1635.71
142,1069.21,1635.71
143,1069.21,1635.71
144,1069.21,1635.71
145,1069.21,1635.71
146,1069.21,1635.71
147,1069.21,1635.71
148,1069.21,1635.71
149,1069.21,1635.71
150,1069.21,1635.71
151,1069.21,1635.71
152,1069.21,1635.71
153,1069.21,1635.71
154,1069.21,1635.71
155,1069.21,1635.71
156,1069.21,1635.71
157,1069.21,1635.71
158,1069.21,1635.71
159,1069.21,1635.71
160,1069.21,1635.71
161,1069.21,1635.71
162,1069.21,1635.71
163,1069.21,1635.71
164,1069.21,1635.71
165,1069.21,1635.71
166,1069.21,1635.71
167,1069.21,1635.71
168,1069.21,1635.71
169,1069.21,1635.71
170,1069.21,1635.71
171,1069.21,1635.71
172,1069.21,1635.71
173,1069.21,1635.71
174,1067.97,1636.71
175,1066.74,1637.71
176,1065.4,1638.71
177,1064.16,1639.71
178,1062.92,1640.7
179,1061.69,1641.7
180,1060.45,1642.7
181,1059.21,1643.7
182,1057.87,1644.7
183,1056.64,1645.69
184,1055.4,1646.69
185,1051.59,1647.25
186,1047.77,1647.69
187,1043.96,1648.24
188,1040.15,1648.69
189,1036.44,1649.24
190,1032.63,1649.68
191,1028.81,1650.24
192,1025.0,1650.68
193,1021.19,1651.24
194,1021.19,1651.24
195,1021.19,1651.24
196,1021.19,1651.24
197,1021.19,1651.24
198,1021.19,1651.24
199,1021.19,1651.24
200,1021.19,1651.24
201,1021.19,1651.24
202,1021.19,1651.24
203,1021.19,1651.24
204,1021.19,1651.24
205,1021.19,1651.24
206,1021.19,1651.24
207,1021.19,1651.24
208,1021.19,1651.24
209,1021.19,1651.24
210,1021.19,1651.24
211,1021.19,1651.24
212,1021.19,1651.24
213,1019.57,1651.46
214,1017.95,1651.79
215,1016.33,1652.01
216,1014.71,1652.35
217,1013.09,1652.57
218,1011.38,1652.9
219,1009.76,1653.12
220,1008.14,1653.45
221,1006.52,1653.68
222,1004.9,1654.01
223,1003.28,1654.23
224,1003.18,1654.23
225,1002.99,1654.23
226,1002.9,1654.34
227,1002.8,1654.34
228,1002.61,1654.34
229,1002.52,1654.34
230,1002.42,1654.34
231,1002.33,1654.45
232,1002.14,1654.45
233,1002.04,1654.45
234,1002.04,1654.45
235,1002.04,1654.45
236,1002.04,1654.45
237,1002.04,1654.45
238,1002.04,1654.45
239,1002.04,1654.45
240,1002.04,1654.45
241,1002.04,1654.45
242,1002.04,1654.45
243,1002.04,1654.45
244,1002.04,1654.45
245,1002.04,1654.45
246,1002.04,1654.45
247,1002.04,1654.45
248,1002.04,1654.45
249,1002.04,1654.45
250,1002.04,1654.45
251,1002.04,1654.45
252,1002.04,1654.45
253,1002.04,1654.45
254,1002.04,1654.45
255,1002.04,1654.45
256,1002.04,1654.45
257,1002.04,1654.45
258,1002.04,1654.45
259,1002.04,1654.45
260,1002.04,1654.45
261,1002.04,1654.45
262,1002.04,1654.45
263,1002.04,1654.45
264,1002.04,1654.45
265,1002.04,1654.45
266,1002.04,1654.45
267,1002.04,1654.45
268,1002.04,1654.45
269,1002.04,1654.45
270,1002.04,1654.45
271,1002.04,1654.45
272,1002.04,1654.45
273,1002.04,1654.45
274,1002.04,1654.45
275,1002.04,1654.45
276,1002.04,1654.45
277,1002.04,1654.45
278,1002.04,1654.45
279,1002.04,1654.45
280,1002.04,1654.45
281,1002.04,1654.45
282,1002.04,1654.45
283,1002.04,1654.45
284,1002.04,1654.45
285,1002.04,1654.45
286,1002.04,1654.45
287,1002.04,1654.45
288,1002.04,1654.45
289,1002.04,1654.45
290,1002.04,1654.45
291,1002.04,1654.45
292,1002.04,1654.45
293,1002.04,1654.45
294,1002.04,1654.45
295,1002.04,1654.45
296,1002.04,1654.45
297,1002.04,1654.45
298,1002.04,1654.45
299,1002.04,1654.45
300,1002.04,1654.45
301,1002.04,1654.45
302,1002.04,1654.45
303,1002.04,1654.45
304,1002.04,1654.45
305,1002.04,1654.45
306,1002.04,1654.45
307,1002.04,1654.45
308,1002.04,1654.45
309,1002.04,1654.45
310,1002.04,1654.45
311,1002.04,1654.45
312,1002.04,1654.45
313,1002.04,1654.45
314,1002.04,1654.45
315,1002.04,1654.45
316,1002.04,1654.45
317,1002.04,1654.45
318,1002.04,1654.45
319,1002.04,1654.45
320,1002.04,1654.45
321,1002.04,1654.45
322,1002.04,1654.45
323,1002.04,1654.45
324,1002.04,1654.45
325,1002.04,1654.45
326,1002.04,1654.45
327,1002.04,1654.45
328,1002.04,1654.45
329,1002.04,1654.45
330,1002.04,1654.45
331,1002.04,1654.45
332,1002.04,1654.45
333,1002.04,1654.45
334,1001.66,1654.78
335,1001.28,1655.01
336,1000.8,1655.23
337,1000.42,1655.56
338,1000.04,1655.89
339,999.66,1656.12
340,999.28,1656.45
341,998.8,1656.67
342,998.42,1657.0
343,998.04,1657.22
344,998.04,1657.22
345,998.04,1657.22
346,998.04,1657.22
347,998.04,1657.22
348,998.04,1657.22
349,998.04,1657.22
350,998.04,1657.22
351,998.04,1657.22
352,998.04,1657.22
353,998.04,1657.22
354,996.61,1657.78
355,995.18,1658.44
356,993.85,1659.0
357,992.42,1659.55
358,990.99,1660.22
359,989.56,1660.77
360,988.13,1661.33
361,986.8,1661.88
362,985.37,1662.55
363,983.94,1663.1
364,979.46,1663.77
365,974.98,1664.32
366,970.5,1664.98
367,966.03,1665.65
368,961.55,1666.2
369,957.07,1666.87
370,952.59,1667.53
371,948.11,1668.2
372,943.64,1668.75
373,939.16,1669.42
374,936.97,1669.86
375,934.87,1670.31
376,932.68,1670.75
377,930.58,1671.19
378,928.39,1671.64
379,926.2,1672.08
380,924.1,1672.52
381,921.91,1672.97
382,919.82,1673.41
383,917.62,1673.85
384,915.43,1674.3
385,913.34,1674.74
386,911.15,1675.19
387,909.05,1675.63
388,906.86,1676.07
389,904.67,1676.52
390,902.57,1676.96
391,900.38,1677.4
392,898.28,1677.85
393,896.09,1678.29
394,896.09,1678.29
395,896.09,1678.29
396,896.09,1678.29
397,896.09,1678.29
398,896.09,1678.29
399,896.09,1678.29
400,896.09,1678.29
401,896.09,1678.29
402,896.09,1678.29
403,896.09,1678.29
404,896.09,1678.29
405,896.09,1678.29
406,896.09,1678.29
407,896.09,1678.29
408,896.09,1678.29
409,896.09,1678.29
410,896.09,1678.29
411,896.09,1678.29
412,896.09,1678.29
413,896.09,1678.29
414,896.09,1678.29
415,896.09,1678.29
416,896.09,1678.29
417,896.09,1678.29
418,896.09,1678.29
419,896.09,1678.29
420,896.09,1678.29
421,896.09,1678.29
422,896.09,1678.29
423,896.09,1678.29
424,896.09,1678.29
425,896.09,1678.29
426,896.09,1678.29
427,896.09,1678.29
428,896.09,1678.29
429,896.09,1678.29
430,896.09,1678.29
431,896.09,1678.29
432,896.09,1678.29
433,896.09,1678.29
434,896.09,1678.29
435,896.09,1678.29
436,896.09,1678.29
437,896.09,1678.29
438,896.09,1678.29
439,896.09,1678.29
440,896.09,1678.29
441,896.09,1678.29
442,896.09,1678.29
443,896.09,1678.29
444,896.09,1678.29
445,896.09,1678.29
446,896.09,1678.29
447,896.09,1678.29
448,896.09,1678.29
449,896.09,1678.29
450,896.09,1678.29
451,896.09,1678.29
452,896.09,1678.29
453,896.09,1678.29
454,896.09,1678.29
455,896.09,1678.29
456,896.09,1678.29
457,896.09,1678.29
458,896.09,1678.29
459,896.09,1678.29
460,896.09,1678.29
461,896.09,1678.29
462,896.09,1678.29
463,896.09,1678.29
464,896.09,1678.29
465,896.09,1678.29
466,896.09,1678.29
467,896.09,1678.29
468,896.09,1678.29
469,896.09,1678.29
470,896.09,1678.29
471,896.09,1678.29
472,896.09,1678.29
473,896.09,1678.29
474,896.09,1678.29
475,896.09,1678.29
476,896.09,1678.29
477,896.09,1678.29
478,896.09,1678.29
479,896.09,1678.29
480,896.09,1678.29
481,896.09,1678.29
482,896.09,1678.29
483,896.09,1678.29
484,896.09,1678.29
485,896.09,1678.29
486,896.09,1678.29
487,896.09,1678.29
488,896.09,1678.29
489,896.09,1678.29
490,896.09,1678.29
491,896.09,1678.29
492,896.09,1678.29
493,896.09,1678.29
494,895.81,1678.07
495,895.43,1677.74
496,895.14,1677.51
497,894.76,1677.18
498,894.47,1676.96
499,894.19,1676.63
500,893.81,1676.29
501,893.52,1676.07
502,893.14,1675.85
503,892.85,1675.52
504,892.57,1675.19
505,892.19,1674.96
506,891.9,1674.74
507,891.52,1674.41
508,891.23,1674.19
509,890.95,1673.85
510,890.57,1673.52
511,890.28,1673.3
512,889.9,1673.08
513,889.61,1672.75
514,889.61,1672.75
515,889.61,1672.75
516,889.61,1672.75
517,889.61,1672.75
518,889.61,1672.75
519,889.61,1672.75
520,889.61,1672.75
521,889.61,1672.75
522,889.61,1672.75
523,889.61,1672.75
524,885.9,1673.63
525,882.18,1674.52
526,878.37,1675.3
527,874.65,1676.18
528,870.94,1677.07
529,867.22,1677.96
530,863.51,1678.84
531,859.7,1679.62
532,855.98,1680.51
533,852.26,1681.39
534,849.69,1681.06
535,847.12,1680.73
536,844.55,1680.4
537,841.97,1680.06
538,839.4,1679.73
539,836.83,1679.4
540,834.26,1679.07
541,831.68,1678.73
542,829.11,1678.4
543,826.54,1678.07
544,824.82,1677.51
545,823.11,1676.85
546,821.3,1676.29
547,819.58,1675.74
548,817.87,1675.19
549,816.15,1674.52
550,814.44,1673.97
551,812.63,1673.41
552,810.91,1672.75
553,809.2,1672.19
554,801.67,1671.75
555,794.14,1671.42
556,786.52,1670.97
557,778.99,1670.53
558,771.47,1670.09
559,763.94,1669.75
560,756.32,1669.31
561,748.79,1668.87
562,741.26,1668.42
563,733.74,1668.09
564,726.21,1667.65
565,718.59,1667.2
566,711.06,1666.87
567,703.53,1666.43
568,696.01,1665.98
569,688.39,1665.54
570,680.86,1665.21
571,673.33,1664.76
572,665.8,1664.32
573,658.18,1663.88
574,650.66,1663.54
575,643.13,1663.1
576,633.31,1662.77
577,623.6,1662.55
578,613.78,1662.21
579,603.97,1661.88
580,594.25,1661.66
581,584.44,1661.33
582,574.62,1660.99
583,564.9,1660.77
584,555.09,1660.44
585,545.28,1660.11
586,535.56,1659.88
587,525.75,1659.55
588,515.93,1659.22
589,506.21,1659.0
590,496.4,1658.67
591,402.55,1657.78
592,308.7,1656.78
593,295.74,1656.0
594,282.88,1655.23
595,269.92,1654.45
596,256.97,1653.68
597,244.01,1652.9
598,231.15,1652.23
599,218.19,1651.46
600,205.23,1650.68
601,192.27,1649.91
602,179.41,1649.13
603,166.45,1648.35
604,155.97,1648.35
605,145.49,1648.24
606,135.01,1648.24
607,124.53,1648.13
608,114.14,1648.13
609,103.66,1648.02
610,93.18,1647.91
611,82.7,1647.91
612,72.22,1647.8
613,61.74,1647.8
614,60.6,1647.69
615,59.36,1647.58
616,58.22,1647.47
617,57.07,1647.47
618,55.93,1647.36
619,54.69,1647.25
620,53.55,1647.13
621,52.4,1647.02
622,51.16,1646.91
623,50.02,1646.8
624,48.88,1646.8
625,47.64,1646.69
626,46.5,1646.58
627,45.35,1646.47
628,44.11,1646.36
629,42.97,1646.25
630,41.83,1646.25
631,40.68,1646.14
632,39.45,1646.03
633,38.3,1645.91
634,38.3,1645.91
635,38.3,1645.91
636,38.3,1645.91
637,38.3,1645.91
638,38.3,1645.91
639,38.3,1645.91
640,38.3,1645.91
641,38.3,1645.91
642,38.3,1645.91
643,38.3,1645.91
644,38.3,1645.91
645,38.3,1645.91
646,38.3,1645.91
647,38.3,1645.91
648,38.3,1645.91
649,38.3,1645.91
650,38.3,1645.91
651,38.3,1645.91
652,38.3,1645.91
653,38.3,1645.91
654,38.21,1646.03
655,38.21,1646.14
656,38.21,1646.36
657,38.11,1646.47
658,38.11,1646.58
659,38.02,1646.69
660,37.92,1646.8
661,37.92,1647.02
662,37.83,1647.13
663,37.83,1647.25
