3,1092.37,3307.13
4,1091.32,3307.02
5,1090.36,3306.91
6,1089.32,3306.8
7,1088.36,3306.69
8,1087.32,3306.58
9,1084.93,3305.25
10,1082.55,3303.8
11,1080.26,3302.47
12,1077.88,3301.14
13,1075.5,3299.7
14,1073.21,3298.37
15,1070.83,3297.04
16,1068.45,3295.71
17,1066.07,3294.27
18,1063.69,3292.94
19,1061.4,3291.61
20,1059.02,3290.17
21,1056.64,3288.84
22,1054.25,3287.51
23,1051.97,3286.06
24,1049.59,3284.73
25,1047.2,3283.4
26,1044.82,3282.07
27,1042.53,3280.63
28,1040.15,3279.3
29,1038.53,3278.52
30,1036.82,3277.75
31,1035.2,3276.86
32,1033.48,3276.09
33,1031.86,3275.31
34,1030.24,3274.53
35,1028.53,3273.76
36,1026.91,3272.87
37,1025.19,3272.09
38,1023.57,3271.32
39,1023.38,3271.21
40,1023.19,3271.1
41,1023.1,3270.87
42,1022.91,3270.76
43,1022.72,3270.65
44,1022.53,3270.54
45,1022.34,3270.43
46,1022.24,3270.21
47,1022.05,3270.1
48,1021.86,3269.99
49,1021.86,3269.99
50,1021.86,3269.99
51,1021.86,3269.99
52,1021.86,3269.99
53,1021.86,3269.99
54,1021.86,3269.99
55,1021.86,3269.99
56,1021.86,3269.99
57,1021.86,3269.99
58,1021.86,3269.99
59,1021.86,3269.99
60,1021.86,3269.99
61,1021.86,3269.99
62,1021.86,3269.99
63,1021.86,3269.99
64,1021.86,3269.99
65,1021.86,3269.99
66,1021.86,3269.99
67,1021.86,3269.99
68,1021.86,3269.99
69,1021.86,3269.99
70,1021.86,3269.99
71,1021.86,3269.99
72,1021.86,3269.99
73,1021.86,3269.99
74,1021.86,3269.99
75,1021.86,3269.99
76,1021.86,3269.99
77,1021.86,3269.99
78,1021.86,3269.99
79,1021.86,3269.99
80,1021.86,3269.99
81,1021.86,3269.99
82,1021.86,3269.99
83,1021.86,3269.99
84,1021.86,3269.99
85,1021.86,3269.99
86,1021.86,3269.99
87,1021.86,3269.99
88,1021.86,3269.99
89,1021.86,3269.99
90,1021.86,3269.99
91,1021.86,3269.99
92,1021.86,3269.99
93,1021.86,3269.99
94,1021.86,3269.99
95,1021.86,3269.99
96,1021.86,3269.99
97,1021.86,3269.99
98,1021.86,3269.99
99,1019.0,3269.21
100,1016.24,3268.44
101,1013.38,3267.66
102,1010.62,3266.88
103,1007.76,3266.11
104,1004.99,3265.33
105,1002.23,3264.55
106,999.37,3263.78
107,996.52,3263.0
108,993.75,3262.23
109,989.66,3261.78
110,985.46,3261.34
111,981.37,3260.78
112,977.27,3260.34
113,973.08,3259.9
114,968.98,3259.45
115,964.79,3259.01
116,960.69,3258.57
117,956.59,3258.01
118,952.4,3257.57
119,948.3,3257.13
120,944.49,3266.33
121,940.78,3275.42
122,936.97,3284.51
123,933.25,3293.71
124,926.96,3292.72
125,920.67,3291.61
126,914.39,3290.61
127,908.1,3289.61
128,901.71,3288.5
129,895.43,3287.51
130,889.14,3286.4
131,882.85,3285.4
132,876.56,3284.4
133,870.27,3283.29
134,863.98,3282.29
135,857.69,3281.3
136,851.41,3280.19
137,845.02,3279.19
138,838.73,3278.08
139,832.45,3277.08
140,826.16,3276.09
141,819.87,3274.98
142,813.58,3273.98
143,807.29,3272.98
144,801.0,3271.87
145,794.72,3270.87
146,788.43,3269.88
147,782.04,3268.77
148,775.76,3267.77
149,769.47,3266.66
150,763.18,3265.66
151,756.89,3264.67
152,750.6,3263.56
153,744.31,3262.56
154,738.03,3261.56
155,731.74,3260.45
156,725.35,3259.45
157,719.06,3258.35
158,712.78,3257.35
159,706.49,3256.35
160,700.2,3255.24
161,693.91,3254.24
162,687.62,3253.25
163,681.33,3252.14
164,675.05,3251.14
165,668.76,3250.03
166,662.37,3249.03
167,656.09,3248.03
168,649.8,3246.93
169,643.51,3245.93
170,637.22,3244.93
171,630.93,3243.82
172,624.64,3242.82
173,618.36,3241.83
174,612.07,3240.72
175,605.68,3239.72
176,599.4,3238.61
177,593.11,3237.61
178,586.82,3236.61
179,580.53,3235.51
180,574.24,3234.51
181,567.95,3233.51
182,561.67,3232.4
183,555.38,3231.4
184,548.99,3230.29
185,542.7,3229.3
186,536.42,3228.3
187,530.13,3227.19
188,523.84,3226.19
189,517.55,3225.19
190,511.26,3224.09
191,504.97,3223.09
192,498.69,3222.09
193,492.3,3220.98
194,486.01,3219.98
195,479.73,3218.87
196,473.44,3217.88
197,467.15,3216.88
198,460.86,3215.77
199,454.57,3214.77
200,448.28,3213.77
201,442.0,3212.67
202,435.71,3211.67
203,429.32,3210.56
204,423.04,3209.56
205,416.75,3208.56
206,410.46,3207.45
207,404.17,3206.46
208,397.41,3200.69
209,390.64,3194.93
210,383.88,3189.05
211,377.11,3183.28
212,370.35,3177.52
213,363.58,3171.75
214,356.82,3165.99
215,350.05,3160.11
216,343.29,3154.35
217,336.52,3148.58
218,327.38,3144.15
219,318.23,3139.71
220,309.08,3135.39
221,299.94,3130.95
222,290.79,3126.52
223,281.74,3122.08
224,272.59,3117.65
225,263.44,3113.32
226,254.3,3108.89
227,245.15,3104.45
228,239.62,3103.68
229,234.19,3102.9
230,228.67,3102.13
231,223.14,3101.35
232,219.62,3103.79
233,216.0,3106.12
234,212.47,3108.56
235,207.71,3112.33
236,203.04,3115.98
237,198.37,3119.75
238,193.61,3123.41
239,188.84,3127.18
240,184.17,3130.95
241,179.41,3134.61
242,174.74,3138.38
243,170.07,3142.04
244,165.31,3145.81
245,160.07,3143.92
246,154.73,3142.04
247,149.49,3140.15
248,144.25,3138.16
249,138.92,3136.27
250,133.68,3134.39
251,131.01,3138.94
252,128.34,3143.37
253,125.77,3147.92
254,123.1,3152.35
255,120.43,3156.9
256,117.76,3161.33
257,115.19,3165.88
258,112.52,3170.31
259,109.86,3174.86
260,107.19,3179.29
261,104.62,3183.84
262,101.95,3188.38
263,99.28,3192.82
264,96.61,3197.37
265,93.94,3201.8
266,91.37,3206.35
267,88.7,3210.78
268,86.04,3215.33
269,83.37,3219.76
270,80.8,3224.31
271,78.13,3228.74
272,75.46,3233.29
273,71.74,3242.05
274,68.03,3250.81
275,64.31,3259.68
276,60.6,3268.44
277,56.88,3277.19
