6,972.51,2196.96
7,972.31,2199.39
8,972.03,2201.94
9,971.84,2204.38
10,971.65,2206.93
11,971.36,2209.37
12,971.17,2211.92
13,969.08,2217.02
14,966.98,2222.23
15,964.98,2227.33
16,962.88,2232.43
17,960.79,2237.53
18,958.69,2242.75
19,956.59,2247.85
20,954.59,2252.95
21,952.5,2258.16
22,950.4,2263.26
23,948.3,2268.36
24,946.21,2273.46
25,944.11,2278.67
26,942.11,2283.77
27,940.02,2288.87
28,937.92,2294.08
29,935.82,2299.18
30,933.73,2304.28
31,931.73,2309.38
32,929.63,2314.59
33,927.53,2319.69
34,926.58,2320.25
35,925.63,2320.8
36,924.58,2321.24
37,923.63,2321.8
38,922.67,2322.35
39,921.72,2322.91
40,920.77,2323.46
41,919.72,2323.91
42,918.77,2324.46
43,917.82,2325.01
44,918.58,2324.24
45,919.24,2323.57
46,920.01,2322.8
47,920.77,2322.02
48,921.53,2321.36
49,922.2,2320.58
50,922.96,2319.91
51,923.72,2319.14
52,924.48,2318.36
53,925.15,2317.7
54,925.91,2316.92
55,928.58,2308.16
56,931.25,2299.4
57,933.92,2290.75
58,936.59,2281.99
59,939.25,2273.24
60,941.92,2264.48
61,944.59,2255.83
62,947.26,2247.07
63,949.16,2239.42
64,951.16,2231.66
65,953.07,2224.01
66,955.07,2216.36
67,956.97,2208.71
68,958.98,2200.95
69,960.88,2193.3
70,962.88,2185.65
71,964.79,2178.0
72,966.79,2170.23
73,968.69,2162.58
74,970.6,2156.82
75,972.51,2150.94
76,974.51,2145.18
77,976.41,2139.3
78,978.32,2133.54
79,980.32,2127.77
80,982.22,2121.89
81,984.13,2116.13
82,986.03,2110.25
83,987.94,2104.49
84,989.94,2098.72
85,991.85,2092.85
86,993.75,2087.08
87,995.66,2081.2
88,997.66,2075.44
89,999.56,2069.67
90,1001.47,2063.8
91,1003.47,2058.03
92,1005.38,2052.15
93,1007.28,2046.39
94,1008.04,2045.28
95,1008.81,2044.17
96,1009.57,2042.95
97,1010.33,2041.84
98,1011.09,2040.73
99,1011.86,2039.63
100,1012.62,2038.52
101,1013.38,2037.41
102,1014.14,2036.3
103,1014.9,2035.08
104,1015.67,2033.97
105,1016.43,2032.86
106,1021.67,2033.08
107,1026.91,2033.42
108,1033.77,2034.64
109,1040.53,2035.86
110,1047.39,2037.08
111,1054.25,2038.3
112,1061.02,2039.4
113,1067.88,2040.62
114,1074.74,2041.84
115,1081.5,2043.06
116,1088.36,2044.28
117,1091.6,2044.62
118,1094.94,2044.84
119,1098.27,2045.17
120,1101.51,2045.5
121,1104.85,2045.72
122,1108.09,2046.06
123,1111.33,2046.39
124,1114.66,2046.72
125,1118.0,2046.94
126,1121.23,2047.28
127,1121.71,2047.28
128,1122.09,2047.39
129,1122.57,2047.39
130,1123.04,2047.39
131,1123.52,2047.5
132,1123.9,2047.5
133,1124.38,2047.5
134,1124.86,2047.61
135,1125.24,2047.61
136,1125.71,2047.72
137,1126.19,2047.72
138,1126.57,2047.72
139,1127.05,2047.83
140,1127.52,2047.83
141,1127.9,2047.83
142,1128.38,2047.94
143,1128.86,2047.94
144,1129.33,2047.94
145,1129.71,2048.05
146,1130.19,2048.05
147,1130.19,2048.05
148,1130.19,2048.05
149,1130.19,2048.05
150,1130.19,2048.05
151,1130.19,2048.05
152,1130.19,2048.05
153,1130.19,2048.05
154,1130.19,2048.05
155,1130.19,2048.05
156,1130.19,2048.05
157,1130.19,2048.05
158,1130.19,2048.05
159,1130.19,2048.05
160,1130.19,2048.05
161,1130.19,2048.05
162,1130.19,2048.05
163,1130.19,2048.05
164,1130.19,2048.05
165,1130.19,2048.05
166,1130.19,2048.05
167,1130.19,2048.05
168,1130.19,2048.05
169,1130.19,2048.05
170,1130.19,2048.05
171,1130.19,2048.05
172,1130.19,2048.05
173,1130.19,2048.05
174,1130.19,2048.05
175,1130.19,2048.05
176,1130.19,2048.05
177,1130.19,2048.05
178,1130.19,2048.05
179,1130.19,2048.05
180,1130.19,2048.05
181,1130.19,2048.05
182,1130.19,2048.05
183,1130.19,2048.05
184,1130.19,2048.05
185,1130.19,2048.05
186,1130.19,2048.05
187,1133.14,2048.38
188,1136.0,2048.72
189,1138.96,2048.94
190,1141.91,2049.27
191,1144.77,2049.6
192,1147.72,2049.94
193,1150.68,2050.27
194,1153.53,2050.49
195,1156.49,2050.82
196,1159.35,2051.16
197,1162.3,2051.49
198,1165.25,2051.82
199,1168.11,2052.04
200,1171.06,2052.38
201,1174.02,2052.71
202,1176.88,2053.04
203,1179.83,2053.37
204,1182.78,2053.6
205,1185.64,2053.93
206,1188.6,2054.26
207,1193.74,2058.47
208,1198.79,2062.8
209,1203.94,2067.01
210,1209.08,2071.22
211,1214.13,2075.55
212,1219.28,2079.76
213,1219.47,2091.63
214,1219.56,2103.38
215,1219.75,2115.24
216,1219.85,2127.66
217,1219.85,2140.08
218,1219.94,2152.49
219,1220.04,2165.02
220,1220.13,2177.44
221,1220.13,2189.86
222,1220.23,2202.28
223,1219.09,2213.48
224,1218.04,2224.67
225,1216.89,2235.87
226,1215.85,2247.07
227,1214.7,2258.27
228,1213.65,2269.47
229,1212.51,2280.66
230,1211.46,2291.86
231,1210.32,2303.06
232,1209.27,2314.26
233,1208.13,2325.46
234,1207.08,2336.54
235,1205.94,2347.74
236,1204.89,2358.94
237,1203.75,2370.14
238,1202.7,2381.34
239,1201.55,2392.54
240,1200.51,2403.73
241,1199.36,2414.93
242,1198.31,2426.13
243,1197.17,2437.33
244,1196.12,2448.53
245,1194.98,2459.72
246,1190.6,2480.24
247,1186.12,2500.64
248,1181.74,2521.15
249,1177.35,2541.66
250,1172.97,2562.17
251,1168.49,2582.57
252,1164.11,2603.08
253,1161.44,2614.06
254,1158.77,2625.15
255,1156.11,2636.12
256,1153.44,2647.1
257,1150.77,2658.08
258,1148.1,2669.16
259,1145.44,2680.14
260,1142.77,2691.12
261,1140.1,2702.2
262,1137.43,2713.18
263,1134.76,2724.16
264,1132.1,2735.25
265,1129.43,2746.22
266,1126.76,2757.2
267,1124.09,2768.29
268,1121.43,2779.26
269,1118.76,2790.24
270,1116.09,2801.21
271,1113.42,2812.3
272,1110.75,2823.28
273,1108.09,2834.26
274,1105.42,2845.34
275,1102.75,2856.32
276,1100.08,2867.3
277,1097.41,2878.27
278,1094.75,2889.36
279,1092.08,2900.34
280,1089.41,2911.31
281,1086.74,2922.4
282,1084.08,2933.38
283,1076.45,2948.23
284,1068.74,2963.2
285,1061.11,2978.06
286,1053.4,2993.03
287,1045.77,3007.88
288,1038.06,3022.85
289,1030.43,3037.71
290,1022.81,3052.56
291,1015.09,3067.53
292,1007.47,3082.39
293,999.75,3097.36
294,992.13,3112.21
295,988.13,3120.75
296,984.13,3129.29
297,980.13,3137.83
298,976.13,3146.47
299,972.12,3155.01
300,968.12,3163.55
301,964.12,3172.09
302,960.12,3180.62
303,957.17,3188.16
304,954.12,3195.59
305,951.16,3203.13
306,948.11,3210.56
307,945.16,3218.1
308,942.21,3225.53
309,939.16,3233.07
310,936.2,3240.49
311,933.16,3248.03
312,930.2,3255.46
