25,42.68,669.12
26,48.97,671.78
27,55.36,674.55
28,61.65,677.21
29,68.03,679.99
30,74.32,682.65
31,80.61,685.42
32,86.99,688.08
33,93.28,690.85
34,99.57,693.62
35,105.95,696.28
36,112.24,699.06
37,118.62,701.72
38,124.91,704.38
39,131.2,707.15
40,137.58,709.81
41,143.87,712.58
42,150.25,715.24
43,156.54,718.02
44,162.83,720.68
45,169.21,723.45
46,175.5,726.22
47,181.89,728.88
48,188.17,731.65
49,194.46,734.31
50,200.85,736.98
51,207.13,739.75
52,213.52,742.41
53,219.81,745.18
54,226.1,747.84
55,232.48,750.61
56,238.77,753.38
57,245.06,756.05
58,251.44,758.82
59,257.73,761.48
60,264.11,764.25
61,270.4,766.91
62,271.64,767.47
63,272.97,768.13
64,274.21,768.68
65,275.45,769.24
66,276.69,769.79
67,277.93,770.35
68,279.26,771.01
69,280.5,771.57
70,281.74,772.12
71,282.98,772.79
72,284.31,773.34
73,285.55,773.9
74,285.64,773.9
75,285.74,773.9
76,285.83,774.01
77,285.83,774.01
78,285.93,774.01
79,286.03,774.01
80,286.12,774.12
81,286.22,774.12
82,286.31,774.12
83,286.31,774.12
84,286.41,774.23
85,286.5,774.23
86,286.6,774.23
87,287.45,774.56
88,288.22,775.0
89,289.07,775.34
90,289.93,775.78
91,290.79,776.11
92,291.55,776.45
93,292.41,776.89
94,293.27,777.22
95,294.03,777.67
96,294.89,778.0
97,297.08,779.44
98,299.27,780.77
99,301.56,782.21
100,303.75,783.54
101,305.94,784.98
102,308.13,786.31
103,310.32,787.64
104,312.61,789.09
105,314.8,790.42
106,316.99,791.86
107,317.75,792.3
108,318.42,792.74
109,319.18,793.19
110,319.85,793.63
111,320.61,794.07
112,321.37,794.63
113,322.04,795.07
114,322.8,795.52
115,323.47,795.96
116,324.23,796.4
117,324.52,796.62
118,324.9,796.74
119,325.18,796.96
120,325.57,797.18
121,325.85,797.29
122,326.23,797.51
123,326.61,797.73
124,326.9,797.96
125,327.28,798.07
126,327.57,798.29
127,328.42,798.73
128,329.19,799.06
129,330.04,799.51
130,330.81,799.95
131,331.66,800.28
132,332.52,800.73
133,333.28,801.17
134,334.14,801.5
135,334.9,801.95
136,335.76,802.28
137,336.62,802.72
138,337.38,803.17
139,338.24,803.5
140,339.0,803.94
141,339.86,804.39
142,340.72,804.72
143,341.48,805.16
144,342.33,805.61
145,343.1,805.94
146,343.95,806.38
147,345.57,807.16
148,347.29,807.93
149,348.91,808.71
150,350.62,809.49
151,352.34,810.26
152,353.96,811.04
153,355.67,811.81
154,357.29,812.59
155,358.91,813.37
156,360.63,814.14
157,365.11,816.36
158,369.58,818.69
159,374.16,820.91
160,378.64,823.23
161,383.11,825.45
162,387.59,827.67
163,392.07,830.0
164,396.64,832.22
165,401.12,834.54
166,405.6,836.76
167,406.93,837.43
168,408.27,837.98
169,409.6,838.65
170,410.94,839.2
171,412.36,839.87
172,413.7,840.53
173,415.03,841.09
174,416.37,841.75
175,417.7,842.3
176,419.03,842.97
177,421.61,844.08
178,424.18,845.19
179,426.75,846.3
180,429.32,847.4
181,431.8,848.51
182,434.37,849.62
183,436.95,850.73
184,439.52,851.84
185,442.09,852.95
186,444.66,854.06
187,446.28,854.94
188,447.9,855.72
189,449.43,856.61
190,451.05,857.49
191,452.67,858.38
192,454.29,859.16
193,455.91,860.04
194,457.43,860.93
195,459.05,861.71
196,460.67,862.59
197,462.29,863.48
198,463.91,864.26
199,465.43,865.14
200,467.05,866.03
201,468.67,866.92
202,470.29,867.69
203,471.91,868.58
204,473.44,869.47
205,475.06,870.24
206,476.68,871.13
207,477.53,871.58
208,478.3,872.02
209,479.06,872.46
210,479.92,872.91
211,480.77,873.35
212,481.54,873.9
213,482.3,874.35
214,483.16,874.79
215,484.01,875.23
216,484.78,875.68
217,486.3,876.45
218,487.92,877.34
219,489.44,878.12
220,491.06,879.0
221,492.59,879.78
222,494.11,880.56
223,495.73,881.44
224,497.26,882.22
225,498.88,883.11
226,500.4,883.88
227,502.59,884.99
228,504.88,886.1
229,507.17,887.21
230,509.36,888.32
231,511.64,889.43
232,513.84,890.53
233,516.03,891.64
234,518.31,892.75
235,520.6,893.86
236,522.79,894.97
237,527.94,897.41
238,533.08,899.85
239,538.23,902.29
240,543.37,904.73
241,548.61,907.28
242,553.76,909.72
243,558.9,912.15
244,564.05,914.59
245,569.19,917.03
246,574.34,919.47
247,575.67,920.14
248,577.01,920.69
249,578.34,921.36
250,579.58,921.91
251,580.91,922.58
252,582.25,923.24
253,583.58,923.8
254,584.91,924.46
255,586.25,925.02
256,587.49,925.68
257,588.82,926.35
258,590.15,926.9
259,591.49,927.57
260,592.82,928.12
261,594.16,928.79
262,595.49,929.45
263,596.73,930.01
264,598.06,930.67
265,599.4,931.23
266,600.73,931.89
267,600.73,931.89
268,600.73,931.89
269,600.73,931.89
270,600.73,931.89
271,600.73,931.89
272,600.73,931.89
273,600.73,931.89
274,600.73,931.89
275,600.73,931.89
276,600.73,931.89
277,600.73,931.89
278,600.73,931.89
279,600.73,931.89
280,600.73,931.89
281,600.73,931.89
282,600.73,931.89
283,600.73,931.89
284,600.73,931.89
285,600.73,931.89
286,601.4,932.22
287,602.06,932.56
288,602.63,932.89
289,603.3,933.22
290,603.97,933.55
291,604.64,933.89
292,605.3,934.22
293,605.97,934.55
294,606.54,934.88
295,607.21,935.22
296,607.88,935.55
297,612.92,938.32
298,617.97,941.2
299,623.12,943.98
300,628.17,946.86
301,633.22,949.63
302,638.27,952.4
303,643.32,955.28
304,648.46,958.06
305,653.51,960.94
306,658.56,963.71
307,662.56,966.04
308,666.57,968.26
309,670.57,970.59
310,674.57,972.91
311,678.57,975.24
312,682.48,977.46
313,686.48,979.79
314,690.48,982.12
315,694.48,984.33
316,698.48,986.66
317,702.49,988.99
318,706.49,991.32
319,710.49,993.54
320,714.49,995.86
321,718.49,998.19
322,722.4,1000.41
323,726.4,1002.74
324,730.4,1005.07
325,734.4,1007.4
326,738.41,1009.61
327,742.41,1011.94
328,742.41,1011.94
329,742.41,1011.94
330,742.41,1011.94
331,742.41,1011.94
332,742.41,1011.94
333,742.41,1011.94
334,742.41,1011.94
335,742.41,1011.94
336,742.41,1011.94
337,742.41,1011.94
338,742.41,1011.94
339,742.41,1011.94
340,742.41,1011.94
341,742.41,1011.94
342,742.41,1011.94
343,742.41,1011.94
344,742.41,1011.94
345,742.41,1011.94
346,742.41,1011.94
347,742.41,1011.94
348,742.41,1011.94
349,742.41,1011.94
350,742.41,1011.94
351,742.41,1011.94
352,742.41,1011.94
353,742.41,1011.94
354,742.41,1011.94
355,742.41,1011.94
356,742.41,1011.94
357,744.12,1012.72
358,745.84,1013.38
359,747.65,1014.16
360,749.36,1014.93
361,751.08,1015.6
362,752.79,1016.38
363,754.51,1017.04
364,756.22,1017.82
365,758.03,1018.59
366,759.75,1019.26
367,761.46,1020.03
368,762.23,1020.48
369,762.89,1020.92
370,763.66,1021.37
371,764.42,1021.81
372,765.08,1022.25
373,765.85,1022.7
374,766.51,1023.14
375,767.28,1023.58
376,768.04,1024.03
377,768.7,1024.36
378,769.47,1024.8
379,770.23,1025.25
380,770.9,1025.69
381,771.66,1026.13
382,772.33,1026.58
383,773.09,1027.02
384,773.85,1027.46
385,774.52,1027.91
386,775.28,1028.35
387,777.76,1029.68
388,780.33,1030.9
389,782.81,1032.12
390,785.38,1033.45
391,787.95,1034.67
392,790.43,1036.0
393,793.0,1037.33
394,795.48,1038.55
395,798.05,1039.77
396,800.53,1041.1
397,801.77,1041.77
398,803.1,1042.32
399,804.34,1042.99
400,805.58,1043.65
401,806.91,1044.32
402,808.15,1044.87
403,809.39,1045.54
404,810.63,1046.2
405,811.96,1046.76
406,813.2,1047.42
407,814.44,1048.09
408,815.68,1048.75
409,817.01,1049.42
410,818.25,1050.08
411,819.49,1050.75
412,820.73,1051.41
413,821.97,1052.08
414,823.3,1052.74
415,824.54,1053.41
416,825.78,1054.07
417,826.25,1054.29
418,826.82,1054.52
419,827.3,1054.85
420,827.78,1055.07
421,828.35,1055.29
422,828.83,1055.51
423,829.3,1055.85
424,829.87,1056.07
425,830.35,1056.29
426,830.35,1056.29
427,830.35,1056.29
428,830.35,1056.29
429,830.35,1056.29
430,830.35,1056.29
431,830.35,1056.29
432,830.35,1056.29
433,830.35,1056.29
434,830.35,1056.29
435,830.35,1056.29
436,830.35,1056.29
437,830.35,1056.29
438,830.35,1056.29
439,830.35,1056.29
440,830.35,1056.29
441,830.35,1056.29
442,830.35,1056.29
443,830.35,1056.29
444,830.35,1056.29
445,830.35,1056.29
446,830.35,1056.29
447,830.35,1056.29
448,830.35,1056.29
449,830.35,1056.29
450,830.35,1056.29
451,830.35,1056.29
452,830.35,1056.29
453,830.35,1056.29
454,830.35,1056.29
455,830.35,1056.29
456,830.35,1056.29
457,830.35,1056.29
458,830.35,1056.29
459,830.35,1056.29
460,830.35,1056.29
461,830.35,1056.29
462,830.35,1056.29
463,830.35,1056.29
464,830.35,1056.29
465,830.35,1056.29
466,830.35,1056.29
467,830.35,1056.29
468,830.35,1056.29
469,830.35,1056.29
470,830.35,1056.29
471,830.35,1056.29
472,830.35,1056.29
473,830.35,1056.29
474,830.35,1056.29
475,830.35,1056.29
476,830.35,1056.29
477,830.35,1056.29
478,830.35,1056.29
479,830.35,1056.29
480,830.35,1056.29
481,830.35,1056.29
482,830.35,1056.29
483,830.35,1056.29
484,830.35,1056.29
485,830.35,1056.29
486,830.35,1056.29
487,831.4,1056.73
488,832.45,1057.18
489,833.49,1057.62
490,834.45,1058.06
491,835.49,1058.51
492,836.54,1058.95
493,837.59,1059.39
494,838.64,1059.84
495,839.69,1060.28
496,840.64,1060.73
497,841.69,1061.17
498,842.74,1061.61
499,843.78,1062.06
500,844.83,1062.5
501,845.88,1062.94
502,846.93,1063.39
503,847.88,1063.83
504,848.93,1064.27
505,849.98,1064.72
506,851.03,1065.16
507,851.88,1065.49
508,852.74,1065.71
509,853.5,1066.05
510,854.36,1066.27
511,855.22,1066.6
512,856.08,1066.93
513,856.93,1067.16
514,857.69,1067.49
515,858.55,1067.71
516,859.41,1068.04
517,861.22,1069.04
518,862.94,1069.93
519,864.75,1070.93
520,866.56,1071.81
521,868.27,1072.81
522,870.08,1073.7
523,871.89,1074.7
524,873.61,1075.58
525,875.42,1076.58
526,876.94,1077.36
527,878.47,1078.02
528,879.99,1078.8
529,881.51,1079.46
530,883.04,1080.24
531,884.47,1080.9
532,885.99,1081.68
533,887.52,1082.35
534,889.04,1083.12
535,890.57,1083.79
536,892.09,1084.56
537,893.61,1088.33
538,895.04,1092.21
539,896.57,1095.98
540,895.71,1099.97
541,894.85,1103.97
542,894.0,1107.96
543,891.71,1114.61
544,889.42,1121.26
545,887.14,1128.03
546,884.85,1134.68
547,882.56,1141.33
548,880.28,1147.98
549,877.99,1154.63
550,875.7,1161.4
551,873.42,1168.05
552,871.13,1174.7
553,870.46,1176.59
554,869.89,1178.47
555,869.32,1180.36
556,868.65,1182.24
557,867.98,1184.13
558,867.41,1186.01
559,866.75,1187.9
560,866.17,1189.78
561,865.6,1191.67
562,864.94,1193.55
563,864.27,1195.44
564,863.7,1197.32
565,863.03,1199.21
566,862.46,1201.09
567,861.89,1202.98
568,861.22,1204.86
569,860.55,1206.75
570,859.98,1208.63
571,859.31,1210.52
572,858.74,1212.4
573,858.74,1212.4
574,858.74,1212.4
575,858.74,1212.4
576,858.74,1212.4
577,858.74,1212.4
578,858.74,1212.4
579,858.74,1212.4
580,858.74,1212.4
581,858.74,1212.4
582,858.74,1212.4
583,858.36,1212.84
584,858.08,1213.29
585,857.69,1213.84
586,857.41,1214.28
587,857.12,1214.73
588,856.74,1215.17
589,856.46,1215.62
590,856.08,1216.17
591,855.79,1216.61
592,855.41,1217.06
593,854.84,1220.72
594,854.26,1224.26
595,853.79,1227.92
596,853.22,1231.47
597,852.65,1235.13
598,852.07,1238.79
599,851.5,1242.34
600,851.03,1245.99
601,850.45,1249.54
602,849.88,1253.2
603,849.22,1260.52
604,848.55,1267.84
605,847.88,1275.04
606,847.21,1282.36
607,846.55,1289.68
608,845.88,1297.0
609,845.21,1304.2
610,844.55,1311.52
611,843.88,1318.84
612,843.21,1324.6
613,842.55,1330.37
614,841.88,1336.02
615,841.21,1341.79
616,840.54,1347.55
617,839.97,1353.32
618,839.31,1358.97
619,838.64,1364.74
620,837.97,1370.51
621,837.31,1376.27
622,836.64,1381.93
623,835.97,1387.69
624,835.3,1393.46
625,834.64,1399.22
626,833.97,1404.88
627,833.4,1410.64
628,832.73,1416.41
629,832.06,1422.17
630,831.4,1427.83
631,830.73,1433.59
632,830.06,1439.36
633,829.59,1440.47
634,829.21,1441.46
635,828.73,1442.46
636,828.25,1443.57
637,827.78,1444.68
638,827.4,1445.68
639,826.92,1446.79
640,826.44,1447.78
641,826.06,1448.89
642,825.59,1449.89
643,824.54,1455.43
644,823.59,1460.98
645,822.54,1466.41
646,821.49,1471.95
647,820.44,1477.5
648,819.49,1483.04
649,818.44,1488.59
650,817.39,1494.02
651,816.44,1499.56
652,815.39,1505.11
653,815.3,1506.77
654,815.3,1508.54
655,815.3,1510.21
656,815.2,1511.87
657,815.11,1513.64
658,815.11,1515.31
659,815.01,1516.97
660,815.01,1518.63
661,814.91,1520.41
662,814.91,1522.07
663,815.11,1524.06
664,815.39,1526.06
665,815.58,1528.17
666,815.87,1530.16
667,816.06,1532.16
668,816.25,1534.15
669,816.53,1536.15
670,816.73,1538.26
671,817.01,1540.25
672,817.2,1542.25
673,817.39,1544.8
674,817.68,1547.46
675,817.87,1550.01
676,818.06,1552.56
677,818.34,1555.22
678,818.54,1557.77
679,818.73,1560.32
680,818.92,1562.98
681,819.2,1565.53
682,819.39,1568.19
683,819.58,1570.74
684,819.87,1573.29
685,820.06,1575.95
686,820.25,1578.5
687,820.54,1581.05
688,820.73,1583.71
689,820.92,1586.26
690,821.11,1588.81
691,821.39,1591.48
692,821.58,1594.03
693,821.87,1599.46
694,822.16,1605.0
695,822.54,1610.44
696,822.82,1615.87
697,823.11,1621.41
698,823.39,1626.84
699,823.68,1632.28
700,824.06,1637.71
701,824.35,1643.25
702,824.63,1648.69
703,822.25,1650.57
704,819.96,1652.57
705,817.58,1654.56
706,815.3,1656.45
707,807.96,1656.78
708,800.62,1657.0
709,791.19,1657.67
710,781.85,1658.44
711,772.52,1659.11
712,763.08,1659.77
713,753.65,1660.55
714,744.31,1661.22
715,734.98,1661.88
716,725.54,1662.55
717,716.11,1663.32
718,706.77,1663.99
719,694.67,1663.99
720,682.67,1663.99
721,670.66,1663.99
722,658.56,1663.99
723,646.46,1663.99
724,634.46,1663.99
725,622.45,1663.99
726,610.35,1663.99
727,598.25,1663.99
728,586.25,1663.99
729,576.05,1664.21
730,565.86,1664.54
731,555.66,1664.76
732,545.37,1665.1
733,535.18,1665.32
734,524.98,1665.65
735,514.79,1665.87
736,504.59,1666.2
737,494.4,1666.43
738,484.2,1666.76
739,473.91,1666.98
740,463.72,1667.2
741,453.52,1667.53
742,443.33,1667.76
743,433.13,1668.09
744,422.94,1668.31
745,412.65,1668.64
746,402.46,1668.87
747,392.26,1669.2
748,382.07,1669.42
749,375.02,1669.09
750,367.96,1668.75
751,360.82,1668.42
752,353.77,1668.09
753,346.72,1667.76
754,339.67,1667.53
755,332.62,1667.2
756,325.47,1666.87
757,318.42,1666.54
758,311.37,1666.2
759,310.8,1666.09
760,310.13,1666.09
761,309.56,1665.98
762,308.99,1665.98
763,308.42,1665.87
764,307.75,1665.76
765,307.18,1665.76
766,306.61,1665.65
767,305.94,1665.65
768,305.37,1665.54
769,305.37,1665.54
770,305.37,1665.54
771,305.37,1665.54
772,305.37,1665.54
773,305.37,1665.54
774,305.37,1665.54
775,305.37,1665.54
776,305.37,1665.54
777,305.37,1665.54
778,305.37,1665.54
779,305.37,1665.54
780,305.37,1665.54
781,305.37,1665.54
782,305.37,1665.54
783,305.37,1665.54
784,305.37,1665.54
785,305.37,1665.54
786,305.37,1665.54
787,305.37,1665.54
788,305.37,1665.54
789,305.37,1665.54
790,305.37,1665.54
791,305.37,1665.54
792,305.37,1665.54
793,305.37,1665.54
794,305.37,1665.54
795,305.37,1665.54
796,305.37,1665.54
797,305.37,1665.54
798,305.37,1665.54
799,305.37,1665.54
800,305.37,1665.54
801,305.37,1665.54
802,305.37,1665.54
803,305.37,1665.54
804,305.37,1665.54
805,305.37,1665.54
806,305.37,1665.54
807,305.37,1665.54
808,305.37,1665.54
809,305.37,1665.54
810,305.37,1665.54
811,305.37,1665.54
812,305.37,1665.54
813,305.37,1665.54
814,305.37,1665.54
815,305.37,1665.54
816,305.37,1665.54
817,305.37,1665.54
818,305.37,1665.54
819,305.37,1665.54
820,305.37,1665.54
821,305.37,1665.54
822,305.37,1665.54
823,305.37,1665.54
824,305.37,1665.54
825,305.37,1665.54
826,305.37,1665.54
827,305.37,1665.54
828,305.37,1665.54
829,305.37,1665.54
830,305.37,1665.54
831,305.37,1665.54
832,305.37,1665.54
833,305.37,1665.54
834,305.37,1665.54
835,305.37,1665.54
836,305.37,1665.54
837,305.37,1665.54
838,305.37,1665.54
839,305.37,1665.54
840,305.37,1665.54
841,305.37,1665.54
842,305.37,1665.54
843,305.37,1665.54
844,305.37,1665.54
845,305.37,1665.54
846,305.37,1665.54
847,305.37,1665.54
848,305.37,1665.54
849,305.37,1665.54
850,305.37,1665.54
851,305.37,1665.54
852,305.37,1665.54
853,305.37,1665.54
854,305.37,1665.54
855,305.37,1665.54
856,305.37,1665.54
857,305.37,1665.54
858,305.37,1665.54
859,305.37,1665.54
860,305.37,1665.54
861,305.37,1665.54
862,305.37,1665.54
863,305.37,1665.54
864,305.37,1665.54
865,305.37,1665.54
866,305.37,1665.54
867,305.37,1665.54
868,305.37,1665.54
869,305.37,1665.54
870,305.37,1665.54
871,305.37,1665.54
872,305.37,1665.54
873,305.37,1665.54
874,305.37,1665.54
875,305.37,1665.54
876,305.37,1665.54
877,305.37,1665.54
878,305.37,1665.54
879,305.46,1665.43
880,305.46,1665.32
881,305.56,1665.21
882,305.65,1665.1
883,305.65,1664.98
884,305.75,1664.98
885,305.84,1664.87
886,305.94,1664.76
887,305.94,1664.65
888,306.03,1664.54
889,306.03,1664.54
890,306.03,1664.54
891,306.03,1664.54
892,306.03,1664.54
893,306.03,1664.54
894,306.03,1664.54
895,306.03,1664.54
896,306.03,1664.54
897,306.03,1664.54
898,306.03,1664.54
899,306.03,1664.54
900,306.03,1664.54
901,306.03,1664.54
902,306.03,1664.54
903,306.03,1664.54
904,306.03,1664.54
905,306.03,1664.54
906,306.03,1664.54
907,306.03,1664.54
908,306.03,1664.54
909,306.03,1664.54
910,306.03,1664.54
911,306.03,1664.54
912,306.03,1664.54
913,306.03,1664.54
914,306.03,1664.54
915,306.03,1664.54
916,306.03,1664.54
917,306.03,1664.54
918,306.03,1664.54
919,306.03,1664.54
920,306.03,1664.54
921,306.03,1664.54
922,306.03,1664.54
923,306.03,1664.54
924,306.03,1664.54
925,306.03,1664.54
926,306.03,1664.54
927,306.03,1664.54
928,306.03,1664.54
929,306.03,1664.54
930,306.03,1664.54
931,306.03,1664.54
932,306.03,1664.54
933,306.03,1664.54
934,306.03,1664.54
935,306.03,1664.54
936,306.03,1664.54
937,306.03,1664.54
938,306.03,1664.54
939,306.03,1664.54
940,306.03,1664.54
941,306.03,1664.54
942,306.03,1664.54
943,306.03,1664.54
944,306.03,1664.54
945,306.03,1664.54
