32,1643.74,234.72
33,1636.98,246.91
34,1630.31,259.11
35,1623.54,271.31
36,1616.78,283.5
37,1610.01,295.7
38,1603.34,307.9
39,1596.58,320.09
40,1589.81,332.29
41,1583.14,344.48
42,1576.38,356.68
43,1572.0,367.21
44,1567.71,377.75
45,1563.33,388.17
46,1558.94,398.7
47,1554.66,409.23
48,1550.27,419.77
49,1545.98,430.3
50,1541.6,440.83
51,1537.22,451.25
52,1532.93,461.79
53,1528.55,472.32
54,1527.41,484.29
55,1526.26,496.27
56,1525.02,508.24
57,1523.88,520.22
58,1522.74,532.19
59,1521.59,544.17
60,1520.36,556.14
61,1519.21,568.11
62,1518.07,580.09
63,1519.78,590.07
64,1521.5,599.94
65,1523.21,609.91
66,1524.93,619.78
67,1526.64,629.76
68,1528.36,639.74
69,1530.07,649.61
70,1531.79,659.59
71,1533.5,669.45
72,1535.22,679.43
73,1535.79,681.76
74,1536.27,683.98
75,1536.84,686.31
76,1537.41,688.63
77,1537.89,690.85
78,1538.46,693.18
79,1539.03,695.4
80,1539.6,697.73
81,1540.08,700.05
82,1540.65,702.27
83,1541.22,704.6
84,1541.7,706.93
85,1542.27,709.15
86,1542.84,711.47
87,1543.32,713.69
88,1543.89,716.02
89,1544.46,718.35
90,1544.94,720.57
91,1545.51,722.89
92,1546.08,725.22
93,1546.65,727.44
94,1547.13,729.77
95,1547.7,732.1
96,1548.27,734.31
97,1548.75,736.64
98,1549.32,738.86
99,1549.89,741.19
100,1550.37,743.52
101,1550.94,745.73
102,1551.51,748.06
103,1552.08,750.39
104,1552.56,752.61
105,1553.13,754.94
106,1553.7,757.15
107,1554.18,759.48
108,1554.75,761.81
109,1555.32,764.03
110,1555.8,766.36
111,1556.37,768.68
112,1556.94,770.9
113,1557.42,773.23
114,1557.99,775.45
115,1558.56,777.78
116,1559.13,780.1
117,1559.61,782.32
118,1560.18,784.65
119,1560.75,786.98
120,1561.23,789.2
121,1561.8,791.52
122,1562.37,793.85
123,1562.85,796.07
124,1563.42,798.4
125,1563.99,800.62
126,1564.47,802.94
127,1565.04,805.27
128,1565.61,807.49
129,1566.18,809.82
130,1566.66,812.15
131,1567.23,814.36
132,1567.8,816.69
133,1568.28,818.91
134,1568.85,821.24
135,1569.42,823.57
136,1569.9,825.78
137,1570.47,828.11
138,1571.04,830.44
139,1571.61,832.66
140,1572.09,834.99
141,1572.66,837.32
142,1573.23,839.53
143,1573.71,841.86
144,1574.28,844.08
145,1574.85,846.41
146,1575.33,848.74
147,1575.9,850.95
148,1576.47,853.28
149,1576.95,855.61
150,1577.52,857.83
151,1578.09,860.16
152,1578.67,862.37
153,1579.14,864.7
154,1579.71,867.03
155,1580.29,869.25
156,1580.76,871.58
157,1581.33,873.9
158,1581.9,876.12
159,1582.38,878.45
160,1582.95,880.67
161,1583.52,883.0
162,1584.0,885.32
163,1584.57,887.54
164,1585.14,889.87
165,1585.72,892.2
166,1586.19,894.42
167,1586.76,896.74
168,1587.34,899.07
169,1587.81,901.29
170,1588.38,903.62
171,1588.96,905.84
172,1589.43,908.16
173,1590.0,910.49
174,1590.58,912.71
175,1591.15,915.04
176,1591.62,917.37
177,1592.19,919.58
178,1592.77,921.91
179,1593.24,924.13
180,1593.81,926.46
181,1594.39,928.79
182,1594.86,931.0
183,1595.43,933.33
184,1596.01,935.66
185,1596.48,937.88
186,1597.05,940.21
187,1597.63,942.53
188,1598.2,944.75
189,1598.67,947.08
190,1599.25,949.3
191,1599.82,951.63
192,1600.29,953.95
193,1600.87,956.17
194,1601.44,958.5
195,1601.91,960.83
196,1602.48,963.05
197,1603.06,965.37
198,1603.53,967.59
199,1604.1,969.92
200,1604.68,972.25
201,1605.25,974.47
202,1605.72,976.79
203,1606.3,979.12
204,1606.87,981.34
205,1607.34,983.67
206,1607.92,985.89
207,1608.49,988.21
208,1608.96,990.54
209,1609.54,992.76
210,1610.11,995.09
211,1610.68,997.42
212,1611.16,999.63
213,1611.73,1001.96
214,1612.3,1004.29
215,1612.77,1006.51
216,1613.35,1008.84
217,1613.92,1011.05
218,1614.39,1013.38
219,1614.97,1015.71
220,1615.54,1017.93
221,1616.01,1020.26
222,1616.59,1022.58
223,1617.16,1024.8
224,1617.73,1027.13
225,1618.21,1029.35
226,1618.78,1031.68
227,1619.35,1034.0
228,1619.83,1036.22
229,1620.4,1038.55
230,1589.24,1461.09
231,1206.7,2104.04
232,1198.31,2253.5
233,1194.98,2271.35
234,1191.65,2289.2
235,1188.41,2306.94
236,1185.07,2324.79
237,1181.74,2342.64
238,1178.4,2360.49
239,1175.07,2378.23
240,1171.83,2396.08
241,1168.49,2413.93
242,1165.16,2431.78
243,1161.82,2449.52
244,1158.49,2467.38
245,1155.25,2485.23
246,1151.91,2503.08
247,1148.58,2520.93
248,1145.24,2538.67
249,1141.91,2556.52
250,1138.67,2574.37
251,1135.34,2592.22
252,1132.0,2609.96
253,1128.67,2627.81
254,1125.43,2645.66
255,1122.09,2663.51
256,1118.76,2681.25
257,1115.42,2699.1
258,1112.09,2716.95
259,1108.85,2734.8
260,1105.51,2752.65
261,1102.18,2770.39
262,1098.84,2788.24
263,1095.51,2806.09
264,1092.27,2823.94
265,1088.94,2841.68
266,1085.6,2859.53
267,1082.27,2877.38
268,1078.93,2895.24
269,1075.69,2912.98
270,1072.36,2930.83
271,1069.02,2948.68
272,1065.69,2955.11
273,1062.35,2961.43
274,1058.92,2967.86
275,1055.59,2974.29
276,1052.25,2980.61
277,1048.92,2987.04
278,1045.58,2993.47
279,1042.15,2999.9
280,1038.82,3006.22
281,1035.48,3012.65
282,1032.15,3018.97
283,1028.81,3025.4
284,1025.48,3031.72
285,1022.15,3038.04
286,1018.72,3044.47
287,1015.38,3050.79
288,1012.05,3057.11
289,1008.71,3063.43
290,1005.38,3069.86
291,1002.04,3076.18
292,998.71,3083.05
293,995.37,3089.82
294,992.04,3096.69
295,988.7,3103.57
296,985.37,3110.44
297,982.13,3117.2
298,978.79,3124.08
299,975.46,3130.95
300,972.12,3137.72
301,968.79,3144.59
302,965.45,3152.35
303,962.12,3160.22
304,958.79,3167.98
305,955.45,3175.74
306,952.02,3183.62
307,948.69,3191.38
308,945.35,3199.14
309,942.02,3206.9
310,938.68,3214.77
311,935.35,3222.53
