69,4.57,2441.21
70,5.81,2438.66
71,7.05,2436.11
72,8.38,2433.67
73,9.62,2431.12
74,10.86,2428.57
75,12.1,2426.02
76,13.34,2423.47
77,14.67,2421.03
78,15.91,2418.48
79,17.15,2415.93
80,18.39,2413.38
81,19.63,2410.83
82,20.96,2408.39
83,22.2,2405.84
84,23.44,2403.29
85,24.68,2400.74
86,25.92,2398.19
87,27.25,2395.75
88,28.49,2393.2
89,29.73,2390.65
90,30.68,2389.32
91,31.63,2387.99
92,32.59,2386.66
93,33.44,2385.22
94,34.4,2383.89
95,35.35,2382.56
96,36.3,2381.23
97,37.25,2379.9
98,38.21,2378.57
99,39.16,2377.24
100,40.02,2375.79
101,40.97,2374.46
102,41.92,2373.13
103,42.88,2371.8
104,44.59,2369.03
105,46.21,2366.26
106,47.92,2363.38
107,49.64,2360.6
108,51.35,2357.83
109,53.07,2355.06
110,54.69,2352.29
111,56.4,2349.52
112,58.12,2346.75
113,59.83,2343.86
114,61.45,2341.09
115,63.17,2338.32
116,68.12,2330.45
117,73.17,2322.57
118,78.13,2314.59
119,83.08,2306.72
120,84.7,2303.95
121,86.23,2301.07
122,87.85,2298.29
123,89.47,2295.41
124,90.99,2292.64
125,92.61,2289.76
126,94.13,2286.98
127,95.75,2284.1
128,97.37,2281.33
129,98.9,2278.45
130,100.52,2275.68
131,101.38,2274.01
132,102.14,2272.35
133,103.0,2270.69
134,103.76,2269.13
135,104.62,2267.47
136,105.38,2265.81
137,106.24,2264.14
138,107.0,2262.48
139,107.85,2260.82
140,108.62,2259.27
141,109.47,2257.6
142,110.24,2255.94
143,111.09,2254.28
144,111.86,2252.61
145,112.71,2250.95
146,113.48,2249.4
147,114.33,2247.74
148,115.1,2246.07
149,115.95,2244.41
150,116.14,2244.3
151,116.33,2244.3
152,116.43,2244.19
153,116.62,2244.19
154,116.81,2244.08
155,117.0,2243.97
156,117.19,2243.97
157,117.29,2243.85
158,117.48,2243.85
159,117.67,2243.74
160,117.95,2243.74
161,118.15,2243.63
162,118.43,2243.63
163,118.72,2243.52
164,118.91,2243.41
165,119.19,2243.41
166,119.48,2243.3
167,119.76,2243.3
168,119.96,2243.19
169,120.24,2243.19
170,120.43,2243.19
171,120.62,2243.19
172,120.81,2243.08
173,121.0,2243.08
174,121.29,2243.08
175,121.48,2243.08
176,121.67,2243.08
177,121.86,2242.97
178,122.05,2242.97
179,122.24,2242.97
180,122.43,2242.97
181,122.62,2242.97
182,122.91,2242.86
183,123.1,2242.86
184,123.29,2242.86
185,123.48,2242.86
186,123.67,2242.86
187,123.96,2242.75
188,124.15,2242.75
189,124.34,2242.75
190,124.53,2242.75
191,124.72,2242.75
192,124.91,2242.75
193,125.01,2242.63
194,125.2,2242.63
195,125.39,2242.63
196,125.58,2242.63
197,125.77,2242.63
198,125.96,2242.63
199,126.15,2242.52
200,126.24,2242.52
201,126.43,2242.52
202,126.62,2242.52
203,126.82,2242.52
204,127.01,2242.52
205,127.2,2242.52
206,127.29,2242.41
207,127.48,2242.41
208,127.67,2242.41
209,127.86,2242.41
210,128.15,2241.86
211,128.44,2241.42
212,128.72,2240.86
213,129.01,2240.31
214,129.29,2239.75
215,129.58,2239.31
216,129.86,2238.75
217,130.15,2238.2
218,130.44,2237.76
219,130.72,2237.2
220,132.63,2233.88
221,134.53,2230.66
222,136.34,2227.33
223,138.25,2224.12
224,140.15,2220.79
225,142.06,2217.58
226,143.97,2214.25
227,145.78,2211.04
228,147.68,2207.71
229,149.59,2204.49
230,149.97,2203.5
231,150.35,2202.5
232,150.83,2201.5
233,151.21,2200.5
234,151.59,2199.51
235,151.97,2198.51
236,152.35,2197.51
237,152.83,2196.51
238,153.21,2195.51
239,153.59,2194.52
240,153.3,2194.41
241,153.02,2194.41
242,152.64,2194.29
243,152.35,2194.18
244,152.06,2194.07
245,151.78,2194.07
246,151.49,2193.96
247,151.21,2193.85
248,150.83,2193.74
249,150.54,2193.74
250,150.25,2193.63
251,150.54,2192.52
252,150.83,2191.41
253,151.11,2190.3
254,151.49,2189.3
255,151.78,2188.2
256,152.06,2187.09
257,152.35,2185.98
258,152.64,2184.87
259,152.92,2183.76
260,153.3,2182.76
261,153.59,2181.65
262,153.87,2180.55
263,154.16,2179.44
264,154.45,2178.33
265,154.73,2177.22
266,155.11,2176.22
267,155.4,2175.11
268,155.68,2174.0
269,155.97,2172.9
270,157.4,2170.35
271,158.83,2167.68
272,160.26,2165.13
273,161.69,2162.58
274,163.12,2159.92
275,164.64,2157.37
276,166.07,2154.82
277,167.5,2152.27
278,168.93,2149.61
279,170.36,2147.06
280,172.93,2144.29
281,175.5,2141.52
282,178.08,2138.75
283,180.65,2135.97
284,183.12,2133.2
285,185.7,2130.43
286,188.27,2127.66
287,190.84,2124.89
288,193.41,2125.33
289,196.08,2125.77
290,198.66,2126.22
291,202.85,2128.66
292,206.94,2131.21
293,211.04,2133.65
294,215.23,2136.09
295,219.43,2138.64
296,223.52,2141.07
297,227.62,2143.51
298,231.81,2146.06
299,236.0,2148.5
300,240.1,2150.94
301,244.2,2153.49
302,248.39,2155.93
303,253.54,2159.81
304,258.78,2163.58
305,263.92,2167.46
306,269.07,2171.34
307,274.21,2175.22
308,279.45,2178.99
309,284.6,2182.87
310,285.93,2184.09
311,287.36,2185.42
312,288.69,2186.64
313,290.12,2187.86
314,291.46,2189.19
315,292.89,2190.41
316,294.22,2191.63
317,295.65,2192.96
318,296.98,2194.18
319,298.41,2195.4
320,299.84,2196.73
321,301.17,2197.95
322,302.6,2199.17
323,303.94,2200.5
324,305.27,2201.72
325,306.7,2202.94
326,308.03,2204.27
327,309.46,2205.49
328,310.8,2206.71
329,312.23,2208.04
330,313.66,2209.26
331,314.99,2210.48
332,316.42,2211.81
333,317.75,2213.03
334,319.18,2214.25
335,320.52,2215.58
336,321.85,2216.8
337,323.28,2218.02
338,324.61,2219.35
339,326.04,2220.57
340,326.04,2220.57
341,327.85,2222.35
342,329.66,2224.12
343,331.47,2225.89
344,333.28,2227.67
345,335.09,2229.44
346,336.81,2231.1
347,338.62,2232.88
348,340.43,2234.65
349,342.24,2236.43
350,344.05,2238.2
351,345.86,2239.97
352,346.81,2240.64
353,347.77,2241.3
354,348.81,2241.97
355,349.77,2242.63
356,350.72,2243.41
357,351.67,2244.08
358,352.72,2244.74
359,353.67,2245.41
360,354.63,2246.07
361,357.67,2249.62
362,360.72,2253.06
363,363.77,2256.61
364,366.82,2260.15
365,369.87,2263.7
366,373.01,2267.14
367,376.06,2270.69
368,379.11,2274.23
369,382.16,2277.67
370,385.21,2281.22
371,391.4,2285.1
372,397.6,2288.98
373,403.88,2292.86
374,410.08,2296.85
375,416.27,2300.73
376,422.56,2304.61
377,428.75,2308.49
378,434.95,2312.37
379,441.14,2316.25
380,447.33,2320.25
381,453.62,2324.13
382,459.81,2328.01
383,466.01,2331.89
384,472.2,2335.77
385,478.49,2339.65
386,484.68,2343.53
387,490.87,2347.52
388,497.16,2351.4
389,503.36,2355.28
390,509.55,2359.16
391,514.88,2361.93
392,520.12,2364.71
393,525.46,2367.48
394,530.7,2370.14
395,536.04,2372.91
396,541.37,2375.68
397,546.61,2378.45
398,551.95,2381.23
399,557.47,2385.55
400,563.0,2389.99
401,568.53,2394.31
402,575.67,2396.86
403,582.82,2399.52
404,589.96,2402.07
405,597.11,2404.62
406,604.35,2407.28
407,611.5,2409.83
408,618.64,2412.38
409,625.79,2414.93
410,632.93,2417.59
411,640.08,2420.14
412,647.42,2421.58
413,654.75,2422.92
414,662.18,2424.25
415,669.52,2425.69
416,676.86,2427.02
417,684.19,2428.46
418,691.53,2429.9
419,698.96,2431.23
420,706.3,2432.56
421,713.63,2434.0
422,722.3,2433.89
423,730.97,2433.78
424,739.74,2433.67
425,748.41,2433.56
426,757.08,2433.45
427,765.75,2433.45
428,774.42,2433.34
429,783.09,2433.23
430,791.86,2433.12
431,800.53,2433.0
432,809.2,2432.89
433,818.73,2432.23
434,828.35,2431.56
435,837.88,2430.9
436,847.4,2430.23
437,856.93,2429.57
438,866.56,2428.9
439,876.08,2428.24
440,885.61,2427.57
441,895.14,2427.02
442,904.76,2426.35
443,914.29,2425.69
444,923.82,2425.02
445,933.35,2424.36
446,942.87,2423.69
447,952.5,2423.03
448,962.02,2422.36
449,1024.24,2347.74
450,1035.77,2344.97
451,1047.3,2342.2
452,1056.25,2341.64
453,1065.21,2341.2
454,1074.17,2340.65
455,1083.12,2340.2
456,1092.08,2339.65
457,1101.04,2339.21
458,1109.99,2338.65
459,1117.61,2339.21
460,1120.47,2340.43
461,1123.43,2341.53
462,1126.28,2342.75
463,1129.24,2343.97
464,1132.19,2345.19
465,1135.05,2346.3
466,1138.0,2347.52
467,1140.86,2348.74
468,1143.82,2349.85
469,1146.67,2351.07
470,1146.2,2351.96
471,1145.82,2352.95
472,1145.44,2353.84
473,1144.96,2354.73
474,1144.58,2355.73
475,1144.1,2356.61
476,1143.62,2357.5
477,1143.24,2358.39
478,1142.86,2359.38
479,1142.39,2360.27
480,1141.81,2361.16
481,1141.24,2361.93
482,1140.67,2362.82
483,1140.1,2363.71
484,1139.53,2364.48
485,1138.96,2365.37
486,1138.38,2366.26
487,1137.81,2367.15
488,1137.24,2367.92
489,1136.67,2368.81
490,1136.19,2369.36
491,1135.81,2369.92
492,1135.43,2370.58
493,1134.95,2371.14
494,1134.48,2371.69
495,1134.1,2372.36
496,1133.62,2372.91
497,1133.24,2373.47
498,1132.76,2374.02
499,1132.38,2374.69
500,1131.91,2375.24
501,1131.52,2375.79
502,1131.14,2376.35
503,1130.67,2377.01
504,1130.19,2377.57
505,1129.81,2378.12
506,1129.33,2378.68
507,1128.95,2379.34
508,1128.48,2379.9
509,1128.09,2380.45
510,1127.71,2380.78
511,1127.33,2381.12
512,1127.05,2381.56
513,1126.67,2381.89
514,1126.28,2382.22
515,1125.9,2382.56
516,1125.52,2382.89
517,1125.24,2383.33
518,1124.86,2383.67
519,1124.47,2384.0
520,1126.28,2384.66
521,1128.0,2385.22
522,1129.81,2385.88
523,1131.62,2386.55
524,1133.33,2387.21
525,1135.15,2387.77
526,1136.86,2388.43
527,1138.67,2389.1
528,1140.48,2389.76
529,1142.2,2390.32
530,1144.01,2390.98
531,1147.44,2392.65
532,1150.87,2394.31
533,1154.39,2395.86
534,1157.82,2397.53
535,1161.25,2399.19
536,1164.68,2400.85
537,1168.21,2402.4
538,1171.64,2404.07
539,1175.07,2405.73
540,1183.07,2406.95
541,1190.98,2408.17
542,1198.89,2409.39
543,1206.89,2410.61
544,1214.8,2411.83
545,1222.8,2413.05
546,1230.8,2414.27
547,1238.71,2415.49
548,1246.62,2416.71
549,1254.62,2417.93
550,1262.53,2418.7
551,1270.54,2419.48
552,1278.44,2420.25
553,1286.35,2421.03
554,1294.36,2421.81
555,1302.26,2422.58
556,1310.17,2423.36
557,1318.17,2424.13
558,1326.08,2424.91
559,1333.99,2425.69
560,1341.99,2426.46
561,1349.9,2427.24
562,1357.91,2428.02
563,1365.81,2428.79
564,1373.72,2429.57
565,1381.73,2430.34
566,1389.63,2431.12
567,1397.54,2431.9
568,1405.54,2432.67
569,1413.45,2433.45
570,1414.31,2433.56
571,1415.17,2433.67
572,1416.12,2433.78
573,1416.98,2433.89
574,1417.84,2434.0
575,1418.69,2434.11
576,1419.55,2434.22
577,1420.5,2434.33
578,1421.36,2434.45
579,1422.22,2434.56
580,1423.84,2434.56
581,1425.46,2434.67
582,1426.98,2434.67
583,1428.6,2434.78
584,1430.22,2434.89
585,1431.84,2434.89
586,1433.46,2435.0
587,1434.99,2435.0
588,1436.61,2435.11
589,1438.23,2435.11
590,1439.08,2435.11
591,1439.84,2435.11
592,1440.7,2435.11
593,1441.56,2435.11
594,1442.32,2435.11
595,1443.18,2435.11
596,1444.04,2435.11
597,1444.89,2435.11
598,1445.66,2435.11
599,1446.51,2435.11
600,1446.7,2435.0
601,1446.9,2434.89
602,1446.99,2434.89
603,1447.18,2434.78
604,1447.37,2434.67
605,1447.56,2434.56
606,1447.75,2434.45
607,1447.85,2434.45
608,1448.04,2434.33
609,1448.23,2434.22
610,1448.32,2434.11
611,1448.52,2434.0
612,1448.61,2433.89
613,1448.71,2433.89
614,1448.8,2433.78
615,1448.9,2433.67
616,1449.09,2433.56
617,1449.18,2433.45
618,1449.28,2433.34
619,1449.47,2433.34
620,1449.56,2433.23
621,1449.66,2433.12
622,1449.75,2433.0
623,1449.85,2432.89
624,1450.04,2432.78
625,1450.13,2432.67
626,1450.23,2432.67
627,1450.42,2432.56
628,1450.52,2432.45
629,1450.61,2432.34
630,1450.71,2432.34
631,1450.9,2432.23
632,1450.99,2432.23
633,1451.09,2432.12
634,1451.28,2432.01
635,1451.37,2432.01
636,1451.47,2431.9
637,1451.56,2431.9
638,1451.75,2431.78
639,1451.85,2431.78
640,1455.57,2432.12
641,1459.28,2432.45
642,1463.0,2432.89
643,1466.71,2433.23
644,1470.43,2433.56
645,1474.15,2433.89
646,1477.86,2434.22
647,1481.58,2434.67
648,1485.29,2435.0
649,1489.01,2435.33
650,1492.25,2437.44
651,1495.49,2439.66
652,1498.73,2441.76
653,1502.06,2443.98
654,1505.3,2446.09
655,1508.54,2448.3
656,1511.78,2450.41
657,1515.02,2452.63
658,1518.26,2454.74
659,1521.59,2456.95
660,1524.83,2459.06
661,1528.07,2461.28
662,1531.31,2463.38
663,1539.79,2483.34
664,1548.27,2503.3
665,1556.75,2523.14
666,1565.23,2543.1
667,1567.52,2547.87
668,1569.71,2552.53
669,1572.0,2557.29
670,1574.28,2561.95
671,1576.47,2566.72
672,1578.76,2571.37
673,1581.05,2576.14
674,1583.24,2580.8
675,1585.53,2585.57
676,1587.81,2590.22
677,1590.0,2594.99
678,1592.29,2599.65
679,1594.58,2604.41
680,1596.77,2609.07
681,1599.05,2613.84
682,1601.34,2618.5
683,1603.53,2623.26
684,1605.82,2627.92
685,1608.11,2632.69
686,1610.3,2637.34
687,1612.58,2642.11
688,1612.68,2642.33
689,1612.77,2642.56
690,1612.87,2642.78
691,1612.97,2643.0
692,1613.16,2643.11
693,1613.25,2643.33
694,1613.35,2643.55
695,1613.44,2643.77
696,1613.54,2644.0
697,1614.01,2644.66
698,1614.39,2645.22
699,1614.87,2645.88
700,1615.25,2646.44
701,1615.73,2647.1
702,1616.11,2647.77
703,1616.59,2648.32
704,1616.97,2648.99
705,1617.44,2649.54
706,1617.82,2650.21
707,1617.82,2650.32
708,1617.82,2650.32
709,1617.82,2650.43
710,1617.82,2650.54
711,1617.82,2650.65
712,1617.82,2650.65
713,1617.82,2650.76
714,1617.82,2650.87
715,1617.82,2650.87
716,1617.82,2650.98
717,1617.82,2650.98
718,1617.73,2651.09
719,1617.73,2651.09
720,1617.63,2651.2
721,1617.63,2651.31
722,1617.54,2651.31
723,1617.54,2651.42
724,1617.44,2651.42
725,1617.44,2651.54
726,1617.35,2651.54
727,1617.25,2651.54
728,1617.25,2651.65
729,1617.16,2651.76
730,1617.06,2651.76
731,1616.97,2651.87
732,1616.97,2651.87
733,1616.87,2651.87
734,1616.78,2651.98
735,1616.68,2652.09
736,1616.68,2652.09
737,1616.59,2652.2
738,1616.49,2652.2
739,1616.4,2652.31
740,1616.4,2652.31
741,1616.3,2652.31
742,1616.2,2652.42
743,1616.11,2652.53
744,1616.01,2652.53
745,1616.01,2652.64
746,1615.92,2652.64
747,1615.92,2652.64
748,1615.92,2652.64
749,1615.82,2652.53
750,1615.82,2652.53
751,1615.82,2652.53
752,1615.82,2652.53
753,1615.82,2652.53
754,1615.73,2652.42
755,1615.73,2652.42
756,1615.73,2652.42
757,1616.11,2652.87
758,1616.49,2653.42
759,1616.87,2653.86
760,1617.25,2654.42
761,1617.63,2654.86
762,1617.92,2655.42
763,1618.3,2655.86
764,1618.68,2656.41
765,1619.06,2656.86
766,1619.44,2657.41
767,1623.64,2660.74
768,1627.73,2664.06
769,1631.93,2667.39
770,1636.02,2670.72
771,1640.22,2674.04
772,1644.31,2677.26
773,1648.5,2680.58
774,1652.6,2683.91
775,1656.7,2687.24
776,1660.89,2690.56
777,1671.66,2692.78
778,1682.42,2694.89
779,1693.19,2696.99
780,1703.96,2699.21
781,1714.72,2701.32
782,1725.49,2703.54
783,1736.26,2705.75
784,1747.02,2707.86
785,1757.79,2709.97
786,1768.55,2712.18
787,1775.32,2713.18
788,1782.18,2714.18
789,1788.94,2715.07
790,1795.8,2716.06
791,1802.57,2717.06
792,1809.33,2718.06
793,1816.19,2719.06
794,1822.96,2719.94
795,1829.82,2720.94
796,1836.58,2721.94
797,1843.35,2722.94
798,1850.21,2723.94
799,1856.97,2724.82
800,1863.83,2725.82
801,1870.6,2726.82
802,1877.36,2727.82
803,1884.22,2728.81
804,1890.99,2729.7
805,1897.85,2730.7
806,1904.61,2731.7
807,1904.8,2731.59
808,1904.99,2731.48
809,1905.09,2731.48
810,1905.28,2731.36
811,1905.47,2731.25
812,1905.66,2731.14
813,1905.85,2731.03
814,1905.95,2731.03
815,1906.14,2730.92
816,1906.33,2730.81
817,1906.42,2730.7
818,1906.42,2730.59
819,1906.52,2730.48
820,1906.61,2730.37
821,1906.61,2730.26
822,1906.71,2730.15
823,1906.8,2730.03
824,1906.9,2729.92
825,1906.9,2729.81
826,1906.99,2729.7
827,1906.99,2729.59
828,1907.09,2729.59
829,1907.09,2729.48
830,1907.09,2729.37
831,1907.09,2729.37
832,1907.18,2729.26
833,1907.18,2729.26
834,1907.18,2729.15
835,1907.18,2729.04
836,1907.28,2729.04
837,1907.28,2728.93
838,1907.28,2728.81
839,1907.28,2728.81
840,1907.28,2728.7
841,1907.28,2728.7
842,1907.28,2728.59
843,1907.28,2728.48
844,1907.28,2728.48
845,1907.28,2728.37
846,1907.28,2728.37
847,1907.28,2728.26
848,1907.38,2728.26
849,1907.38,2728.15
850,1907.47,2728.15
851,1907.57,2728.04
852,1907.57,2728.04
853,1907.66,2727.93
854,1907.66,2727.93
855,1907.76,2727.82
856,1907.85,2727.82
857,1907.85,2727.71
858,1907.95,2727.71
859,1908.04,2727.59
860,1908.04,2727.59
861,1908.14,2727.48
862,1908.14,2727.48
863,1908.23,2727.37
864,1908.33,2727.37
865,1908.33,2727.26
866,1908.42,2727.26
867,1913.28,2728.04
868,1918.14,2728.93
869,1923.0,2729.7
870,1927.86,2730.59
871,1932.72,2731.36
872,1937.58,2732.14
873,1942.44,2733.03
874,1947.3,2733.8
875,1952.16,2734.69
876,1957.02,2735.47
877,1962.45,2736.91
878,1967.97,2738.24
879,1973.4,2739.68
880,1978.83,2741.01
881,1984.36,2742.45
882,1989.79,2743.89
883,1995.22,2745.22
884,2000.65,2746.67
885,2006.18,2748.0
886,2011.61,2749.44
887,2016.66,2747.88
888,2021.8,2746.22
889,2026.85,2744.67
890,2041.81,2745.78
891,2048.1,2746.33
892,2054.48,2746.78
893,2060.77,2747.33
894,2067.06,2747.88
895,2073.35,2748.33
896,2079.64,2748.88
897,2086.02,2749.33
898,2092.31,2749.88
899,2097.84,2749.99
900,2102.79,2747.22
901,2106.89,2748.0
902,2110.89,2748.88
903,2116.89,2751.32
904,2122.89,2753.87
905,2128.8,2756.31
906,2134.8,2758.86
907,2140.81,2761.3
908,2146.81,2763.74
909,2152.81,2766.29
910,2158.72,2768.73
911,2164.72,2771.28
912,2170.72,2773.72
913,2175.2,2775.49
914,2179.59,2777.38
915,2184.06,2779.15
916,2188.54,2781.04
917,2192.92,2782.81
918,2197.4,2784.58
919,2201.88,2786.47
920,2206.36,2788.24
921,2210.74,2790.13
922,2215.22,2791.9
923,2219.7,2793.68
924,2224.08,2795.56
925,2228.56,2797.33
926,2233.04,2799.22
927,2237.51,2800.99
928,2241.9,2802.77
929,2246.38,2804.65
930,2250.85,2806.43
931,2255.24,2808.31
932,2259.71,2810.08
933,2259.71,2810.64
934,2259.81,2811.19
935,2259.81,2811.75
936,2259.9,2812.3
937,2259.9,2812.86
938,2260.0,2813.41
939,2260.0,2813.97
940,2260.1,2814.52
941,2260.1,2815.07
942,2260.19,2815.63
943,2260.19,2816.07
944,2260.19,2816.52
945,2260.1,2817.07
