71,1771.22,3259.45
72,1772.75,3254.47
73,1774.18,3249.36
74,1775.7,3244.38
75,1777.23,3239.39
76,1778.65,3234.4
77,1780.18,3229.3
78,1781.61,3224.31
79,1783.13,3219.32
80,1784.66,3214.33
81,1786.09,3209.23
82,1787.61,3204.24
83,1789.14,3199.25
84,1790.56,3194.26
85,1792.09,3189.16
86,1793.52,3184.17
87,1795.04,3179.18
88,1796.57,3174.19
89,1798.0,3169.09
90,1799.52,3164.1
91,1802.19,3155.57
92,1804.86,3147.14
93,1808.76,3135.72
94,1812.67,3124.3
95,1816.58,3112.99
96,1820.58,3101.57
97,1824.48,3090.15
98,1828.39,3078.73
99,1832.3,3067.42
100,1836.2,3056.0
101,1839.25,3042.59
102,1842.2,3029.06
103,1845.25,3015.64
104,1848.21,3002.23
105,1851.26,2988.7
106,1854.21,2975.29
107,1857.26,2961.87
108,1860.21,2948.45
109,1863.17,2934.93
110,1866.22,2921.51
111,1869.36,2910.76
112,1872.5,2900.0
113,1875.65,2889.25
114,1878.79,2878.49
115,1881.94,2867.74
116,1885.18,2856.98
117,1888.32,2846.23
118,1891.46,2835.47
119,1894.61,2824.72
120,1897.75,2813.97
121,1899.09,2811.75
122,1900.32,2809.53
123,1901.66,2807.42
124,1902.99,2805.21
125,1904.33,2802.99
126,1905.57,2800.77
127,1906.9,2798.55
128,1908.23,2796.45
129,1909.47,2794.23
130,1910.81,2792.01
131,1910.81,2792.12
132,1910.9,2792.12
133,1910.9,2792.23
134,1911.0,2792.23
135,1911.0,2792.34
136,1911.09,2792.46
137,1911.09,2792.46
138,1911.19,2792.57
139,1911.19,2792.68
140,1911.28,2792.68
141,1911.28,2792.79
142,1911.38,2792.79
143,1911.38,2792.9
144,1911.47,2793.01
145,1911.47,2793.01
146,1911.57,2793.12
147,1911.57,2793.23
148,1911.66,2793.23
149,1911.66,2793.34
150,1911.76,2793.34
151,1911.76,2793.45
152,1911.76,2793.45
153,1911.76,2793.45
154,1911.76,2793.45
155,1911.76,2793.45
156,1911.76,2793.45
157,1911.76,2793.45
158,1911.76,2793.45
159,1911.76,2793.45
160,1911.76,2793.45
161,1911.95,2793.01
162,1912.04,2792.68
163,1912.23,2792.23
164,1912.33,2791.79
165,1912.52,2791.46
166,1912.62,2791.01
167,1912.81,2790.68
168,1912.9,2790.24
169,1913.09,2789.79
170,1913.19,2789.46
171,1913.38,2789.02
172,1914.62,2786.69
173,1915.86,2784.47
174,1917.09,2782.14
175,1918.33,2779.82
176,1919.57,2777.6
177,1920.81,2775.27
178,1922.05,2772.94
179,1923.29,2770.61
180,1924.53,2768.4
181,1925.76,2766.07
182,1927.96,2762.52
183,1930.05,2758.97
184,1932.24,2755.42
185,1934.34,2751.88
186,1936.53,2748.33
187,1938.63,2744.67
188,1940.82,2741.12
189,1942.91,2737.57
190,1945.11,2734.03
191,1947.2,2730.48
192,1950.44,2724.38
193,1953.68,2718.17
194,1956.92,2712.07
195,1960.16,2705.86
196,1963.4,2699.77
197,1966.64,2693.67
198,1969.88,2687.46
199,1973.12,2681.36
200,1976.36,2675.15
201,1979.6,2669.05
202,1982.84,2662.84
203,1985.98,2656.75
204,1989.22,2650.65
205,1992.46,2644.44
206,1995.7,2638.34
207,1998.94,2632.13
208,2002.18,2626.03
209,2005.42,2619.94
210,2008.66,2613.73
211,2011.9,2607.63
212,2015.14,2601.42
213,2018.37,2595.32
214,2021.61,2589.11
215,2024.85,2583.02
216,2026.19,2579.25
217,2027.43,2575.48
218,2028.76,2571.82
219,2030.0,2568.05
220,2031.33,2564.28
221,2032.29,2562.84
222,2033.14,2561.4
223,2034.1,2559.95
224,2035.05,2558.51
225,2036.0,2557.07
226,2036.86,2555.63
227,2037.81,2554.19
228,2038.76,2552.75
229,2039.72,2551.31
230,2040.57,2549.86
231,2041.53,2548.42
232,2041.91,2547.98
233,2042.29,2547.43
234,2042.67,2546.98
235,2042.96,2546.43
236,2043.34,2545.98
237,2043.72,2545.54
238,2044.1,2544.99
239,2044.48,2544.54
240,2045.81,2542.44
241,2047.24,2540.44
242,2048.58,2538.33
243,2050.01,2536.23
244,2051.34,2534.23
245,2052.77,2532.13
246,2054.1,2530.02
247,2055.53,2528.02
248,2056.87,2525.92
249,2058.58,2522.37
250,2060.3,2518.71
251,2062.01,2515.16
252,2063.73,2511.5
253,2065.44,2507.95
254,2067.16,2504.3
255,2068.87,2500.75
256,2070.59,2497.09
257,2072.3,2493.54
258,2074.02,2489.88
259,2075.83,2486.33
260,2077.54,2482.68
261,2079.26,2479.13
262,2080.97,2475.47
263,2082.69,2471.92
264,2084.4,2468.26
265,2086.12,2464.71
266,2087.83,2461.06
267,2089.55,2457.51
268,2091.26,2453.85
269,2092.98,2450.3
270,2097.93,2442.76
271,2102.98,2435.22
272,2107.94,2427.79
273,2112.89,2420.25
274,2117.84,2412.71
275,2122.89,2405.18
276,2127.85,2397.64
277,2132.8,2390.21
278,2137.85,2382.67
279,2142.81,2375.13
280,2147.95,2366.92
281,2153.1,2358.83
282,2158.34,2350.63
283,2163.48,2342.42
284,2168.63,2334.22
285,2173.77,2326.12
286,2178.92,2317.92
287,2184.16,2309.71
288,2189.3,2301.62
289,2194.45,2293.41
290,2199.5,2284.43
291,2204.55,2275.45
292,2209.6,2266.47
293,2214.65,2257.49
294,2219.79,2248.4
295,2224.84,2239.42
296,2229.89,2230.44
297,2234.94,2221.46
298,2239.99,2212.48
299,2244.66,2207.16
300,2249.33,2201.94
301,2253.9,2196.62
302,2258.57,2191.3
303,2263.24,2185.98
304,2267.91,2180.77
305,2272.58,2175.45
306,2277.15,2170.12
307,2281.82,2164.91
308,2286.49,2159.59
309,2296.11,2161.7
310,2305.73,2163.91
311,2315.26,2166.02
312,2324.88,2168.24
313,2334.51,2170.35
314,2341.75,2175.67
315,2348.99,2180.88
316,2356.33,2186.2
317,2363.57,2191.41
318,2370.81,2196.73
319,2378.05,2202.06
320,2385.39,2207.27
321,2392.63,2212.59
322,2399.87,2217.8
323,2407.11,2223.12
324,2414.45,2228.44
325,2421.69,2233.65
326,2428.93,2238.98
327,2436.17,2244.19
328,2443.51,2249.51
329,2450.75,2254.83
330,2457.99,2260.04
331,2465.23,2265.36
332,2472.57,2270.58
333,2479.81,2275.9
334,2487.05,2281.22
335,2494.29,2286.43
336,2501.63,2291.75
337,2508.87,2296.96
338,2516.11,2302.28
339,2523.06,2305.06
340,2529.92,2307.72
341,2536.88,2310.49
342,2543.83,2313.15
343,2550.69,2315.92
344,2557.65,2318.58
345,2564.51,2321.36
346,2571.46,2324.02
347,2578.42,2326.79
348,2585.28,2329.45
349,2592.24,2332.22
350,2595.95,2326.01
351,2599.67,2319.8
352,2603.48,2313.59
353,2607.19,2307.38
354,2610.91,2301.18
355,2614.63,2294.86
356,2618.34,2288.65
357,2622.06,2282.44
358,2625.87,2276.23
359,2629.58,2270.02
360,2633.3,2263.81
361,2637.3,2256.83
362,2641.3,2249.84
363,2645.21,2242.86
364,2649.21,2235.87
365,2653.21,2228.89
366,2657.22,2221.9
367,2661.22,2214.92
368,2665.22,2207.93
369,2669.12,2200.95
370,2673.13,2193.96
371,2677.13,2186.98
372,2681.23,2179.44
373,2685.32,2171.9
374,2689.42,2164.36
375,2693.61,2156.71
376,2697.71,2149.17
377,2701.81,2141.63
378,2705.9,2134.09
379,2710.0,2126.55
380,2714.1,2119.01
381,2718.19,2111.47
382,2722.29,2103.93
383,2726.39,2096.28
384,2730.58,2088.74
385,2734.68,2081.2
386,2738.77,2073.66
387,2742.87,2066.12
388,2748.3,2059.47
389,2753.64,2052.71
390,2759.07,2046.06
391,2764.4,2039.4
392,2769.83,2032.64
393,2775.17,2025.99
394,2780.6,2019.34
395,2785.94,2012.57
396,2791.37,2005.92
397,2798.42,2007.25
398,2805.47,2008.69
399,2806.9,2010.13
400,2808.23,2011.57
401,2809.66,2013.02
402,2810.99,2014.57
403,2812.42,2016.01
404,2813.85,2017.45
405,2815.19,2018.89
406,2816.62,2020.33
407,2818.04,2021.78
408,2819.38,2023.33
409,2820.81,2024.77
410,2822.14,2026.21
411,2823.57,2027.65
