88,1775.99,3204.02
89,1774.46,3201.58
90,1772.84,3199.03
91,1768.65,3197.37
92,1764.36,3195.7
93,1754.45,3197.37
94,1744.45,3199.14
95,1734.54,3200.8
96,1724.63,3202.47
97,1714.63,3204.24
98,1704.72,3205.9
99,1694.71,3207.68
100,1684.81,3209.34
101,1674.9,3211.0
102,1664.89,3212.78
103,1654.98,3214.44
104,1641.07,3217.1
105,1627.16,3219.87
106,1613.35,3222.53
107,1599.44,3225.19
108,1585.53,3227.86
109,1571.61,3230.63
110,1557.7,3233.29
111,1543.89,3235.95
112,1529.98,3238.72
113,1516.07,3241.38
114,1505.59,3243.6
115,1495.11,3245.93
116,1484.63,3248.15
117,1474.15,3250.36
118,1463.66,3252.58
119,1453.18,3254.91
120,1442.7,3257.13
121,1432.22,3259.34
122,1421.74,3261.67
123,1411.26,3263.89
124,1401.45,3267.99
125,1391.63,3272.09
126,1381.73,3276.31
127,1371.91,3280.41
128,1362.1,3284.51
129,1352.28,3288.61
130,1342.47,3292.72
131,1332.56,3296.93
132,1322.75,3301.03
133,1312.93,3305.13
134,1308.17,3305.25
135,1303.41,3305.47
136,1298.64,3305.58
137,1293.88,3305.69
138,1289.11,3305.8
139,1284.35,3306.02
140,1279.59,3306.13
141,1274.92,3306.24
142,1270.15,3306.46
143,1265.39,3306.58
144,1260.63,3306.69
145,1255.86,3306.8
146,1251.1,3307.02
147,1246.33,3307.13
148,1241.57,3307.24
149,1236.81,3307.46
150,1232.04,3307.57
151,1227.28,3307.68
152,1222.52,3307.8
153,1217.75,3308.02
154,1212.99,3308.13
155,1208.22,3308.24
156,1203.55,3308.46
157,1198.79,3308.57
158,1194.03,3308.68
159,1189.26,3308.9
160,1184.5,3309.01
161,1179.74,3309.13
162,1174.97,3309.24
163,1170.21,3309.46
164,1165.44,3309.57
165,1160.68,3309.68
166,1155.92,3309.9
167,1151.15,3310.01
168,1146.39,3310.12
169,1141.62,3310.23
170,1136.86,3310.46
171,1132.19,3310.57
172,1127.43,3310.68
173,1122.66,3310.9
174,1117.9,3311.01
175,1113.14,3311.12
176,1108.37,3311.23
177,1103.61,3311.45
178,1098.84,3311.56
179,1091.6,3307.46
180,1084.36,3303.36
181,1077.22,3299.37
182,1069.97,3295.27
183,1062.73,3291.16
184,1055.49,3287.06
185,1048.25,3282.96
186,1041.11,3278.97
187,1033.86,3274.87
188,1026.62,3270.76
189,1023.0,3269.88
190,1019.38,3268.99
191,1015.76,3268.1
192,1012.05,3267.22
193,1008.43,3266.33
194,1004.8,3265.44
195,1001.18,3264.55
196,997.56,3263.67
197,993.94,3262.78
198,990.32,3261.89
199,986.61,3261.01
200,982.99,3260.12
201,979.37,3259.23
202,975.74,3258.35
203,972.12,3257.46
204,968.5,3256.57
205,964.79,3255.68
206,961.17,3254.8
207,957.55,3253.91
208,953.93,3253.02
209,945.92,3259.45
210,943.73,3259.79
211,941.44,3260.01
212,939.25,3260.34
213,937.06,3260.56
214,934.77,3260.9
215,932.58,3261.23
216,930.39,3261.45
217,928.11,3261.78
218,925.91,3262.0
219,923.72,3262.34
220,921.44,3262.56
221,919.24,3262.89
222,917.05,3263.22
223,914.86,3263.45
224,912.58,3263.78
225,910.38,3264.0
226,908.19,3264.33
227,905.91,3264.67
228,903.71,3264.89
229,901.52,3265.22
230,899.24,3265.44
231,897.04,3265.77
232,894.85,3266.11
233,892.57,3266.33
234,890.38,3266.66
235,888.18,3266.88
236,885.9,3267.22
237,883.71,3267.44
238,881.51,3267.77
239,879.23,3268.1
240,877.04,3268.32
241,874.84,3268.66
242,872.56,3268.88
243,870.37,3269.21
244,868.18,3269.54
245,865.98,3269.77
246,863.7,3270.1
247,861.51,3270.32
248,859.31,3270.65
249,857.03,3270.99
250,854.84,3271.21
251,852.65,3271.54
252,850.36,3271.76
253,848.17,3272.09
254,845.98,3272.32
255,843.69,3272.65
256,841.5,3272.98
257,839.31,3273.2
258,837.02,3273.54
259,834.83,3273.76
260,832.64,3274.09
261,830.35,3274.42
262,828.16,3274.64
263,825.97,3274.98
264,823.68,3275.2
265,821.49,3275.53
266,819.3,3275.86
267,817.01,3276.09
268,814.82,3276.42
269,812.63,3276.64
270,810.44,3276.97
271,808.15,3277.19
272,805.96,3277.53
273,803.77,3277.86
274,801.48,3278.08
275,799.29,3278.41
276,797.1,3278.64
277,794.81,3278.97
278,792.62,3279.3
279,790.43,3279.52
280,788.14,3279.86
281,785.95,3280.08
282,783.76,3280.41
283,781.47,3280.74
284,779.28,3280.96
285,777.09,3281.3
286,774.8,3281.52
287,772.61,3281.85
288,770.42,3282.18
289,768.13,3282.41
290,765.94,3282.74
291,763.75,3282.96
292,761.56,3283.29
293,759.27,3283.51
294,757.08,3283.85
295,754.89,3284.18
296,752.6,3284.4
297,750.41,3284.73
298,748.22,3284.96
299,745.93,3285.29
300,743.74,3285.62
301,741.55,3285.84
302,739.26,3286.17
303,737.07,3286.4
304,734.88,3286.73
305,732.59,3287.06
306,730.4,3287.28
307,728.21,3287.62
308,725.92,3287.84
309,723.73,3288.17
310,721.54,3288.39
311,719.26,3288.72
312,717.06,3289.06
313,714.87,3289.28
314,712.59,3289.61
315,710.39,3289.83
316,708.2,3290.17
317,706.01,3290.5
318,703.73,3290.72
319,701.53,3291.05
320,699.34,3291.27
321,697.06,3291.61
322,694.86,3291.94
323,692.67,3292.16
324,690.39,3292.49
325,688.19,3292.72
326,686.0,3293.05
327,683.72,3293.27
328,681.53,3293.6
329,679.33,3293.94
330,677.05,3294.16
331,674.86,3294.49
332,672.66,3294.71
333,670.38,3295.04
334,668.19,3295.38
335,665.99,3295.6
336,663.71,3295.93
337,661.52,3296.15
338,659.33,3296.49
339,657.13,3296.82
340,654.85,3297.04
341,652.66,3297.37
342,650.46,3297.59
343,648.18,3297.93
344,645.99,3298.15
345,643.8,3298.48
346,641.51,3298.81
347,639.32,3299.04
348,637.13,3299.37
349,634.84,3299.59
350,632.65,3299.92
351,636.55,3292.38
352,640.56,3284.96
353,644.46,3277.42
354,648.37,3269.99
355,652.37,3262.45
356,656.28,3255.02
357,660.28,3247.48
358,664.18,3240.05
359,668.09,3232.51
360,672.09,3225.08
361,676.0,3217.54
362,676.38,3214.44
363,676.76,3211.22
364,677.62,3209.45
365,678.48,3207.79
366,679.33,3206.01
367,680.19,3204.35
368,681.05,3202.58
369,681.91,3200.91
370,682.76,3199.14
371,683.62,3197.48
372,684.48,3195.7
373,685.34,3194.04
374,686.19,3192.27
375,688.29,3189.49
376,690.48,3186.72
377,692.58,3183.95
378,694.67,3181.18
379,696.87,3178.41
380,698.96,3175.63
381,701.06,3172.97
382,703.25,3170.2
383,705.34,3167.43
384,707.54,3164.66
385,709.63,3161.89
386,711.73,3159.11
387,713.92,3156.34
388,716.02,3153.57
389,722.59,3155.46
390,729.16,3157.45
391,735.83,3161.22
392,742.6,3164.99
393,749.27,3168.65
394,756.03,3172.42
395,762.7,3176.19
396,769.47,3179.96
397,776.14,3183.73
398,782.9,3187.5
399,789.57,3191.16
400,796.34,3194.93
401,803.01,3198.7
402,806.72,3200.14
403,810.53,3201.58
404,814.25,3203.13
405,818.06,3204.57
406,821.77,3206.01
407,825.59,3207.45
408,829.3,3208.9
409,833.11,3210.45
410,836.83,3211.89
411,840.64,3213.33
412,840.83,3213.33
413,841.12,3213.33
414,841.31,3213.33
415,841.59,3213.33
416,841.78,3213.33
417,841.97,3213.44
418,842.26,3213.44
419,842.45,3213.44
420,842.74,3213.44
421,842.93,3213.44
422,843.02,3213.44
423,843.21,3213.44
424,843.31,3213.44
425,843.4,3213.44
426,843.59,3213.44
427,843.69,3213.44
428,843.78,3213.44
429,843.88,3213.44
430,844.07,3213.44
431,844.17,3213.44
432,844.26,3213.44
433,844.26,3213.44
434,844.36,3213.44
435,844.36,3213.33
436,844.45,3213.33
437,844.55,3213.33
438,844.55,3213.33
439,844.64,3213.33
440,844.64,3213.33
441,844.74,3213.22
442,844.83,3213.22
443,844.83,3213.22
444,844.93,3213.22
445,844.93,3213.22
446,845.02,3213.22
447,845.12,3213.22
448,845.12,3213.11
449,845.21,3213.11
450,845.21,3213.11
451,845.31,3213.11
452,845.31,3213.11
453,845.31,3213.11
454,845.31,3213.0
455,845.31,3213.0
456,845.31,3213.0
457,845.4,3213.0
458,845.4,3213.0
459,845.4,3212.89
460,845.4,3212.89
461,845.4,3212.89
462,845.4,3212.89
463,845.4,3212.78
464,845.4,3212.78
465,845.4,3212.78
466,845.4,3212.78
467,845.4,3212.67
468,845.4,3212.67
469,845.4,3212.67
470,845.4,3212.55
471,845.4,3212.55
472,846.26,3212.89
473,847.12,3213.11
474,847.98,3213.33
475,848.83,3213.66
476,849.69,3213.89
477,850.55,3214.22
478,851.41,3214.44
479,852.26,3214.77
480,853.12,3214.99
481,853.98,3215.33
482,859.79,3217.1
483,865.6,3218.87
484,871.51,3220.54
485,877.32,3222.31
486,883.13,3224.09
487,888.95,3225.86
488,894.76,3227.63
489,900.67,3229.3
490,906.48,3231.07
491,912.29,3232.84
492,915.72,3233.84
493,919.24,3234.95
494,922.67,3235.95
495,926.1,3236.95
496,929.63,3237.94
497,933.06,3238.94
498,936.49,3240.05
499,940.02,3241.05
500,943.45,3242.05
501,946.88,3243.16
502,950.4,3244.15
503,953.83,3245.15
504,957.36,3246.15
505,960.79,3247.26
506,964.22,3248.26
507,967.74,3249.25
508,971.17,3250.25
509,974.6,3251.25
510,978.13,3252.36
511,981.56,3253.36
512,983.56,3253.91
513,985.56,3254.47
514,987.56,3255.02
515,989.56,3255.57
516,991.56,3256.13
517,993.56,3256.68
518,995.56,3257.24
519,997.56,3257.79
520,999.56,3258.35
521,1001.56,3258.9
522,1005.38,3260.34
523,1009.28,3261.67
524,1013.09,3263.11
525,1016.9,3264.55
526,1020.72,3266.0
527,1024.62,3267.33
528,1028.43,3268.77
529,1032.24,3270.21
530,1036.15,3271.54
531,1039.96,3272.98
532,1043.58,3274.98
533,1047.11,3276.97
534,1050.73,3279.08
535,1054.35,3281.07
536,1057.97,3283.07
537,1061.5,3285.07
538,1065.12,3287.06
539,1068.74,3289.17
540,1072.26,3291.16
541,1075.88,3293.16
542,1080.26,3295.82
543,1084.65,3298.37
544,1088.94,3301.03
545,1093.32,3303.58
546,1097.7,3306.24
547,1102.08,3308.9
548,1106.47,3311.45
549,1110.75,3314.11
550,1115.14,3316.66
551,1119.52,3319.33
552,1124.47,3318.88
553,1129.43,3318.33
554,1134.48,3317.88
555,1139.43,3317.33
556,1144.39,3316.89
557,1149.34,3316.44
558,1154.3,3315.89
559,1159.25,3315.45
560,1164.3,3315.0
561,1169.25,3314.45
562,1174.21,3314.0
563,1179.16,3313.45
564,1184.12,3313.01
565,1189.17,3312.56
566,1194.12,3312.01
567,1199.08,3311.56
568,1204.03,3311.01
569,1208.99,3310.57
570,1213.94,3310.12
571,1218.99,3309.57
572,1223.94,3309.13
573,1228.9,3308.68
574,1233.85,3308.13
575,1238.81,3307.68
576,1243.76,3307.13
577,1248.81,3306.69
578,1253.77,3306.24
579,1258.72,3305.69
580,1263.68,3305.25
581,1268.63,3304.69
582,1273.68,3304.25
583,1278.63,3303.8
584,1283.59,3303.25
585,1288.54,3302.81
586,1293.5,3302.36
587,1298.45,3301.81
588,1303.5,3301.36
589,1308.46,3300.81
590,1313.41,3300.37
591,1316.46,3298.7
592,1319.41,3297.15
593,1322.46,3295.49
594,1325.51,3293.83
595,1328.46,3292.16
596,1331.51,3290.61
597,1334.56,3288.95
598,1337.61,3287.28
599,1340.56,3285.73
600,1343.61,3284.07
601,1343.71,3284.07
602,1343.8,3284.07
603,1343.9,3284.07
604,1344.0,3284.07
605,1344.09,3284.07
606,1344.28,3284.07
607,1344.38,3284.07
608,1344.47,3284.07
609,1344.57,3284.07
610,1344.66,3284.07
611,1351.81,3282.07
612,1359.05,3279.97
613,1366.19,3277.97
614,1373.44,3275.86
615,1380.58,3273.87
616,1387.82,3271.87
617,1394.97,3269.77
618,1402.21,3267.77
619,1409.45,3265.66
620,1416.6,3263.67
621,1423.74,3261.67
622,1430.98,3259.57
623,1438.13,3257.57
624,1445.37,3255.46
625,1452.52,3253.47
626,1459.76,3251.47
627,1466.9,3249.36
628,1474.15,3247.37
629,1481.29,3245.26
630,1488.53,3243.27
631,1496.82,3241.49
632,1505.02,3239.61
633,1513.3,3237.83
634,1521.59,3235.95
635,1529.79,3234.18
636,1538.08,3232.4
637,1546.37,3230.52
638,1554.66,3228.74
639,1562.85,3226.86
640,1571.14,3225.08
641,1577.14,3217.88
642,1583.05,3210.56
643,1585.91,3205.24
644,1588.76,3199.8
645,1591.53,3194.48
646,1594.39,3189.16
647,1597.24,3183.73
648,1600.1,3178.41
649,1602.96,3172.97
650,1605.82,3167.65
651,1608.58,3162.33
652,1611.44,3156.9
653,1614.3,3151.57
654,1615.92,3148.69
655,1617.44,3145.81
656,1619.06,3143.04
657,1620.68,3140.15
658,1622.3,3137.27
659,1623.83,3134.39
660,1625.45,3131.51
661,1627.07,3128.73
662,1628.59,3125.85
663,1630.21,3122.97
664,1630.31,3122.75
665,1630.4,3122.53
666,1630.5,3122.3
667,1630.59,3122.08
668,1630.69,3121.86
669,1630.78,3121.75
670,1630.88,3121.53
671,1630.97,3121.31
672,1631.07,3121.08
673,1631.16,3120.86
674,1631.16,3120.86
675,1631.16,3120.86
676,1631.26,3120.86
677,1631.26,3120.75
678,1631.26,3120.75
679,1631.26,3120.75
680,1631.35,3120.75
681,1631.35,3120.75
682,1631.35,3120.75
683,1631.35,3120.75
684,1631.45,3120.64
685,1631.45,3120.64
686,1631.45,3120.64
687,1631.45,3120.64
688,1631.54,3120.64
689,1631.54,3120.64
690,1631.54,3120.53
691,1631.54,3120.53
692,1631.64,3120.53
693,1631.64,3120.53
694,1632.88,3118.31
695,1634.21,3116.21
696,1635.45,3113.99
697,1636.79,3111.77
698,1638.02,3109.66
699,1639.36,3107.45
700,1640.6,3105.23
701,1641.93,3103.01
702,1643.26,3100.91
703,1644.5,3098.69
704,1653.36,3092.26
705,1660.32,3092.48
706,1667.18,3092.81
707,1673.66,3096.03
708,1680.23,3099.35
709,1686.71,3102.57
710,1693.19,3105.78
711,1699.76,3109.0
712,1706.24,3112.33
713,1712.82,3115.54
714,1719.3,3118.76
715,1725.77,3121.97
716,1732.35,3125.3
717,1738.83,3128.51
718,1740.07,3129.07
719,1741.4,3129.62
720,1742.64,3130.07
721,1743.88,3130.62
722,1745.21,3131.17
723,1746.45,3131.73
724,1747.69,3132.28
725,1748.93,3132.73
726,1750.26,3133.28
727,1751.5,3133.83
728,1752.74,3134.39
729,1753.98,3135.05
730,1755.22,3135.72
731,1756.45,3136.27
732,1757.69,3136.83
733,1759.03,3137.49
734,1760.27,3138.05
735,1761.5,3138.71
736,1762.74,3139.27
737,1763.98,3139.93
738,1765.22,3140.49
739,1766.46,3141.15
740,1767.7,3141.82
741,1768.94,3142.37
742,1770.27,3143.04
743,1771.51,3143.59
744,1772.75,3144.15
745,1773.99,3144.81
746,1775.22,3145.37
747,1776.46,3146.03
748,1783.51,3149.47
749,1790.56,3152.79
750,1797.71,3156.12
751,1804.76,3159.56
752,1811.81,3162.99
753,1818.86,3166.32
754,1825.91,3169.65
755,1833.06,3173.08
756,1840.11,3176.41
757,1847.16,3179.85
758,1851.83,3177.63
759,1856.59,3175.3
760,1861.26,3173.08
761,1866.02,3170.87
762,1870.69,3168.54
763,1875.46,3166.32
764,1880.13,3164.1
765,1884.89,3161.77
766,1889.56,3159.56
767,1892.61,3154.57
768,1895.75,3149.69
769,1897.18,3145.25
770,1898.61,3140.82
771,1900.04,3136.5
772,1901.47,3132.06
773,1902.9,3127.63
774,1904.42,3123.19
775,1905.85,3118.76
776,1907.28,3114.32
777,1908.71,3110.0
778,1910.14,3105.56
779,1911.57,3101.13
780,1911.0,3099.8
781,1910.42,3098.36
782,1909.95,3097.02
783,1909.38,3095.69
784,1908.8,3094.36
785,1908.23,3092.92
786,1907.66,3091.59
787,1907.18,3090.26
788,1906.61,3088.82
789,1906.04,3087.49
790,1905.95,3087.27
791,1905.95,3087.16
792,1905.85,3086.94
793,1905.76,3086.71
794,1905.66,3086.49
795,1905.57,3086.27
796,1905.57,3086.16
797,1905.47,3085.94
798,1905.37,3085.72
799,1905.37,3085.6
800,1905.28,3085.38
801,1905.18,3085.16
802,1905.09,3084.94
803,1904.99,3084.72
804,1904.99,3084.61
805,1904.9,3084.39
806,1904.8,3084.16
807,1904.71,3084.05
808,1904.71,3083.83
809,1904.61,3083.61
810,1904.8,3083.39
811,1904.99,3083.17
812,1905.28,3082.94
813,1905.47,3082.72
814,1905.66,3082.5
815,1905.85,3082.39
816,1906.04,3082.17
817,1906.33,3081.95
818,1906.52,3081.72
819,1906.71,3081.5
820,1906.61,3081.61
821,1906.42,3081.72
822,1906.23,3081.95
823,1906.14,3082.06
824,1906.04,3082.17
825,1905.85,3082.28
826,1905.76,3082.39
827,1905.57,3082.61
828,1905.47,3082.72
829,1905.28,3082.83
830,1905.09,3083.17
831,1904.8,3083.39
832,1904.61,3083.39
833,1904.52,3083.5
834,1904.33,3083.5
835,1904.14,3083.61
836,1903.95,3083.61
837,1903.85,3083.72
838,1903.66,3083.72
839,1903.47,3083.83
840,1903.28,3083.83
841,1903.18,3083.94
842,1902.99,3083.94
843,1903.09,3083.83
844,1903.18,3083.72
845,1903.28,3083.5
846,1903.37,3083.39
847,1903.47,3083.28
848,1903.56,3083.17
849,1903.66,3083.05
850,1903.75,3082.83
851,1903.85,3082.72
852,1903.95,3082.61
853,1907.38,3083.61
854,1910.9,3084.61
855,1914.33,3085.49
856,1917.86,3086.49
857,1921.29,3087.49
858,1924.81,3088.49
859,1928.24,3089.37
860,1931.77,3090.37
861,1935.2,3091.37
862,1938.72,3092.37
863,1942.15,3093.26
864,1945.68,3094.25
865,1949.11,3095.25
866,1950.25,3095.47
867,1951.39,3095.69
868,1952.44,3095.92
869,1953.59,3096.14
870,1954.73,3096.36
871,1955.87,3096.47
872,1957.02,3096.69
873,1958.16,3096.91
874,1959.21,3097.14
875,1960.35,3097.36
876,1961.49,3097.58
877,1961.4,3097.58
878,1961.3,3097.47
879,1961.11,3097.47
880,1961.02,3097.36
881,1960.92,3097.36
882,1960.83,3097.25
883,1960.73,3097.14
884,1960.54,3097.14
885,1960.45,3097.02
886,1960.35,3097.02
887,1952.54,3093.81
888,1944.63,3090.59
889,1938.72,3087.16
890,1932.72,3083.72
891,1926.81,3080.17
892,1920.9,3076.74
893,1915.0,3073.3
894,1909.0,3069.86
895,1903.09,3066.42
896,1897.18,3062.99
897,1891.27,3059.44
898,1885.27,3056.0
899,1879.36,3052.56
900,1876.7,3050.79
901,1874.03,3049.13
902,1871.26,3047.35
903,1868.6,3045.69
904,1865.93,3043.92
905,1863.26,3042.25
906,1860.59,3040.48
907,1857.83,3038.82
908,1855.16,3037.04
909,1852.5,3035.38
910,1850.88,3039.59
911,1849.35,3043.81
912,1847.73,3047.91
913,1846.11,3052.12
914,1844.59,3056.33
915,1842.97,3060.55
916,1841.35,3064.76
917,1839.82,3068.97
918,1838.2,3073.08
919,1836.68,3077.29
920,1835.06,3081.5
921,1833.44,3085.72
922,1831.91,3089.93
923,1830.3,3094.14
924,1828.68,3098.24
925,1827.15,3102.46
926,1825.53,3106.67
927,1824.77,3109.11
928,1823.91,3111.55
929,1823.05,3113.99
930,1822.29,3116.43
931,1821.53,3118.87
932,1820.67,3121.31
933,1819.81,3123.75
934,1819.05,3126.18
935,1818.29,3128.62
936,1817.43,3131.06
937,1817.34,3131.4
938,1817.34,3131.73
939,1817.24,3132.06
940,1817.15,3132.39
941,1817.05,3132.73
942,1817.05,3133.06
943,1816.96,3133.39
944,1816.86,3133.72
945,1816.86,3134.06
