126,55.55,1622.96
127,67.27,1622.96
128,78.89,1623.07
129,90.61,1623.07
130,102.23,1623.19
131,113.95,1623.19
132,125.58,1623.3
133,137.3,1623.3
134,149.02,1623.3
135,160.64,1623.41
136,172.36,1623.41
137,183.98,1623.52
138,195.7,1623.52
139,207.33,1623.63
140,219.04,1623.63
141,230.76,1623.63
142,242.39,1623.74
143,254.11,1623.74
144,265.73,1623.85
145,277.45,1623.85
146,289.07,1623.96
147,300.79,1623.96
148,316.61,1624.18
149,332.52,1624.52
150,348.34,1624.74
151,364.25,1624.96
152,380.06,1625.29
153,395.98,1625.51
154,411.79,1625.85
155,427.7,1626.07
156,443.52,1626.29
157,459.43,1626.62
158,475.25,1626.84
159,485.06,1627.29
160,494.88,1627.73
161,504.69,1628.29
162,514.5,1628.73
163,524.32,1629.17
164,534.13,1629.62
165,543.94,1630.06
166,553.76,1630.61
167,563.57,1631.06
168,573.38,1631.5
169,582.82,1631.72
170,592.25,1632.06
171,601.68,1632.28
172,611.11,1632.61
173,620.45,1632.83
174,629.88,1633.16
175,639.32,1633.39
176,648.75,1633.72
177,658.18,1633.94
178,664.76,1632.83
179,671.43,1631.83
180,678.0,1630.73
181,684.57,1629.62
182,691.15,1628.51
183,697.82,1627.51
184,704.39,1626.4
185,710.97,1625.29
186,717.54,1624.18
187,724.21,1623.19
188,730.78,1622.08
189,730.78,1621.97
190,730.69,1621.86
191,730.69,1621.74
192,730.59,1621.63
193,730.59,1621.52
194,730.59,1621.52
195,730.5,1621.41
196,730.5,1621.3
197,730.4,1621.19
198,730.4,1621.08
199,730.4,1620.97
200,730.31,1620.86
201,730.31,1620.75
202,730.21,1620.64
203,730.21,1620.64
204,730.21,1620.52
205,730.12,1620.41
206,730.12,1620.3
207,730.02,1620.19
208,730.02,1620.08
209,730.5,1619.75
210,731.07,1619.42
211,731.55,1619.08
212,732.02,1618.75
213,732.5,1618.42
214,733.07,1618.2
215,733.55,1617.86
216,734.02,1617.53
217,734.6,1617.2
218,735.07,1616.87
219,739.84,1616.53
220,744.6,1616.09
221,749.46,1615.76
222,754.22,1615.42
223,758.99,1614.98
224,763.75,1614.65
225,768.61,1614.32
226,773.37,1613.87
227,778.14,1613.54
228,783.57,1614.09
229,789.0,1614.65
230,794.53,1615.2
231,799.96,1615.76
232,805.39,1616.31
233,810.91,1616.87
234,816.34,1617.42
235,821.77,1617.97
236,825.4,1622.96
237,828.92,1627.95
238,830.45,1639.59
239,831.97,1651.13
240,831.21,1662.88
241,830.45,1674.52
242,829.68,1686.27
243,828.92,1697.91
244,828.16,1709.67
245,827.4,1721.42
246,826.63,1733.06
247,825.87,1744.81
248,825.11,1756.46
249,824.35,1768.21
250,824.35,1772.86
251,824.35,1777.52
252,824.44,1786.61
253,824.63,1795.82
254,823.59,1805.13
255,822.54,1814.55
256,821.39,1823.87
257,820.35,1833.29
258,819.3,1842.6
259,818.25,1852.03
260,817.2,1861.34
261,816.06,1870.77
262,815.01,1880.08
263,813.96,1889.5
264,812.91,1898.82
265,811.77,1908.24
266,810.72,1917.55
267,809.67,1926.98
268,808.63,1936.29
269,807.58,1945.72
270,806.44,1955.03
271,805.39,1964.45
272,804.34,1973.77
273,801.77,1981.86
274,799.29,1989.84
275,796.72,1997.94
276,794.24,2005.92
277,791.67,2014.01
278,789.09,2022.0
279,786.62,2030.09
280,784.04,2038.18
281,781.57,2046.17
282,778.99,2054.26
283,776.52,2062.24
284,773.95,2070.34
285,769.85,2085.31
286,765.85,2100.16
287,761.75,2115.13
288,757.75,2129.99
289,753.65,2144.96
290,749.55,2159.92
291,745.55,2174.78
292,741.46,2189.75
293,739.17,2198.4
294,736.98,2206.93
295,734.69,2215.47
296,732.4,2224.12
297,730.12,2232.77
298,727.93,2241.3
299,725.64,2249.95
300,723.35,2258.49
301,721.16,2267.14
302,718.87,2275.68
303,717.64,2283.21
304,716.3,2290.75
305,715.06,2298.29
306,713.82,2305.72
307,712.59,2313.26
308,711.25,2320.8
309,710.01,2328.34
310,710.78,2332.0
311,711.63,2335.77
312,712.4,2339.43
313,713.16,2343.09
314,713.92,2346.75
315,714.78,2350.51
316,715.54,2354.17
317,716.3,2357.83
318,717.06,2361.49
319,717.92,2365.26
320,718.68,2368.92
321,719.45,2372.58
322,720.3,2376.35
323,721.07,2380.01
324,721.83,2383.67
325,722.59,2387.32
326,723.45,2391.09
327,724.21,2394.75
328,724.97,2398.41
329,725.73,2402.07
330,726.59,2405.84
331,727.35,2409.5
332,728.12,2413.16
333,728.97,2416.93
334,729.74,2420.59
335,730.5,2424.25
336,731.26,2427.9
337,732.12,2431.67
338,732.88,2435.33
339,733.64,2438.99
340,734.4,2442.65
341,735.26,2446.42
342,736.02,2450.08
343,742.88,2454.29
344,749.74,2458.62
345,756.6,2462.83
346,763.37,2467.15
347,770.23,2471.37
348,777.09,2475.58
349,783.95,2479.9
350,790.81,2484.12
351,799.58,2489.77
352,808.44,2495.43
353,817.2,2501.08
354,817.2,2501.08
355,817.2,2501.08
356,817.2,2501.08
357,817.2,2501.08
358,817.2,2501.08
359,817.2,2501.08
360,817.2,2501.08
361,817.2,2501.08
362,817.2,2501.08
363,817.2,2501.08
364,817.39,2501.19
365,817.58,2501.3
366,817.77,2501.52
367,817.96,2501.64
368,818.15,2501.75
369,818.34,2501.86
370,818.54,2501.97
371,818.73,2502.19
372,818.92,2502.3
373,819.11,2502.41
374,824.44,2505.52
375,829.87,2508.62
376,835.21,2511.61
377,840.64,2514.72
378,845.98,2517.82
379,851.41,2520.93
380,856.74,2523.92
381,862.17,2527.03
382,867.51,2530.13
383,872.94,2533.23
384,878.27,2536.23
385,883.71,2539.33
386,889.04,2542.44
387,894.47,2545.54
388,899.81,2548.53
389,905.24,2551.64
390,910.57,2554.74
391,916.01,2557.85
392,921.34,2560.84
393,926.77,2563.95
394,932.11,2567.05
395,932.11,2567.05
396,932.11,2567.16
397,932.2,2567.16
398,932.2,2567.27
399,932.2,2567.27
400,932.2,2567.27
401,932.2,2567.38
402,932.3,2567.38
403,932.3,2567.49
404,932.3,2567.49
405,933.92,2568.27
406,935.54,2569.05
407,937.16,2569.71
408,938.78,2570.49
409,940.4,2571.26
410,942.02,2572.04
411,943.64,2572.82
412,945.26,2573.48
413,946.88,2574.26
414,948.49,2575.03
415,948.59,2577.03
416,948.59,2579.14
417,948.69,2581.13
418,948.78,2583.13
419,948.78,2585.12
420,948.88,2587.23
421,948.97,2589.23
422,949.07,2591.22
423,949.07,2593.33
424,949.16,2595.32
425,948.88,2595.1
426,948.49,2594.88
427,948.21,2594.77
428,947.92,2594.55
429,947.54,2594.33
430,947.26,2594.1
431,946.97,2593.88
432,946.59,2593.77
433,946.3,2593.55
434,946.02,2593.33
435,945.64,2593.11
436,945.35,2592.88
437,944.97,2592.77
438,944.68,2592.55
439,944.4,2592.33
440,944.02,2592.11
441,943.73,2591.89
442,943.45,2591.78
443,943.06,2591.55
444,942.78,2591.33
445,942.78,2591.33
446,942.78,2591.33
447,942.78,2591.33
448,942.78,2591.33
449,942.78,2591.33
450,942.78,2591.33
451,942.78,2591.33
452,942.78,2591.33
453,942.78,2591.33
454,942.78,2591.33
455,942.78,2591.33
456,942.78,2591.33
457,942.78,2591.33
458,942.78,2591.33
459,942.78,2591.33
460,942.78,2591.33
461,942.78,2591.33
462,942.78,2591.33
463,942.78,2591.33
464,942.78,2591.33
465,942.78,2591.33
466,942.78,2591.33
467,942.78,2591.33
468,942.78,2591.33
469,942.78,2591.33
470,942.78,2591.33
471,942.78,2591.33
472,942.78,2591.33
473,942.78,2591.33
474,942.78,2591.33
475,942.78,2591.33
476,942.78,2591.33
477,942.78,2591.33
478,942.78,2591.33
479,942.78,2591.33
480,942.78,2591.33
481,942.78,2591.33
482,942.78,2591.33
483,942.78,2591.33
484,942.78,2591.33
485,942.78,2591.33
486,942.78,2591.33
487,942.78,2591.33
488,942.78,2591.33
489,942.78,2591.33
490,942.78,2591.33
491,942.78,2591.33
492,942.78,2591.33
493,942.78,2591.33
494,942.78,2591.33
495,942.78,2591.33
496,942.78,2591.33
497,942.78,2591.33
498,942.78,2591.33
499,942.78,2591.33
500,942.78,2591.33
501,942.78,2591.33
502,942.78,2591.33
503,942.78,2591.33
504,942.78,2591.33
505,942.78,2591.33
506,942.78,2591.33
507,942.78,2591.33
508,942.78,2591.33
509,942.78,2591.33
510,942.78,2591.33
511,942.78,2591.33
512,942.78,2591.33
513,942.78,2591.33
514,942.78,2591.33
515,942.78,2591.33
516,942.78,2591.33
517,942.78,2591.33
518,942.78,2591.33
519,942.78,2591.33
520,942.78,2591.33
521,942.78,2591.33
522,942.78,2591.33
523,942.78,2591.33
524,942.78,2591.33
525,942.78,2591.33
526,942.78,2591.33
527,942.78,2591.33
528,942.78,2591.33
529,942.78,2591.33
530,942.78,2591.33
531,942.78,2591.33
532,942.78,2591.33
533,942.78,2591.33
534,942.78,2591.33
535,942.78,2591.33
536,942.78,2591.33
537,942.78,2591.33
538,942.78,2591.33
539,942.78,2591.33
540,942.78,2591.33
541,942.78,2591.33
542,942.78,2591.33
543,942.78,2591.33
544,942.78,2591.33
545,942.78,2591.33
546,942.78,2591.33
547,942.78,2591.33
548,942.78,2591.33
549,942.78,2591.33
550,942.78,2591.33
551,942.78,2591.33
552,942.78,2591.33
553,942.78,2591.33
554,942.78,2591.33
555,942.78,2591.33
556,942.78,2591.33
557,942.78,2591.33
558,942.78,2591.33
559,942.78,2591.33
560,942.78,2591.33
561,942.78,2591.33
562,942.78,2591.33
563,942.78,2591.33
564,942.78,2591.33
565,942.78,2591.33
566,942.78,2591.33
567,942.78,2591.33
568,942.78,2591.33
569,942.78,2591.33
570,942.78,2591.33
571,942.78,2591.33
572,942.78,2591.33
573,942.78,2591.33
574,942.78,2591.33
575,942.78,2591.33
576,942.78,2591.33
577,942.78,2591.33
578,942.78,2591.33
579,942.78,2591.33
580,942.78,2591.33
581,942.78,2591.33
582,942.78,2591.33
583,942.78,2591.33
584,942.78,2591.33
585,942.78,2591.33
586,942.78,2591.33
587,942.78,2591.33
588,942.78,2591.33
589,942.78,2591.33
590,942.78,2591.33
591,942.78,2591.33
592,942.78,2591.33
593,942.78,2591.33
594,942.78,2591.33
595,942.78,2591.33
596,942.78,2591.33
597,942.78,2591.33
598,942.78,2591.33
599,942.78,2591.33
600,942.78,2591.33
601,942.78,2591.33
602,942.78,2591.33
603,942.78,2591.33
604,942.78,2591.33
605,942.4,2593.55
606,942.02,2595.77
607,941.63,2597.87
608,941.25,2600.09
609,940.97,2602.31
610,940.59,2604.53
611,940.21,2606.63
612,939.82,2608.85
613,939.44,2611.07
614,939.06,2613.28
615,938.68,2615.39
616,938.3,2617.61
617,937.92,2619.83
618,937.54,2622.04
619,937.25,2624.15
620,936.87,2626.37
621,936.49,2628.59
622,936.11,2630.8
623,935.73,2632.91
624,935.35,2635.13
625,934.97,2637.34
626,934.58,2639.56
627,934.2,2641.67
628,933.82,2643.89
629,933.54,2646.1
630,933.16,2648.32
631,932.77,2650.43
632,932.39,2652.64
633,932.01,2654.86
634,930.96,2659.63
635,930.01,2664.29
636,928.96,2669.05
637,927.91,2673.82
638,926.96,2678.59
639,925.91,2683.25
640,924.87,2688.01
641,923.82,2692.78
642,922.87,2697.44
643,921.82,2702.2
644,920.2,2704.31
645,918.48,2706.31
646,916.86,2708.41
647,915.24,2710.41
648,913.53,2712.52
649,911.91,2714.62
650,910.29,2716.62
651,908.67,2718.73
652,906.95,2720.72
653,905.33,2722.83
654,905.14,2723.6
655,904.95,2724.49
656,904.76,2725.38
657,904.57,2726.15
658,904.29,2726.93
659,904.1,2727.82
660,903.9,2728.59
661,903.71,2729.48
662,905.05,2733.03
663,906.38,2736.58
664,915.72,2741.45
665,925.06,2746.33
666,934.39,2751.21
667,943.73,2756.09
668,953.16,2760.86
669,962.5,2765.74
670,971.84,2770.61
671,981.18,2775.49
672,983.94,2776.82
673,986.61,2778.15
674,989.37,2779.48
675,992.13,2780.7
676,994.8,2782.03
677,997.56,2783.36
678,1000.33,2784.69
679,1002.99,2786.03
680,1005.76,2787.36
681,1008.52,2788.69
682,1011.19,2789.91
683,1013.95,2791.24
684,1016.71,2792.57
685,1019.38,2793.9
686,1022.15,2795.23
687,1024.91,2796.56
688,1027.58,2797.89
689,1030.34,2799.11
690,1033.1,2800.44
691,1035.77,2801.77
692,1038.53,2803.1
693,1043.3,2805.1
694,1048.16,2807.09
695,1052.92,2809.09
696,1057.78,2811.08
697,1062.54,2813.08
698,1067.4,2815.07
699,1072.17,2817.07
700,1077.03,2819.07
701,1081.79,2821.06
702,1086.65,2823.06
703,1091.41,2825.05
704,1097.03,2829.04
705,1102.75,2833.04
706,1108.37,2836.92
707,1113.99,2840.91
708,1114.76,2847.34
709,1115.61,2853.88
710,1116.38,2860.31
711,1112.37,2869.73
712,1108.28,2879.05
713,1104.27,2888.47
714,1100.18,2897.9
715,1096.18,2907.32
716,1092.17,2916.63
717,1088.08,2926.06
718,1084.08,2935.48
719,1079.98,2944.8
720,1075.98,2954.22
721,1073.12,2959.99
722,1070.26,2965.75
723,1067.4,2971.41
724,1064.54,2977.17
725,1061.69,2982.94
726,1058.83,2988.7
727,1055.97,2994.47
728,1053.11,3000.12
729,1050.25,3005.89
730,1047.39,3011.65
731,1047.39,3011.99
732,1047.3,3012.21
733,1047.3,3012.54
734,1047.2,3012.76
735,1047.2,3013.09
736,1047.2,3013.43
737,1047.11,3013.65
738,1047.11,3013.98
739,1047.01,3014.2
740,1047.01,3014.54
741,1047.01,3014.87
742,1046.92,3015.09
743,1046.92,3015.42
744,1046.82,3015.64
745,1046.82,3015.98
746,1046.82,3016.31
747,1046.73,3016.53
748,1046.73,3016.86
749,1046.63,3017.09
750,1046.63,3017.42
751,1043.58,3023.96
752,1040.63,3030.61
753,1037.58,3037.15
754,1034.63,3043.69
755,1031.58,3050.35
756,1028.62,3056.89
757,1025.58,3063.43
758,1022.62,3069.97
759,1019.57,3076.62
760,1016.62,3083.17
761,1011.57,3092.81
762,1006.52,3102.57
763,1001.37,3112.21
764,996.32,3121.97
765,991.27,3131.62
766,986.23,3141.26
767,981.18,3151.02
768,976.03,3160.67
769,970.98,3170.42
770,965.93,3180.07
771,963.07,3188.72
772,960.12,3197.25
773,957.26,3205.9
774,954.31,3214.44
775,951.45,3223.09
776,948.49,3231.74
777,945.54,3240.27
778,942.68,3248.92
779,939.73,3257.46
780,936.87,3266.11
