158,2846.72,2089.96
159,2843.29,2085.64
160,2839.96,2081.2
161,2836.53,2076.88
162,2833.1,2072.56
163,2829.67,2068.23
164,2826.33,2063.8
165,2822.9,2059.47
166,2819.47,2055.15
167,2816.04,2050.82
168,2812.71,2046.39
169,2809.28,2042.07
170,2808.8,2041.29
171,2808.33,2040.51
172,2807.75,2039.74
173,2807.28,2038.96
174,2806.8,2038.18
175,2806.33,2037.41
176,2805.75,2036.63
177,2805.28,2035.86
178,2804.8,2035.08
179,2804.8,2035.08
180,2804.8,2035.08
181,2804.8,2035.08
182,2804.8,2035.08
183,2804.8,2035.08
184,2804.8,2035.08
185,2804.8,2035.08
186,2804.8,2035.08
187,2804.8,2035.08
188,2804.8,2035.08
189,2804.8,2035.08
190,2804.8,2035.08
191,2804.8,2035.08
192,2804.8,2035.08
193,2804.8,2035.08
194,2804.8,2035.08
195,2804.8,2035.08
196,2804.8,2035.08
197,2804.8,2035.08
198,2804.8,2035.08
199,2804.8,2035.08
200,2804.8,2035.08
201,2804.8,2035.08
202,2804.8,2035.08
203,2804.8,2035.08
204,2804.8,2035.08
205,2804.8,2035.08
206,2804.8,2035.08
207,2804.8,2035.08
208,2804.8,2035.08
209,2804.8,2035.08
210,2804.8,2035.08
211,2804.8,2035.08
212,2804.8,2035.08
213,2804.8,2035.08
214,2804.8,2035.08
215,2804.8,2035.08
216,2804.8,2035.08
217,2804.8,2035.08
218,2804.8,2035.08
219,2804.8,2035.08
220,2804.8,2035.08
221,2804.8,2035.08
222,2804.8,2035.08
223,2804.8,2035.08
224,2804.8,2035.08
225,2804.8,2035.08
226,2804.8,2035.08
227,2804.8,2035.08
228,2804.13,2034.19
229,2803.47,2033.2
230,2802.8,2032.31
231,2802.13,2031.31
232,2801.47,2030.42
233,2800.7,2029.43
234,2800.04,2028.54
235,2799.37,2027.54
236,2798.7,2026.65
237,2798.04,2025.66
238,2797.37,2024.77
239,2792.32,2019.78
240,2787.27,2014.68
241,2782.12,2009.69
242,2777.08,2004.59
243,2772.03,1999.6
244,2766.98,1994.61
245,2761.93,1989.51
246,2756.78,1984.52
247,2751.73,1979.42
248,2746.68,1974.43
249,2738.77,1970.55
250,2730.77,1966.78
251,2722.86,1962.9
252,2714.86,1959.13
253,2706.95,1955.25
254,2698.95,1951.48
255,2691.04,1947.6
256,2683.04,1943.83
257,2675.13,1939.95
258,2667.12,1936.18
259,2659.22,1932.3
260,2651.21,1928.53
261,2643.3,1924.65
262,2635.3,1920.88
263,2627.39,1917.0
264,2619.39,1913.23
265,2611.48,1909.35
266,2603.48,1905.58
267,2595.57,1901.7
268,2589.0,1898.59
269,2582.52,1895.49
270,2575.94,1892.39
271,2569.37,1889.28
272,2562.89,1886.18
273,2556.32,1883.18
274,2549.74,1880.08
275,2543.17,1876.97
276,2536.69,1873.87
277,2530.11,1870.77
278,2526.78,1869.1
279,2523.44,1867.44
280,2520.21,1865.78
281,2516.87,1864.11
282,2513.54,1862.45
283,2510.2,1860.79
284,2506.87,1859.12
285,2503.53,1857.46
286,2500.29,1855.8
287,2496.96,1854.13
288,2493.62,1852.47
289,2493.62,1852.47
290,2493.62,1852.47
291,2493.62,1852.47
292,2493.62,1852.47
293,2493.62,1852.47
294,2493.62,1852.47
295,2493.62,1852.47
296,2493.62,1852.47
297,2493.62,1852.47
298,2493.62,1852.47
299,2493.62,1852.47
300,2493.62,1852.47
301,2493.62,1852.47
302,2493.62,1852.47
303,2493.62,1852.47
304,2493.62,1852.47
305,2493.62,1852.47
306,2493.62,1852.47
307,2493.62,1852.47
308,2493.62,1852.47
309,2493.62,1852.47
310,2493.62,1852.47
311,2493.62,1852.47
312,2493.62,1852.47
313,2493.62,1852.47
314,2493.62,1852.47
315,2493.62,1852.47
316,2493.62,1852.47
317,2493.62,1852.47
318,2493.62,1852.47
319,2493.62,1852.47
320,2493.62,1852.47
321,2493.62,1852.47
322,2493.62,1852.47
323,2493.62,1852.47
324,2493.62,1852.47
325,2493.62,1852.47
326,2493.62,1852.47
327,2493.62,1852.47
328,2493.62,1852.47
329,2493.62,1852.47
330,2493.62,1852.47
331,2493.62,1852.47
332,2493.62,1852.47
333,2493.62,1852.47
334,2493.62,1852.47
335,2493.62,1852.47
336,2493.62,1852.47
337,2493.62,1852.47
338,2493.62,1852.47
339,2493.62,1852.47
340,2493.62,1852.47
341,2493.62,1852.47
342,2493.62,1852.47
343,2493.62,1852.47
344,2493.62,1852.47
345,2493.62,1852.47
346,2493.62,1852.47
347,2493.62,1852.47
348,2493.62,1852.47
349,2493.62,1852.47
350,2493.34,1852.69
351,2493.05,1852.92
352,2492.76,1853.14
353,2492.48,1853.36
354,2492.19,1853.58
355,2491.91,1853.69
356,2491.62,1853.91
357,2491.34,1854.13
358,2491.05,1854.36
359,2490.76,1854.58
360,2485.24,1852.14
361,2479.81,1849.81
362,2474.28,1847.37
363,2468.85,1844.93
364,2463.32,1842.49
365,2457.89,1840.16
366,2452.46,1837.73
367,2446.94,1835.29
368,2441.41,1832.96
369,2435.98,1830.52
370,2432.26,1828.74
371,2428.64,1826.97
372,2424.93,1825.31
373,2421.21,1823.53
374,2417.59,1821.76
375,2413.87,1819.99
376,2410.16,1818.32
377,2406.54,1816.55
378,2402.82,1814.77
379,2399.2,1813.0
380,2395.49,1811.34
381,2391.77,1809.56
382,2388.15,1807.79
383,2384.43,1806.02
384,2380.72,1804.35
385,2377.1,1802.58
386,2373.38,1800.8
387,2373.38,1800.8
388,2373.38,1800.8
389,2373.38,1800.8
390,2373.38,1800.8
391,2373.38,1800.8
392,2373.38,1800.8
393,2373.38,1800.8
394,2373.38,1800.8
395,2373.38,1800.8
396,2373.38,1800.8
397,2373.38,1800.8
398,2373.38,1800.8
399,2373.38,1800.8
400,2373.38,1800.8
401,2373.38,1800.8
402,2373.38,1800.8
403,2373.38,1800.8
404,2373.38,1800.8
405,2373.38,1800.8
406,2373.38,1800.8
407,2373.38,1800.8
408,2373.38,1800.8
409,2373.38,1800.8
410,2373.38,1800.8
411,2373.38,1800.8
412,2373.38,1800.8
413,2373.38,1800.8
414,2373.38,1800.8
415,2373.38,1800.8
416,2373.38,1800.8
417,2373.38,1800.8
418,2373.38,1800.8
419,2372.33,1800.25
420,2371.29,1799.81
421,2370.24,1799.25
422,2369.19,1798.7
423,2368.05,1798.25
424,2367.0,1797.7
425,2365.95,1797.15
426,2364.9,1796.7
427,2363.85,1796.15
428,2362.42,1795.15
429,2361.0,1794.26
430,2359.57,1793.27
431,2358.04,1792.27
432,2356.61,1791.38
433,2355.18,1790.38
434,2353.75,1789.38
435,2352.32,1788.5
436,2350.9,1787.5
437,2349.47,1786.5
438,2347.94,1785.62
439,2346.51,1784.62
440,2345.08,1783.62
441,2343.65,1782.73
442,2342.23,1781.73
443,2340.8,1780.74
444,2339.37,1779.85
445,2337.84,1778.85
446,2336.41,1777.85
447,2334.98,1776.97
448,2333.55,1775.97
449,2333.55,1775.97
450,2333.55,1775.97
451,2333.55,1775.97
452,2333.55,1775.97
453,2333.55,1775.97
454,2333.55,1775.97
455,2333.55,1775.97
456,2333.55,1775.97
457,2333.55,1775.97
458,2332.32,1775.3
459,2331.08,1774.64
460,2329.74,1774.08
461,2328.51,1773.42
462,2327.27,1772.75
463,2326.03,1772.09
464,2324.79,1771.42
465,2323.46,1770.87
466,2322.22,1770.2
467,2320.98,1769.54
468,2317.45,1767.65
469,2313.93,1765.77
470,2310.5,1763.88
471,2306.97,1762.0
472,2303.45,1760.11
473,2299.92,1758.23
474,2296.4,1756.34
475,2292.97,1754.46
476,2289.44,1752.57
477,2285.92,1750.69
478,2282.39,1748.81
479,2278.87,1746.92
480,2275.34,1745.04
481,2271.91,1743.15
482,2268.38,1741.27
483,2264.86,1739.38
484,2261.33,1737.5
485,2257.81,1735.61
486,2254.38,1733.73
487,2250.85,1731.84
488,2247.33,1729.96
489,2245.9,1729.4
490,2244.57,1728.74
491,2243.14,1728.18
492,2241.8,1727.63
493,2240.37,1726.96
494,2239.04,1726.41
495,2237.61,1725.85
496,2236.28,1725.19
497,2234.85,1724.63
498,2233.51,1724.08
499,2232.08,1723.42
500,2230.75,1722.86
501,2229.32,1722.2
502,2227.99,1721.64
503,2226.56,1721.09
504,2225.22,1720.42
505,2223.79,1719.87
506,2222.46,1719.31
507,2221.03,1718.65
508,2219.7,1718.09
509,2218.27,1717.54
510,2216.93,1716.87
511,2215.51,1716.32
512,2215.51,1716.32
513,2215.51,1716.32
514,2215.51,1716.32
515,2215.51,1716.32
516,2215.51,1716.32
517,2215.51,1716.32
518,2215.51,1716.32
519,2215.51,1716.32
520,2215.51,1716.32
521,2215.51,1716.32
522,2215.51,1716.32
523,2213.98,1715.65
524,2212.46,1714.99
525,2210.84,1714.21
526,2209.31,1713.55
527,2207.79,1712.88
528,2206.26,1712.22
529,2204.74,1711.55
530,2203.21,1710.89
531,2201.59,1710.11
532,2200.07,1709.45
533,2198.55,1708.78
534,2192.35,1705.68
535,2186.25,1702.57
536,2180.06,1699.47
537,2173.96,1696.36
538,2167.77,1693.26
539,2161.67,1690.26
540,2155.48,1687.16
541,2149.38,1684.06
542,2143.19,1680.95
543,2137.09,1677.85
544,2130.9,1674.74
545,2127.85,1673.63
546,2124.71,1672.52
547,2121.66,1671.42
548,2118.61,1670.2
549,2115.56,1669.09
550,2112.41,1667.98
551,2109.37,1666.87
552,2106.32,1665.76
553,2103.27,1664.65
554,2100.12,1663.54
555,2097.07,1662.43
556,2094.03,1661.22
557,2090.88,1660.11
558,2087.83,1659.0
559,2084.78,1657.89
560,2081.73,1656.78
561,2078.59,1655.67
562,2075.54,1654.56
563,2072.49,1653.34
564,2069.44,1652.23
565,2066.3,1651.13
566,2063.25,1650.02
567,2063.25,1650.02
568,2063.25,1650.02
569,2063.25,1650.02
570,2063.25,1650.02
571,2063.25,1650.02
572,2063.25,1650.02
573,2063.25,1650.02
574,2063.25,1650.02
575,2063.25,1650.02
576,2063.25,1650.02
577,2063.25,1650.02
578,2063.25,1650.02
579,2063.25,1650.02
580,2063.25,1650.02
581,2063.25,1650.02
582,2063.25,1650.02
583,2063.25,1650.02
584,2063.25,1650.02
585,2063.25,1650.02
586,2063.25,1650.02
587,2063.25,1650.02
588,2063.25,1650.02
589,2062.11,1649.57
590,2060.87,1649.13
591,2059.73,1648.69
592,2058.58,1648.24
593,2057.34,1647.8
594,2056.2,1647.47
595,2055.06,1647.02
596,2053.91,1646.58
597,2052.67,1646.14
598,2051.53,1645.69
599,2048.77,1644.47
600,2045.91,1643.14
601,2043.15,1641.92
602,2040.38,1640.59
603,2037.62,1639.37
604,2034.76,1638.04
605,2032.0,1636.82
606,2029.24,1635.49
607,2026.47,1634.27
608,2023.61,1632.94
609,2020.85,1631.72
610,2017.9,1629.84
611,2015.04,1628.06
612,2012.09,1626.18
613,2009.23,1624.29
614,2006.27,1622.41
615,2003.42,1620.64
616,2000.46,1618.75
617,1997.6,1616.87
618,1994.65,1614.98
619,1991.79,1613.21
620,1988.84,1611.32
621,1985.98,1609.44
622,1983.03,1607.55
623,1980.17,1605.78
624,1977.21,1603.89
625,1974.36,1602.01
626,1971.4,1600.12
627,1968.54,1598.35
628,1965.59,1596.47
629,1962.73,1594.58
630,1959.78,1592.7
631,1956.92,1590.92
632,1953.97,1589.04
633,1951.39,1587.48
634,1948.92,1585.93
635,1946.34,1584.38
636,1943.77,1582.83
637,1941.29,1581.28
638,1938.72,1579.61
639,1936.24,1578.06
640,1933.67,1576.51
641,1931.1,1574.96
642,1928.62,1573.4
643,1926.05,1571.85
644,1926.05,1571.85
645,1926.05,1571.85
646,1926.05,1571.85
647,1926.05,1571.85
648,1926.05,1571.85
649,1926.05,1571.85
650,1926.05,1571.85
651,1926.05,1571.85
652,1926.05,1571.85
653,1926.05,1571.85
654,1926.05,1571.85
655,1926.05,1571.85
656,1926.05,1571.85
657,1926.05,1571.85
658,1926.05,1571.85
659,1926.05,1571.85
660,1926.05,1571.85
661,1926.05,1571.85
662,1926.05,1571.85
663,1926.05,1571.85
664,1926.05,1571.85
665,1926.05,1571.85
666,1925.67,1571.74
667,1925.19,1571.74
668,1924.81,1571.63
669,1924.43,1571.52
670,1923.95,1571.52
671,1923.57,1571.41
672,1923.19,1571.3
673,1922.72,1571.3
674,1922.33,1571.19
675,1921.95,1571.08
676,1921.48,1571.08
677,1921.1,1570.96
678,1920.62,1570.96
679,1920.24,1570.85
680,1919.86,1570.74
681,1919.38,1570.74
682,1919.0,1570.63
683,1918.62,1570.52
684,1918.14,1570.52
685,1917.76,1570.41
686,1917.38,1570.3
687,1916.9,1570.3
688,1916.52,1570.19
689,1916.52,1570.19
690,1916.52,1570.19
691,1916.52,1570.19
692,1916.52,1570.19
693,1916.52,1570.19
694,1916.52,1570.19
695,1916.52,1570.19
696,1916.52,1570.19
697,1916.52,1570.19
698,1916.52,1570.19
699,1916.52,1570.19
700,1916.52,1570.19
701,1916.52,1570.19
702,1916.52,1570.19
703,1916.52,1570.19
704,1916.52,1570.19
705,1916.52,1570.19
706,1916.52,1570.19
707,1916.52,1570.19
708,1916.52,1570.19
709,1916.52,1570.19
710,1916.52,1570.19
711,1916.52,1570.19
712,1916.52,1570.19
713,1916.52,1570.19
714,1916.52,1570.19
715,1916.52,1570.19
716,1916.52,1570.19
717,1914.62,1569.41
718,1912.71,1568.64
719,1910.71,1567.86
720,1908.8,1567.08
721,1906.9,1566.2
722,1904.99,1565.42
723,1902.99,1564.64
724,1901.09,1563.87
725,1899.18,1563.09
726,1896.32,1561.76
727,1893.37,1560.32
728,1890.51,1558.99
729,1887.56,1557.66
730,1884.7,1556.22
731,1881.84,1554.89
732,1878.89,1553.56
733,1876.03,1552.12
734,1873.08,1550.79
735,1870.22,1549.45
736,1867.36,1548.01
737,1864.4,1546.68
738,1861.55,1545.35
739,1858.59,1543.91
740,1855.73,1542.58
741,1852.78,1541.25
742,1849.92,1539.81
743,1847.06,1538.48
744,1844.11,1537.15
745,1841.25,1535.71
746,1838.3,1534.38
747,1835.44,1533.05
748,1832.58,1531.6
749,1829.63,1530.27
750,1826.77,1528.94
751,1823.82,1527.5
752,1820.96,1526.17
753,1812.86,1522.29
754,1804.67,1518.41
755,1796.57,1514.64
756,1788.37,1510.76
757,1780.27,1506.88
758,1772.18,1503.0
759,1763.98,1499.12
760,1755.88,1495.35
761,1747.69,1491.47
762,1739.59,1487.59
763,1730.06,1483.04
764,1720.63,1478.39
765,1711.1,1473.84
766,1701.67,1469.18
767,1692.14,1464.64
768,1691.76,1464.53
769,1691.28,1464.3
770,1690.9,1464.19
771,1690.52,1463.97
772,1690.05,1463.86
773,1689.66,1463.64
774,1689.28,1463.53
775,1688.81,1463.31
776,1688.43,1463.2
777,1688.04,1462.97
778,1687.57,1462.86
779,1687.19,1462.64
780,1686.81,1462.53
781,1686.33,1462.31
782,1685.95,1462.2
783,1685.57,1462.09
784,1685.09,1461.86
785,1684.71,1461.75
786,1684.33,1461.53
787,1683.85,1461.42
788,1683.47,1461.2
789,1683.09,1461.09
790,1682.61,1460.87
791,1682.23,1460.76
792,1681.85,1460.53
793,1681.38,1460.42
794,1680.99,1460.2
795,1680.61,1460.09
796,1680.14,1459.87
797,1679.76,1459.76
798,1679.37,1459.65
799,1678.9,1459.43
800,1678.52,1459.31
801,1678.14,1459.09
802,1677.66,1458.98
803,1677.28,1458.76
804,1676.9,1458.65
805,1676.42,1458.43
806,1676.04,1458.32
807,1675.66,1458.1
808,1675.18,1457.98
809,1674.8,1457.76
810,1674.42,1457.65
811,1673.94,1457.43
812,1673.56,1457.32
813,1673.18,1457.1
814,1672.7,1456.99
815,1672.32,1456.88
816,1671.94,1456.65
817,1671.47,1456.54
818,1671.09,1456.32
819,1670.7,1456.21
820,1670.23,1455.99
821,1669.85,1455.88
822,1669.47,1455.66
823,1668.99,1455.55
824,1668.61,1455.32
825,1668.23,1455.21
826,1667.75,1454.99
827,1667.37,1454.88
828,1666.99,1454.66
829,1666.51,1454.55
830,1666.13,1454.44
831,1665.75,1454.21
832,1665.37,1454.1
833,1664.89,1453.88
834,1664.51,1453.77
835,1664.13,1453.55
836,1663.65,1453.44
837,1663.27,1453.22
838,1662.89,1453.11
839,1662.41,1452.88
840,1662.03,1452.77
841,1661.65,1452.55
842,1661.18,1452.44
843,1660.8,1452.22
844,1660.41,1452.11
845,1659.94,1452.0
846,1659.56,1451.78
847,1659.18,1451.66
848,1658.7,1451.44
849,1658.32,1451.33
850,1657.94,1451.11
851,1657.46,1451.0
852,1657.08,1450.78
853,1656.7,1450.67
854,1656.22,1450.44
855,1655.84,1450.33
856,1655.46,1450.11
857,1654.98,1450.0
858,1654.6,1449.78
859,1654.22,1449.67
860,1653.74,1449.45
861,1653.36,1449.34
862,1652.98,1449.23
863,1652.51,1449.0
864,1652.12,1448.89
865,1651.74,1448.67
866,1651.27,1448.56
867,1650.89,1448.34
868,1650.51,1448.23
869,1650.03,1448.01
870,1649.65,1447.89
871,1649.27,1447.67
872,1648.79,1447.56
873,1648.41,1447.34
874,1648.03,1447.23
875,1647.55,1447.01
876,1647.17,1446.9
877,1646.79,1446.79
878,1646.31,1446.56
879,1645.93,1446.45
880,1645.55,1446.23
881,1645.07,1446.12
882,1644.69,1445.9
883,1644.31,1445.79
884,1643.84,1445.57
885,1643.45,1445.46
886,1643.07,1445.23
887,1642.6,1445.12
888,1642.22,1444.9
889,1641.83,1444.79
890,1641.36,1444.57
891,1640.98,1444.46
892,1640.98,1444.46
893,1640.98,1444.46
894,1640.98,1444.46
895,1640.98,1444.46
896,1640.98,1444.46
897,1640.98,1444.46
898,1640.98,1444.46
899,1640.98,1444.46
900,1640.98,1444.46
901,1640.98,1444.46
902,1636.69,1442.46
903,1632.4,1440.36
904,1628.21,1438.25
905,1623.92,1436.25
906,1619.63,1434.15
907,1615.35,1432.15
908,1611.06,1430.16
909,1606.87,1428.05
910,1602.58,1425.94
911,1598.29,1423.95
912,1595.15,1422.39
913,1592.0,1420.84
914,1588.76,1419.29
915,1585.62,1417.74
916,1582.48,1416.19
917,1579.33,1414.74
918,1576.19,1413.19
919,1573.04,1411.64
920,1569.8,1410.09
921,1566.66,1408.53
922,1563.52,1406.98
923,1560.37,1405.43
924,1557.23,1403.88
925,1553.99,1402.33
926,1550.84,1400.77
927,1547.7,1399.22
928,1544.56,1397.78
929,1541.41,1396.23
930,1538.27,1394.68
931,1535.03,1393.12
932,1531.88,1391.57
933,1528.74,1390.02
934,1526.83,1388.8
935,1524.93,1387.69
936,1523.02,1386.47
937,1521.12,1385.36
938,1519.21,1384.14
939,1517.31,1383.03
940,1515.4,1381.81
941,1513.5,1380.71
942,1511.59,1379.49
943,1397.73,1318.06
