288,1530.65,15.74
289,1530.65,15.74
290,1530.65,15.74
291,1530.65,15.74
292,1530.65,15.74
293,1530.65,15.74
294,1530.65,15.74
295,1530.65,15.74
296,1530.65,15.74
297,1530.65,15.74
298,1530.65,15.74
299,1530.65,15.74
300,1530.65,15.74
301,1530.65,15.74
302,1530.65,15.74
303,1530.65,15.74
304,1530.65,15.74
305,1530.65,15.74
306,1530.65,15.74
307,1530.65,15.74
308,1530.65,15.74
309,1530.65,15.74
310,1530.65,15.74
311,1530.65,15.74
312,1530.65,15.74
313,1530.65,15.74
314,1530.65,15.74
315,1530.65,15.74
316,1530.65,15.74
317,1530.65,15.74
318,1530.65,15.74
319,1530.65,15.74
320,1530.65,15.74
321,1530.65,15.74
322,1530.65,15.74
323,1530.65,15.74
324,1530.65,15.74
325,1530.65,15.74
326,1530.65,15.74
327,1530.65,15.74
328,1530.65,15.74
329,1530.65,15.74
330,1530.65,15.74
331,1530.65,15.74
332,1530.65,15.74
333,1530.65,15.74
334,1530.65,15.74
335,1530.65,15.74
336,1530.65,15.74
337,1530.65,15.74
338,1530.65,15.74
339,1530.17,16.41
340,1529.79,17.07
341,1529.31,17.63
342,1528.83,18.29
343,1528.45,18.96
344,1527.98,19.62
345,1527.5,20.29
346,1527.02,20.84
347,1526.64,21.51
348,1526.17,22.17
349,1526.17,22.17
350,1526.17,22.17
351,1526.17,22.17
352,1526.17,22.17
353,1526.17,22.17
354,1526.17,22.17
355,1526.17,22.17
356,1526.17,22.17
357,1526.17,22.17
358,1526.17,22.17
359,1525.5,23.51
360,1524.83,24.95
361,1524.17,26.28
362,1523.5,27.61
363,1522.83,28.94
364,1522.17,30.38
365,1521.5,31.71
366,1520.83,33.04
367,1520.16,34.48
368,1519.5,35.81
369,1519.12,36.59
370,1518.83,37.36
371,1518.45,38.14
372,1518.16,38.92
373,1517.78,39.69
374,1517.5,40.47
375,1517.12,41.24
376,1516.83,42.02
377,1516.45,42.8
378,1516.16,43.57
379,1515.78,44.35
380,1515.4,45.13
381,1515.11,45.9
382,1514.73,46.68
383,1514.45,47.45
384,1514.07,48.23
385,1513.78,49.01
386,1513.4,49.78
387,1513.11,50.56
388,1512.73,51.33
389,1511.3,54.11
390,1509.87,56.88
391,1508.35,59.65
392,1506.92,62.42
393,1505.49,65.19
394,1504.06,67.97
395,1502.63,70.74
396,1501.11,73.51
397,1499.68,76.28
398,1498.25,79.05
399,1497.87,79.61
400,1497.49,80.27
401,1497.2,80.83
402,1496.82,81.49
403,1496.44,82.05
404,1496.06,82.6
405,1495.68,83.27
406,1495.39,83.82
407,1495.01,84.49
408,1494.63,85.04
409,1494.25,85.71
410,1493.87,86.37
411,1493.49,87.04
412,1493.11,87.7
413,1492.72,88.37
414,1492.34,89.14
415,1491.96,89.81
416,1491.58,90.47
417,1491.2,91.14
418,1490.82,91.8
419,1490.72,92.25
420,1490.63,92.69
421,1490.53,93.24
422,1490.44,93.69
423,1490.34,94.13
424,1490.25,94.57
425,1490.15,95.02
426,1490.06,95.57
427,1489.96,96.02
428,1489.87,96.46
429,1489.87,96.46
430,1489.87,96.46
431,1489.87,96.46
432,1489.87,96.46
433,1489.87,96.46
434,1489.87,96.46
435,1489.87,96.46
436,1489.87,96.46
437,1489.87,96.46
438,1489.87,96.46
439,1489.87,96.46
440,1489.87,96.46
441,1489.87,96.46
442,1489.87,96.46
443,1489.87,96.46
444,1489.87,96.46
445,1489.87,96.46
446,1489.87,96.46
447,1489.87,96.46
448,1489.87,96.46
449,1489.87,96.46
450,1489.87,96.46
451,1489.87,96.46
452,1489.87,96.46
453,1489.87,96.46
454,1489.87,96.46
455,1489.87,96.46
456,1489.87,96.46
457,1489.87,96.46
458,1489.87,96.46
459,1490.72,98.12
460,1491.68,99.9
461,1492.53,101.56
462,1493.39,103.33
463,1494.25,105.0
464,1495.2,106.77
465,1496.06,108.43
466,1498.92,109.88
467,1501.68,111.32
468,1504.54,112.76
469,1507.3,114.2
470,1510.16,115.64
471,1513.02,117.08
472,1515.78,118.52
473,1518.64,119.96
474,1521.4,121.41
475,1524.26,122.85
476,1525.79,123.62
477,1527.31,124.29
478,1528.93,125.07
479,1530.45,125.84
480,1531.98,126.62
481,1533.5,127.28
482,1535.03,128.06
483,1536.65,128.83
484,1538.17,129.5
485,1539.7,130.28
486,1542.08,131.5
487,1544.56,132.83
488,1547.03,134.05
489,1549.41,135.38
490,1551.8,136.6
491,1554.27,137.82
492,1556.75,139.15
493,1559.13,140.37
494,1561.52,141.7
495,1563.99,142.92
496,1566.47,144.14
497,1568.85,145.47
498,1571.23,146.69
499,1573.71,148.02
500,1576.19,149.24
501,1578.57,150.46
502,1580.95,151.79
503,1583.43,153.01
504,1585.91,154.34
505,1588.29,155.56
506,1588.86,155.89
507,1589.53,156.22
508,1590.1,156.55
509,1590.67,156.89
510,1591.24,157.22
511,1591.91,157.44
512,1592.48,157.77
513,1593.05,158.11
514,1593.72,158.44
515,1594.29,158.77
516,1594.29,158.77
517,1594.29,158.77
518,1594.29,158.77
519,1594.29,158.77
520,1594.29,158.77
521,1594.29,158.77
522,1594.29,158.77
523,1594.29,158.77
524,1594.29,158.77
525,1594.29,158.77
526,1594.29,158.77
527,1594.29,158.77
528,1594.29,158.77
529,1594.29,158.77
530,1594.29,158.77
531,1594.29,158.77
532,1594.29,158.77
533,1594.29,158.77
534,1594.29,158.77
535,1594.29,158.77
536,1594.29,158.77
537,1594.29,158.77
538,1594.29,158.77
539,1594.29,158.77
540,1594.29,158.77
541,1594.29,158.77
542,1594.29,158.77
543,1594.29,158.77
544,1594.29,158.77
545,1594.29,158.77
546,1594.29,158.77
547,1594.29,158.77
548,1594.29,158.77
549,1594.29,158.77
550,1594.29,158.77
551,1594.29,158.77
552,1594.29,158.77
553,1594.29,158.77
554,1594.29,158.77
555,1594.29,158.77
556,1594.29,158.77
557,1594.29,158.77
558,1594.29,158.77
559,1594.29,158.77
560,1594.29,158.77
561,1594.29,158.77
562,1594.29,158.77
563,1594.29,158.77
564,1594.29,158.77
565,1594.29,158.77
566,1594.29,158.77
567,1594.29,158.77
568,1594.29,158.77
569,1594.29,158.77
570,1594.29,158.77
571,1594.29,158.77
572,1594.29,158.77
573,1594.29,158.77
574,1594.29,158.77
575,1594.29,158.77
576,1594.29,158.77
577,1594.29,158.77
578,1594.29,158.77
579,1594.29,158.77
580,1594.29,158.77
581,1594.29,158.77
582,1594.29,158.77
583,1594.29,158.77
584,1594.29,158.77
585,1594.29,158.77
586,1594.39,158.99
587,1594.48,159.32
588,1594.67,159.55
589,1594.77,159.77
590,1594.86,159.99
591,1594.96,160.32
592,1595.05,160.54
593,1595.24,160.77
594,1595.34,161.1
595,1595.43,161.32
596,1598.29,162.65
597,1601.25,164.09
598,1604.1,165.42
599,1606.96,166.75
600,1609.92,168.08
601,1612.77,169.53
602,1615.63,170.86
603,1618.49,172.19
604,1621.45,173.63
605,1624.3,174.96
606,1625.73,175.62
607,1627.16,176.4
608,1628.69,177.06
609,1630.12,177.84
610,1631.54,178.51
611,1633.07,179.28
612,1634.5,179.95
613,1635.93,180.72
614,1637.36,181.39
615,1638.88,182.16
616,1640.31,182.83
617,1641.74,183.5
618,1643.17,184.27
619,1644.69,184.94
620,1646.12,185.71
621,1647.55,186.38
622,1648.98,187.15
623,1650.51,187.82
624,1651.93,188.6
625,1653.36,189.26
626,1654.79,191.03
627,1656.13,192.7
628,1657.56,194.47
629,1658.89,196.13
630,1660.32,197.91
631,1661.65,199.68
632,1663.08,201.35
633,1664.42,203.12
634,1665.84,204.78
635,1667.18,206.56
636,1665.37,217.31
637,1663.56,228.07
638,1661.75,238.93
639,1659.94,249.69
640,1658.13,260.44
641,1656.22,271.2
642,1654.41,281.95
643,1652.6,292.82
644,1650.79,303.57
645,1648.98,314.33
646,1643.45,326.41
647,1637.93,338.5
648,1632.31,350.69
649,1626.78,362.78
650,1621.25,374.86
651,1615.73,386.95
652,1610.2,399.03
653,1604.58,411.23
654,1599.05,423.31
655,1593.53,435.4
656,1592.29,438.39
657,1591.15,441.28
658,1589.91,444.27
659,1588.76,447.26
660,1587.53,450.15
661,1586.38,453.14
662,1585.14,456.02
663,1584.0,459.02
664,1582.76,462.01
665,1581.62,464.89
666,1580.38,467.89
667,1579.33,472.43
668,1578.38,476.87
669,1577.33,481.41
670,1576.38,485.96
671,1575.33,490.39
672,1574.38,494.94
673,1573.33,499.37
674,1572.38,503.92
675,1571.33,508.47
676,1570.38,512.9
677,1569.33,517.45
678,1568.38,521.99
679,1567.33,526.43
680,1566.37,530.97
681,1565.33,535.41
682,1564.37,539.95
683,1563.33,544.5
684,1562.37,548.93
685,1561.32,553.48
686,1560.28,567.45
687,1559.13,581.42
688,1558.09,595.39
689,1559.8,610.03
690,1561.61,624.55
691,1563.33,639.18
692,1565.04,653.71
693,1566.85,668.34
694,1568.57,682.87
695,1570.38,697.5
696,1572.09,712.03
697,1573.81,726.66
698,1575.62,741.19
699,1577.33,755.82
700,1581.14,773.12
701,1584.95,790.42
702,1588.67,807.71
703,1592.48,825.01
704,1596.29,842.42
705,1600.1,859.71
706,1603.82,877.01
707,1607.63,894.3
708,1611.44,911.6
709,1615.54,926.24
710,1619.63,940.87
711,1623.73,955.51
712,1627.83,970.14
713,1631.93,984.78
714,1636.02,999.41
715,1640.12,1014.05
716,1644.22,1028.68
717,1648.31,1043.32
718,1652.41,1057.95
719,1652.6,1058.62
720,1652.7,1059.17
721,1652.89,1059.84
722,1653.08,1060.5
723,1653.17,1061.17
724,1653.36,1061.72
725,1653.55,1062.39
726,1653.65,1063.05
727,1653.84,1063.72
728,1654.03,1064.27
729,1654.13,1064.94
730,1654.32,1065.6
731,1654.51,1066.27
732,1654.6,1066.82
733,1654.79,1067.49
734,1654.98,1068.15
735,1655.08,1068.82
736,1655.27,1069.37
737,1655.46,1070.04
738,1655.55,1070.7
739,1655.75,1071.37
740,1655.94,1071.92
741,1656.03,1072.59
742,1656.22,1073.25
743,1656.41,1073.81
744,1656.51,1074.47
745,1656.7,1075.14
746,1656.89,1075.8
747,1656.98,1076.36
748,1657.17,1077.02
749,1657.37,1077.69
750,1657.46,1078.35
751,1657.65,1078.91
752,1657.84,1079.57
753,1657.94,1080.24
754,1658.13,1080.9
755,1658.32,1081.46
756,1658.41,1082.12
757,1658.6,1082.79
758,1658.79,1083.45
759,1658.89,1084.01
760,1659.08,1084.67
761,1659.27,1085.34
762,1659.37,1085.89
763,1659.56,1086.56
764,1659.75,1087.22
765,1659.84,1087.89
766,1660.03,1088.44
767,1660.22,1089.11
768,1660.41,1089.77
769,1660.51,1090.44
770,1660.7,1090.99
771,1660.89,1091.66
772,1660.99,1092.32
773,1661.18,1092.99
774,1661.37,1093.54
775,1661.46,1094.21
776,1661.65,1094.87
777,1661.84,1095.54
778,1661.94,1096.09
779,1662.13,1096.76
780,1662.32,1097.42
781,1662.41,1098.09
782,1662.61,1098.64
783,1662.8,1099.31
784,1662.89,1099.97
785,1663.08,1100.53
786,1663.27,1101.19
787,1663.37,1101.86
788,1663.56,1102.52
789,1663.75,1103.08
790,1663.84,1103.74
791,1664.03,1104.41
792,1664.23,1105.07
793,1664.32,1105.63
794,1664.51,1106.29
795,1664.7,1106.96
796,1664.8,1107.62
797,1664.99,1108.18
798,1665.18,1108.84
799,1665.27,1109.51
800,1665.46,1110.17
801,1665.65,1110.73
802,1665.75,1111.39
803,1665.94,1112.06
804,1666.13,1112.61
805,1666.23,1113.28
806,1666.42,1113.94
807,1666.61,1114.61
808,1666.7,1115.16
809,1666.89,1115.83
810,1667.08,1116.49
811,1667.18,1117.16
812,1667.37,1117.71
813,1667.56,1118.38
814,1667.66,1119.04
815,1667.85,1119.71
816,1668.04,1120.26
817,1668.13,1120.93
818,1668.32,1121.59
819,1668.51,1122.26
820,1668.61,1122.81
821,1668.8,1123.48
822,1668.99,1124.14
823,1669.08,1124.81
824,1669.27,1125.36
825,1669.47,1126.03
826,1669.56,1126.69
827,1669.75,1127.25
828,1669.94,1127.91
829,1670.04,1128.58
830,1670.23,1129.24
831,1670.42,1129.8
832,1670.51,1130.46
833,1670.7,1131.13
834,1670.89,1131.8
835,1670.99,1132.35
836,1671.18,1133.01
837,1671.37,1133.68
838,1671.47,1134.35
839,1671.66,1134.9
840,1671.85,1135.56
841,1671.94,1136.23
842,1672.13,1136.9
843,1672.32,1137.45
844,1672.42,1138.11
845,1672.61,1138.78
846,1672.8,1139.33
847,1672.9,1140.0
848,1673.09,1140.66
849,1673.28,1141.33
850,1673.37,1141.88
851,1673.56,1142.55
852,1673.75,1143.21
853,1673.85,1143.88
854,1674.04,1144.43
855,1674.23,1145.1
856,1674.32,1145.77
857,1674.52,1146.43
858,1674.71,1146.98
859,1674.8,1147.65
860,1674.99,1148.32
861,1675.18,1148.98
862,1675.37,1149.53
863,1675.47,1150.2
864,1675.66,1150.87
865,1675.85,1151.53
866,1675.94,1152.08
867,1676.14,1152.75
868,1676.33,1153.42
869,1676.42,1153.97
870,1676.61,1154.63
871,1676.8,1155.3
872,1676.9,1155.97
873,1677.09,1156.52
874,1677.28,1157.19
875,1677.37,1157.85
876,1677.56,1158.52
877,1677.75,1159.07
878,1677.85,1159.74
879,1678.04,1160.4
880,1678.23,1161.07
881,1678.33,1161.62
882,1678.52,1162.29
883,1678.71,1162.95
884,1678.8,1163.62
885,1678.99,1164.17
886,1679.18,1164.84
887,1679.28,1165.5
888,1679.47,1166.05
889,1679.66,1166.72
890,1679.76,1167.39
891,1679.95,1168.05
892,1680.14,1168.6
893,1680.23,1169.27
894,1680.42,1169.94
895,1680.61,1170.6
896,1680.71,1171.16
897,1680.9,1171.82
898,1681.09,1172.49
899,1681.18,1173.15
900,1681.38,1173.71
901,1681.57,1174.37
902,1681.66,1175.04
903,1681.85,1175.7
904,1682.04,1176.26
905,1682.14,1176.92
906,1682.33,1177.59
907,1682.52,1178.25
908,1682.61,1178.81
909,1682.8,1179.47
910,1783.13,1847.48
911,1811.91,1863.67
912,1840.59,1879.75
913,1869.36,1895.93
914,1879.55,1901.15
915,1889.65,1906.25
916,1899.85,1911.46
917,1910.04,1916.56
918,1920.14,1921.77
919,1930.34,1926.87
920,1940.53,1932.08
921,1950.63,1937.18
922,1960.83,1942.28
923,1970.93,1947.49
924,1981.12,1952.7
925,1991.32,1957.8
926,2001.41,1963.01
927,2011.61,1968.11
928,2021.8,1973.32
929,2031.9,1978.42
930,2042.1,1983.63
931,2052.29,1988.74
932,2062.39,1993.95
933,2072.59,1999.05
934,2081.26,2005.59
935,2089.93,2012.13
936,2098.6,2018.78
937,2107.27,2025.32
938,2115.94,2031.86
939,2124.61,2038.41
940,2133.28,2044.95
941,2141.95,2051.6
942,2150.62,2058.14
943,2159.29,2064.68
944,2163.2,2067.79
945,2167.1,2070.89
