0,1007.28,1124.48
1,1007.28,1124.48
2,1007.28,1124.48
3,1007.28,1124.48
4,1007.28,1124.48
5,1007.28,1124.48
6,1007.28,1124.48
7,1007.28,1124.48
8,1007.28,1124.48
9,1007.28,1124.48
10,1007.28,1124.48
11,1007.28,1124.48
12,1006.04,1123.92
13,1004.8,1123.37
14,1003.57,1122.81
15,1002.33,1122.26
16,1001.18,1121.71
17,999.95,1121.15
18,998.71,1120.6
19,997.47,1120.04
20,996.23,1119.49
21,994.99,1119.04
22,993.75,1118.49
23,992.51,1117.94
24,991.27,1117.38
25,990.04,1116.83
26,988.89,1116.27
27,987.65,1115.72
28,986.42,1115.16
29,985.18,1114.61
30,983.94,1114.06
31,980.79,1112.84
32,977.75,1111.51
33,974.6,1110.29
34,971.46,1109.07
35,968.41,1107.74
36,965.26,1106.52
37,962.22,1105.19
38,959.07,1103.97
39,955.93,1102.75
40,952.88,1101.42
41,949.73,1100.2
42,946.78,1098.53
43,943.83,1096.87
44,940.87,1095.21
45,937.92,1093.65
46,934.97,1091.99
47,932.11,1090.33
48,929.15,1088.67
49,926.2,1087.0
50,923.25,1085.45
51,920.29,1083.79
52,917.34,1082.12
53,914.39,1080.46
54,913.43,1080.46
55,912.38,1080.46
56,911.34,1080.57
57,910.38,1080.57
58,909.43,1080.57
59,908.38,1080.68
60,907.43,1080.68
61,906.38,1080.68
62,900.38,1086.0
63,896.76,1094.43
64,893.23,1102.86
65,889.71,1111.17
66,886.09,1119.6
67,884.37,1126.47
68,882.66,1133.46
69,880.85,1140.33
70,879.13,1147.21
71,877.42,1154.19
72,875.7,1161.07
73,873.99,1167.94
74,872.18,1174.92
75,870.46,1181.8
76,868.75,1188.67
77,867.03,1195.66
78,865.32,1202.53
79,863.6,1209.41
80,861.79,1216.39
81,860.08,1223.27
82,858.36,1230.14
83,856.65,1237.12
84,854.93,1244.0
85,853.12,1250.87
86,851.41,1257.86
87,849.69,1264.73
88,849.69,1264.73
89,849.69,1264.73
90,849.69,1264.73
91,849.69,1264.73
92,849.69,1264.73
93,849.69,1264.73
94,849.69,1264.73
95,849.69,1264.73
96,849.69,1264.73
97,849.69,1264.73
98,849.69,1264.73
99,849.69,1264.73
100,849.69,1264.73
101,849.69,1264.73
102,849.69,1264.73
103,849.69,1264.73
104,849.69,1264.73
105,849.69,1264.73
106,849.69,1264.73
107,849.69,1264.73
108,849.22,1268.28
109,848.83,1271.83
110,848.45,1275.38
111,847.98,1278.92
112,847.5,1282.47
113,847.12,1286.02
114,846.64,1289.57
115,846.26,1293.12
116,845.79,1296.66
117,845.4,1300.21
118,844.17,1308.97
119,842.93,1317.84
120,841.69,1326.6
121,840.45,1335.36
122,839.21,1344.12
123,837.97,1352.99
124,836.73,1361.75
125,835.49,1370.51
126,834.26,1379.38
127,833.02,1388.13
128,832.26,1394.9
129,831.59,1401.66
130,830.83,1408.42
131,830.06,1415.19
132,829.4,1421.95
133,828.63,1428.71
134,827.97,1435.48
135,827.21,1442.24
136,826.44,1449.0
137,825.78,1455.88
138,825.01,1462.64
139,824.25,1469.4
140,823.59,1476.17
141,822.82,1482.93
142,822.16,1489.69
143,821.39,1496.46
144,820.63,1503.22
145,819.96,1509.98
146,819.2,1516.75
147,820.44,1524.06
148,821.68,1531.38
149,822.92,1538.59
150,824.16,1545.91
151,825.4,1553.22
152,826.63,1560.54
153,827.87,1567.86
154,829.11,1575.07
155,830.35,1582.38
156,831.59,1589.7
157,831.68,1590.7
158,831.78,1591.7
159,831.87,1592.7
160,831.97,1593.69
161,831.97,1594.69
162,832.06,1595.58
163,832.16,1596.58
164,832.26,1597.57
165,832.35,1598.57
166,832.45,1599.57
167,832.45,1599.57
168,832.45,1599.57
169,832.45,1599.57
170,832.45,1599.57
171,832.45,1599.57
172,832.45,1599.57
173,832.45,1599.57
174,832.45,1599.57
175,832.45,1599.57
176,832.45,1599.57
177,832.45,1599.57
178,832.45,1599.57
179,832.45,1599.57
180,832.45,1599.57
181,832.45,1599.57
182,832.45,1599.57
183,832.45,1599.57
184,832.45,1599.57
185,832.45,1599.57
186,832.45,1599.57
187,832.45,1599.57
188,832.45,1599.57
189,832.45,1599.57
190,832.45,1599.57
191,832.45,1599.57
192,832.45,1599.57
193,832.45,1599.57
194,832.45,1599.57
195,832.45,1599.57
196,832.45,1599.57
197,832.45,1599.57
198,832.45,1599.57
199,832.45,1599.57
200,832.45,1599.57
201,832.45,1599.57
202,832.45,1599.57
203,832.45,1599.57
204,832.45,1599.57
205,832.45,1599.57
206,832.45,1599.57
207,832.45,1599.57
208,832.45,1599.57
209,832.45,1599.57
210,832.45,1599.57
211,832.45,1599.57
212,832.45,1599.57
213,832.45,1599.57
214,832.45,1599.57
215,832.45,1599.57
216,832.45,1599.57
217,832.45,1599.57
218,832.45,1599.57
219,832.45,1599.57
220,832.45,1599.57
221,832.45,1599.57
222,832.45,1599.57
223,832.45,1599.57
224,832.45,1599.57
225,832.45,1599.57
226,832.45,1599.57
227,832.45,1599.57
228,832.45,1599.57
229,832.45,1599.57
230,832.45,1599.57
231,832.45,1599.57
232,832.45,1599.57
233,832.45,1599.57
234,832.45,1599.57
235,832.45,1599.57
236,832.45,1599.57
237,832.45,1599.57
238,832.45,1599.57
239,832.45,1599.57
240,832.45,1599.57
241,832.45,1599.57
242,832.45,1599.57
243,832.45,1599.57
244,832.45,1599.57
245,832.45,1599.57
246,832.45,1599.57
247,832.64,1601.45
248,832.83,1603.34
249,832.92,1605.11
250,833.11,1607.0
251,833.3,1608.88
252,833.49,1610.77
253,833.68,1612.65
254,833.78,1614.43
255,833.97,1616.31
256,834.16,1618.2
257,834.35,1620.08
258,834.54,1621.97
259,834.64,1623.74
260,834.83,1625.62
261,835.02,1627.51
262,835.21,1629.39
263,835.4,1631.28
264,835.49,1633.05
265,835.69,1634.94
266,835.88,1636.82
267,836.07,1647.36
268,836.35,1657.78
269,836.54,1668.31
270,836.16,1672.75
271,835.78,1677.18
272,835.4,1681.51
273,835.02,1685.94
274,834.73,1690.37
275,834.35,1694.81
276,833.97,1699.13
277,833.59,1703.57
278,833.21,1708.0
279,832.83,1712.44
280,832.45,1716.87
281,832.06,1721.2
282,831.68,1725.63
283,831.4,1730.07
284,831.02,1734.5
285,830.64,1738.83
286,830.25,1743.26
287,829.87,1747.7
288,818.25,1856.02
289,817.2,1866.33
290,816.06,1876.75
291,815.01,1887.06
292,813.87,1897.49
293,812.82,1907.8
294,811.68,1918.22
295,810.53,1928.64
296,809.48,1938.95
297,808.34,1949.37
298,807.29,1959.69
299,806.15,1970.11
300,805.1,1980.42
301,802.15,1990.73
302,799.1,2001.04
303,796.15,2011.35
304,793.19,2021.66
305,790.14,2031.86
306,787.19,2042.18
307,784.24,2052.49
308,781.19,2062.8
309,778.23,2073.11
310,775.85,2082.31
311,773.56,2091.51
312,771.18,2100.72
313,768.9,2109.92
314,766.51,2119.12
315,764.23,2128.32
316,761.84,2137.53
317,759.56,2146.62
318,757.18,2155.82
319,754.89,2165.02
320,752.51,2174.23
321,750.22,2183.43
322,747.84,2192.63
323,745.55,2201.83
324,743.17,2211.04
325,740.88,2220.24
326,738.5,2229.44
327,736.22,2238.64
328,733.83,2247.85
329,731.55,2257.05
330,729.16,2266.25
331,726.88,2275.34
332,724.5,2284.55
333,722.21,2293.75
334,719.83,2302.95
335,717.54,2312.15
336,715.16,2321.36
337,712.87,2330.56
338,710.49,2339.76
339,712.97,2347.74
340,715.35,2355.61
341,717.83,2363.6
342,720.21,2371.58
343,722.69,2379.56
344,725.07,2387.44
345,727.54,2395.42
346,729.93,2403.4
347,732.4,2411.38
348,734.79,2419.26
349,737.26,2427.24
350,746.31,2427.57
351,755.27,2428.02
352,764.32,2428.46
353,773.28,2428.79
354,782.33,2429.12
355,791.29,2429.57
356,800.24,2430.01
357,809.29,2430.34
358,818.25,2430.68
359,827.3,2431.12
360,839.12,2429.01
361,850.93,2426.91
362,862.74,2424.8
363,874.56,2422.69
364,886.37,2420.7
365,898.19,2418.59
366,910.0,2416.48
367,921.82,2414.38
368,933.63,2412.27
369,945.45,2410.16
370,954.69,2410.5
371,963.93,2410.94
372,973.17,2411.27
373,982.32,2411.61
374,991.56,2411.94
375,1000.8,2412.38
376,1010.04,2412.71
377,1019.29,2413.05
378,1028.53,2413.38
379,1037.77,2413.82
380,1046.92,2414.16
381,1056.16,2414.49
382,1065.4,2414.82
383,1074.64,2415.26
384,1083.89,2415.6
385,1093.13,2415.93
386,1102.27,2416.26
387,1111.52,2416.6
388,1120.76,2417.04
389,1130.0,2417.37
390,1136.0,2418.59
391,1142.01,2419.81
392,1147.91,2421.03
393,1153.91,2422.25
394,1159.92,2423.47
395,1165.92,2424.69
396,1171.92,2425.91
397,1177.83,2427.13
398,1183.83,2428.35
399,1189.83,2429.57
400,1190.5,2433.78
401,1191.07,2438.1
402,1191.74,2442.32
403,1190.98,2445.42
404,1190.31,2448.64
405,1189.55,2451.74
406,1188.79,2458.62
407,1188.02,2465.49
408,1187.26,2472.36
409,1186.5,2479.24
410,1185.74,2486.22
411,1184.98,2493.1
412,1184.21,2499.97
413,1183.45,2506.85
414,1182.69,2513.72
415,1182.59,2514.39
416,1182.5,2514.94
417,1182.4,2515.61
418,1182.31,2516.27
419,1182.31,2516.82
420,1182.21,2517.49
421,1182.12,2518.16
422,1182.02,2518.71
423,1181.93,2519.37
424,1182.4,2525.25
425,1182.78,2531.13
426,1183.26,2537.0
427,1183.64,2542.99
428,1184.12,2548.87
429,1184.5,2554.74
430,1182.78,2566.27
431,1180.97,2577.81
432,1179.26,2589.45
433,1177.54,2600.98
434,1175.73,2612.51
435,1174.02,2624.04
436,1172.21,2635.68
437,1170.49,2647.21
438,1168.78,2658.74
439,1166.97,2670.27
440,1165.25,2681.8
441,1163.54,2693.45
442,1161.73,2704.98
443,1160.01,2716.51
444,1158.3,2728.04
445,1156.49,2739.68
446,1154.77,2751.21
447,1152.96,2762.74
448,1151.25,2774.27
449,1149.53,2785.91
450,1147.72,2797.45
451,1146.01,2808.98
452,1145.15,2817.85
453,1144.29,2826.72
454,1146.48,2831.04
455,1148.58,2835.47
456,1150.77,2839.8
457,1153.06,2841.02
458,1155.25,2842.35
459,1157.54,2843.57
460,1159.73,2844.79
461,1162.01,2846.12
462,1164.3,2847.34
463,1166.49,2848.56
464,1168.78,2849.89
465,1170.97,2851.11
466,1173.26,2852.33
467,1175.54,2853.66
468,1177.73,2854.88
469,1180.02,2856.1
470,1182.31,2857.43
471,1184.5,2858.65
472,1186.79,2859.87
473,1188.98,2861.2
474,1191.26,2862.42
475,1258.63,2893.46
476,1259.01,2893.68
477,1259.39,2893.79
478,1259.77,2894.02
479,1260.05,2894.24
480,1260.44,2894.35
481,1260.82,2894.57
482,1260.82,2894.57
483,1260.82,2894.57
484,1260.82,2894.57
485,1260.82,2894.57
486,1260.82,2894.57
487,1260.82,2894.57
488,1260.82,2894.57
489,1260.82,2894.57
490,1260.82,2894.57
491,1260.82,2894.57
492,1265.58,2896.57
493,1270.44,2898.67
494,1275.2,2900.67
495,1279.97,2902.77
496,1284.73,2904.77
497,1289.5,2906.77
498,1294.36,2908.87
499,1299.12,2910.87
500,1303.88,2912.98
501,1308.65,2914.97
502,1313.51,2916.97
503,1318.27,2919.07
504,1323.03,2921.07
505,1327.89,2923.18
506,1332.66,2925.17
507,1337.42,2927.17
508,1342.18,2929.27
509,1346.95,2931.27
510,1351.81,2933.38
511,1356.57,2935.37
512,1365.81,2939.25
513,1375.06,2943.13
514,1384.39,2947.12
515,1393.63,2951.0
516,1402.88,2954.89
517,1412.12,2958.77
518,1421.36,2962.65
519,1430.7,2966.64
520,1439.94,2970.52
521,1449.18,2974.4
522,1456.8,2978.5
523,1464.52,2982.6
524,1472.24,2986.6
525,1479.86,2990.7
526,1487.48,2994.8
527,1495.2,2998.9
528,1502.82,3003.0
529,1510.54,3007.0
530,1518.26,3011.1
531,1525.88,3015.2
532,1534.46,3019.97
533,1543.13,3024.74
534,1551.7,3029.39
535,1560.37,3034.16
536,1568.95,3038.93
537,1577.62,3043.69
538,1586.29,3048.46
539,1594.86,3053.12
540,1603.53,3057.89
541,1612.11,3062.65
542,1614.78,3064.1
543,1617.54,3065.54
544,1620.21,3066.98
545,1622.87,3068.42
546,1625.54,3069.86
547,1628.31,3071.19
548,1630.97,3072.63
549,1633.64,3074.07
550,1636.4,3075.52
551,1639.07,3076.96
552,1639.07,3076.96
553,1639.07,3076.96
554,1639.07,3076.96
555,1639.07,3076.96
556,1639.07,3076.96
557,1639.07,3076.96
558,1639.07,3076.96
559,1639.07,3076.96
560,1639.07,3076.96
561,1639.07,3076.96
562,1639.07,3076.96
563,1639.07,3076.96
564,1639.07,3076.96
565,1639.07,3076.96
566,1639.07,3076.96
567,1639.07,3076.96
568,1639.07,3076.96
569,1639.07,3076.96
570,1639.07,3076.96
571,1639.07,3076.96
572,1639.07,3076.96
573,1639.07,3076.96
574,1639.07,3076.96
575,1639.07,3076.96
576,1639.07,3076.96
577,1639.07,3076.96
578,1639.07,3076.96
579,1639.07,3076.96
580,1639.07,3076.96
581,1639.07,3076.96
582,1639.07,3076.96
583,1639.07,3076.96
584,1639.07,3076.96
585,1639.07,3076.96
586,1639.07,3076.96
587,1639.07,3076.96
588,1639.07,3076.96
589,1639.07,3076.96
590,1639.07,3076.96
591,1639.07,3076.96
592,1639.07,3077.07
593,1639.17,3077.07
594,1639.17,3077.18
595,1639.26,3077.18
596,1639.26,3077.18
597,1639.26,3077.29
598,1639.36,3077.29
599,1639.36,3077.4
600,1639.45,3077.51
601,1639.45,3077.51
602,1645.36,3080.84
603,1651.27,3084.16
604,1657.17,3087.49
605,1663.08,3090.82
606,1668.99,3094.14
607,1674.99,3097.47
608,1680.9,3100.79
609,1686.81,3104.12
610,1692.71,3107.45
611,1698.62,3110.77
612,1700.24,3111.55
613,1701.86,3112.33
614,1703.58,3113.1
615,1705.19,3113.99
616,1706.81,3114.76
617,1708.43,3115.54
618,1710.05,3116.32
619,1711.77,3117.09
620,1713.39,3117.87
621,1715.01,3118.65
622,1716.63,3119.53
623,1718.25,3120.31
624,1719.96,3121.08
625,1721.58,3121.86
626,1723.2,3122.64
627,1724.82,3123.41
628,1726.44,3124.3
629,1728.16,3125.08
630,1729.78,3125.85
631,1731.4,3126.63
632,1731.4,3126.63
633,1731.4,3126.63
634,1731.4,3126.63
635,1731.4,3126.63
636,1731.4,3126.63
637,1731.4,3126.63
638,1731.4,3126.63
639,1731.4,3126.63
640,1731.4,3126.63
641,1731.4,3126.63
642,1732.92,3127.4
643,1734.45,3128.29
644,1735.97,3129.18
645,1737.49,3129.95
646,1739.02,3130.84
647,1740.54,3131.62
648,1742.07,3132.39
649,1743.59,3133.28
650,1745.12,3134.17
651,1746.64,3134.94
652,1747.78,3135.61
653,1748.93,3136.38
654,1750.07,3137.05
655,1751.21,3137.72
656,1752.36,3138.49
657,1753.5,3139.16
658,1754.64,3139.82
659,1755.79,3140.6
660,1756.93,3141.26
661,1757.5,3141.49
662,1757.98,3141.82
663,1758.55,3142.04
664,1759.12,3142.26
665,1759.69,3142.48
666,1760.17,3142.82
667,1760.74,3143.04
668,1761.31,3143.26
669,1761.89,3143.48
670,1762.36,3143.81
671,1762.93,3144.04
672,1763.03,3144.15
673,1763.22,3144.15
674,1763.31,3144.26
675,1763.41,3144.26
676,1763.6,3144.37
677,1763.7,3144.37
678,1763.79,3144.48
679,1763.98,3144.48
680,1764.08,3144.59
681,1764.17,3144.59
682,1764.36,3144.7
683,1764.46,3144.81
684,1764.65,3144.81
685,1764.74,3144.92
686,1764.84,3144.92
687,1765.03,3145.03
688,1765.12,3145.03
689,1765.22,3145.14
690,1765.41,3145.14
691,1765.51,3145.25
692,1765.51,3145.25
693,1765.51,3145.25
694,1765.51,3145.25
695,1765.51,3145.25
696,1765.51,3145.25
697,1765.51,3145.25
698,1765.51,3145.25
699,1765.51,3145.25
700,1765.51,3145.25
701,1765.51,3145.25
702,1765.51,3145.25
703,1765.51,3145.25
704,1765.51,3145.25
705,1765.51,3145.25
706,1765.51,3145.25
707,1765.51,3145.25
708,1765.51,3145.25
709,1765.51,3145.25
710,1765.51,3145.25
711,1765.51,3145.25
712,1765.51,3145.25
713,1765.51,3145.25
714,1765.51,3145.25
715,1765.51,3145.25
716,1765.51,3145.25
717,1765.51,3145.25
718,1765.51,3145.25
719,1765.51,3145.25
720,1765.51,3145.25
721,1765.51,3145.25
722,1765.51,3145.25
723,1765.51,3145.25
724,1765.51,3145.25
725,1765.51,3145.25
726,1765.51,3145.25
727,1765.51,3145.25
728,1765.51,3145.25
729,1765.51,3145.25
730,1765.51,3145.25
731,1765.51,3145.25
732,1765.6,3145.37
733,1765.79,3145.48
734,1765.98,3145.59
735,1766.08,3145.59
736,1766.17,3145.7
737,1766.36,3145.81
738,1766.55,3145.92
739,1766.65,3146.03
740,1766.74,3146.14
741,1766.94,3146.25
742,1767.13,3146.25
743,1767.22,3146.36
744,1767.32,3146.47
745,1767.51,3146.59
746,1767.7,3146.7
747,1767.79,3146.81
748,1767.89,3146.92
749,1768.08,3146.92
750,1768.27,3147.03
751,1768.36,3147.14
752,1768.46,3147.25
753,1768.65,3147.36
754,1768.75,3147.47
755,1768.94,3147.58
756,1769.03,3147.58
757,1769.22,3147.69
758,1769.32,3147.8
759,1769.51,3147.92
760,1781.99,3156.01
761,1782.66,3156.34
762,1783.32,3156.79
763,1783.99,3157.12
764,1784.66,3157.45
765,1785.32,3157.89
766,1785.99,3158.23
767,1786.66,3158.67
768,1787.32,3159.0
769,1787.99,3159.34
770,1788.66,3159.78
771,1789.33,3160.11
772,1789.33,3160.11
773,1789.33,3160.11
774,1789.33,3160.11
775,1789.33,3160.11
776,1789.33,3160.11
777,1789.33,3160.11
778,1789.33,3160.11
779,1789.33,3160.11
780,1789.33,3160.11
781,1789.33,3160.11
782,1789.33,3160.11
783,1789.33,3160.11
784,1789.33,3160.11
785,1789.33,3160.11
786,1789.33,3160.11
787,1789.33,3160.11
788,1789.33,3160.11
789,1789.33,3160.11
790,1789.33,3160.11
791,1789.33,3160.11
792,1790.37,3161.22
793,1791.42,3162.22
794,1792.47,3163.33
795,1793.52,3164.32
796,1794.57,3165.43
797,1795.61,3166.43
798,1796.66,3167.54
799,1797.71,3168.54
800,1798.76,3169.54
801,1799.81,3170.64
802,1800.85,3171.75
803,1801.9,3172.75
804,1802.95,3173.75
805,1804.0,3174.86
806,1805.05,3175.97
807,1806.09,3176.96
808,1807.14,3177.96
809,1808.19,3179.07
810,1808.67,3192.04
811,1809.14,3205.13
812,1804.86,3216.99
813,1800.47,3228.74
814,1796.19,3240.49
815,1791.9,3252.36
816,1787.52,3264.11
817,1783.23,3275.97
818,1778.94,3287.84
819,1774.65,3299.59
820,1770.27,3311.34
821,1765.98,3323.21
