359,79.75,1615.09
360,84.23,1616.2
361,88.7,1617.42
362,93.18,1618.53
363,97.66,1619.64
364,102.14,1620.75
365,106.62,1621.86
366,111.0,1623.07
367,115.48,1624.18
368,119.96,1625.29
369,124.43,1626.51
370,128.91,1627.62
371,133.39,1628.73
372,133.58,1628.73
373,133.68,1628.73
374,133.87,1628.73
375,134.06,1628.73
376,134.15,1628.73
377,134.34,1628.73
378,134.53,1628.73
379,134.63,1628.73
380,134.82,1628.73
381,135.01,1628.73
382,135.1,1628.73
383,135.3,1628.73
384,135.49,1628.73
385,135.58,1628.73
386,135.77,1628.73
387,135.96,1628.73
388,136.06,1628.73
389,136.25,1628.73
390,136.25,1628.73
391,136.25,1628.73
392,136.25,1628.73
393,136.25,1628.73
394,136.25,1628.73
395,136.25,1628.73
396,136.25,1628.73
397,136.25,1628.73
398,136.25,1628.73
399,136.25,1628.73
400,136.25,1628.73
401,136.25,1628.73
402,136.25,1628.73
403,136.25,1628.73
404,136.25,1628.73
405,136.25,1628.73
406,136.25,1628.73
407,136.25,1628.73
408,136.25,1628.73
409,136.25,1628.73
410,136.25,1628.73
411,136.25,1628.73
412,136.25,1628.73
413,136.25,1628.73
414,136.25,1628.73
415,136.25,1628.73
416,136.25,1628.73
417,136.25,1628.73
418,136.25,1628.73
419,136.25,1628.73
420,136.53,1628.06
421,136.72,1627.4
422,137.01,1626.62
423,137.3,1625.96
424,137.58,1625.29
425,137.77,1624.63
426,138.06,1623.96
427,138.34,1623.19
428,138.53,1622.52
429,138.82,1621.86
430,141.68,1623.07
431,144.63,1624.18
432,147.49,1625.4
433,150.35,1626.51
434,153.21,1627.73
435,156.16,1628.84
436,159.02,1630.06
437,161.88,1631.17
438,164.74,1632.39
439,167.69,1633.61
440,170.55,1634.72
441,173.41,1635.94
442,176.36,1637.04
443,179.22,1638.26
444,182.08,1639.37
445,184.94,1640.59
446,187.89,1641.7
447,190.75,1642.92
448,191.51,1648.24
449,192.27,1653.68
450,193.03,1659.0
451,193.8,1664.43
452,194.56,1669.75
453,195.32,1675.07
454,196.08,1680.51
455,196.84,1685.83
456,197.61,1691.26
457,198.37,1696.58
458,197.8,1700.02
459,197.23,1703.35
460,196.56,1706.78
461,195.99,1710.11
462,195.42,1713.55
463,194.84,1716.98
464,194.27,1720.31
465,193.61,1723.75
466,193.03,1727.07
467,192.46,1730.51
468,191.89,1734.17
469,191.32,1737.83
470,190.65,1741.49
471,190.08,1745.15
472,189.51,1748.69
473,188.94,1752.35
474,188.37,1756.01
475,187.7,1759.67
476,187.13,1763.33
477,186.55,1766.99
478,186.36,1771.65
479,186.17,1776.3
480,185.98,1780.96
481,185.79,1785.62
482,185.6,1790.27
483,188.17,1793.04
484,190.65,1795.82
485,193.22,1798.59
486,195.8,1801.36
487,200.08,1804.46
488,204.37,1807.57
489,208.56,1810.67
490,212.85,1813.78
491,217.14,1816.88
492,221.43,1819.99
493,225.62,1823.09
494,229.91,1826.19
495,234.19,1829.3
496,238.48,1832.4
497,242.67,1835.51
498,246.96,1838.61
499,251.25,1841.72
500,255.44,1844.82
501,259.73,1847.93
502,264.02,1851.03
503,268.3,1854.13
504,272.5,1857.24
505,276.78,1860.34
506,281.07,1863.45
507,287.26,1867.11
508,293.46,1870.77
509,299.55,1874.42
510,305.75,1878.08
511,311.94,1881.74
512,318.13,1885.4
513,324.33,1889.06
514,330.42,1892.72
515,336.62,1896.38
516,342.81,1900.04
517,349.19,1902.14
518,355.58,1904.36
519,361.96,1906.47
520,368.35,1908.57
521,374.73,1910.79
522,381.11,1912.9
523,387.5,1915.0
524,393.88,1917.11
525,400.26,1919.33
526,406.65,1921.43
527,409.89,1922.21
528,413.03,1923.1
529,416.27,1923.87
530,419.51,1924.65
531,422.65,1925.54
532,425.89,1926.31
533,429.13,1927.09
534,432.28,1927.98
535,435.52,1928.75
536,438.76,1929.53
537,441.9,1930.42
538,445.14,1931.19
539,448.38,1931.97
540,451.52,1932.85
541,454.76,1933.63
542,454.76,1933.63
543,454.76,1933.63
544,454.76,1933.63
545,454.76,1933.63
546,454.76,1933.63
547,454.76,1933.63
548,454.76,1933.63
549,454.76,1933.63
550,454.76,1933.63
551,454.76,1933.63
552,454.76,1933.63
553,454.76,1933.63
554,454.76,1933.63
555,454.76,1933.63
556,454.76,1933.63
557,454.76,1933.63
558,454.76,1933.63
559,454.76,1933.63
560,454.76,1933.63
561,454.76,1933.63
562,454.76,1933.63
563,454.76,1933.63
564,454.76,1933.63
565,454.76,1933.63
566,454.76,1933.63
567,459.34,1934.74
568,463.91,1935.85
569,468.48,1936.85
570,473.06,1937.96
571,477.63,1939.06
572,482.11,1940.17
573,486.68,1941.28
574,491.25,1942.28
575,495.83,1943.39
576,500.4,1944.5
577,508.98,1946.49
578,517.65,1948.49
579,526.22,1950.59
580,534.8,1952.59
581,543.37,1954.59
582,552.04,1956.58
583,560.62,1958.58
584,569.19,1960.68
585,577.86,1962.68
586,586.44,1964.68
587,596.82,1965.56
588,607.21,1966.45
589,617.5,1967.34
590,627.88,1968.22
591,638.27,1969.11
592,648.65,1970.0
593,659.04,1970.88
594,669.33,1971.77
595,679.72,1972.66
596,690.1,1973.55
597,698.29,1973.77
598,706.49,1973.99
599,714.78,1974.1
600,722.97,1974.32
601,731.17,1974.54
602,739.36,1974.76
603,747.55,1974.99
604,755.84,1975.1
605,764.04,1975.32
606,772.23,1975.54
607,775.37,1975.87
608,778.52,1976.21
609,781.66,1976.54
610,784.81,1976.87
611,787.95,1977.2
612,791.19,1977.54
613,794.33,1977.87
614,797.48,1978.2
615,800.62,1978.53
616,803.77,1978.87
617,806.91,1979.2
618,810.06,1979.53
619,813.2,1979.87
620,816.34,1980.2
621,819.58,1980.53
622,822.73,1980.86
623,825.87,1981.2
624,829.02,1981.53
625,832.16,1981.86
626,835.3,1982.19
627,839.4,1983.41
628,843.59,1984.63
629,847.69,1985.85
630,851.88,1987.07
631,855.98,1988.29
632,860.17,1989.51
633,864.36,1990.73
634,868.46,1991.95
635,872.65,1993.17
636,876.75,1994.39
637,880.18,1995.39
638,883.52,1996.39
639,886.95,1997.38
640,890.28,1998.38
641,893.71,1999.38
642,897.04,2000.27
643,900.47,2001.26
644,903.81,2002.26
645,907.24,2003.26
646,910.57,2004.26
647,914.67,2005.7
648,918.77,2007.03
649,922.87,2008.47
650,926.96,2009.8
651,931.06,2011.24
652,935.25,2012.68
653,939.35,2014.01
654,943.45,2015.46
655,947.54,2016.79
656,951.64,2018.23
657,958.21,2019.67
658,964.88,2021.0
659,971.46,2022.44
660,978.13,2023.88
661,984.7,2025.32
662,991.37,2026.65
663,997.94,2028.1
664,1004.61,2029.54
665,1011.19,2030.98
666,1017.86,2032.31
667,1024.43,2033.75
668,1025.38,2033.75
669,1026.24,2033.75
670,1027.19,2033.75
671,1028.15,2033.75
672,1029.1,2033.86
673,1029.96,2033.86
674,1030.91,2033.86
675,1031.86,2033.86
676,1032.82,2033.86
677,1033.67,2033.86
678,1034.63,2033.86
679,1035.58,2033.86
680,1036.53,2033.86
681,1037.39,2033.86
682,1038.34,2033.97
683,1039.3,2033.97
684,1040.25,2033.97
685,1041.11,2033.97
686,1042.06,2033.97
687,1042.06,2033.97
688,1042.06,2033.97
689,1042.06,2033.97
690,1042.06,2033.97
691,1042.06,2033.97
692,1042.06,2033.97
693,1042.06,2033.97
694,1042.06,2033.97
695,1042.06,2033.97
696,1042.06,2033.97
697,1042.06,2033.97
698,1042.06,2033.97
699,1042.06,2033.97
700,1042.06,2033.97
701,1042.06,2033.97
702,1042.06,2033.97
703,1042.06,2033.97
704,1042.06,2033.97
705,1042.06,2033.97
706,1042.06,2033.97
707,1042.06,2033.97
708,1042.06,2033.97
709,1042.06,2033.97
710,1042.06,2033.97
711,1042.06,2033.97
712,1042.06,2033.97
713,1042.06,2033.97
714,1042.06,2033.97
715,1042.06,2033.97
716,1042.06,2033.97
717,1042.63,2033.97
718,1043.2,2033.97
719,1043.77,2033.97
720,1044.34,2033.97
721,1045.01,2033.97
722,1045.58,2033.97
723,1046.16,2033.97
724,1046.73,2033.97
725,1047.3,2033.97
726,1047.87,2033.97
727,1054.06,2034.64
728,1060.26,2035.3
729,1066.45,2036.08
730,1072.64,2036.74
731,1078.84,2037.41
732,1085.12,2038.07
733,1091.32,2038.74
734,1097.51,2039.52
735,1103.7,2040.18
736,1109.9,2040.85
737,1116.09,2041.51
738,1122.28,2042.18
739,1128.48,2042.84
740,1134.67,2043.62
741,1140.86,2044.28
742,1147.15,2044.95
743,1153.34,2045.61
744,1159.54,2046.28
745,1165.73,2047.05
746,1171.92,2047.72
747,1178.12,2048.38
748,1182.12,2050.38
749,1186.02,2052.49
750,1190.03,2054.48
751,1194.03,2056.48
752,1197.93,2058.59
753,1201.94,2060.58
754,1205.84,2062.69
755,1209.84,2064.68
756,1211.94,2074.22
757,1214.13,2083.75
758,1216.23,2093.29
759,1218.42,2102.82
760,1220.51,2112.36
761,1220.7,2124.89
762,1220.99,2137.31
763,1221.18,2149.83
764,1221.47,2162.25
765,1220.7,2175.45
766,1219.94,2188.64
767,1219.28,2201.83
768,1218.51,2215.03
769,1217.75,2228.22
770,1216.99,2241.42
771,1216.23,2254.61
772,1215.56,2267.8
773,1214.8,2281.0
774,1214.04,2294.19
775,1213.18,2302.84
776,1212.42,2311.6
777,1211.56,2320.25
778,1210.8,2329.01
779,1209.94,2337.65
780,1209.18,2346.41
781,1208.32,2355.17
782,1207.56,2363.82
783,1206.7,2372.47
784,1205.94,2381.23
785,1204.03,2393.98
786,1202.22,2406.84
787,1200.32,2419.59
788,1198.51,2432.34
789,1196.6,2445.2
790,1194.79,2457.95
791,1192.88,2470.7
792,1191.07,2483.45
793,1189.17,2496.31
794,1187.36,2509.06
795,1185.45,2521.81
796,1183.64,2534.68
797,1181.74,2547.43
798,1179.93,2560.18
799,1178.02,2572.93
800,1176.21,2585.79
801,1174.3,2598.54
802,1172.49,2611.29
803,1170.59,2624.15
804,1168.78,2636.9
805,1166.68,2650.32
806,1164.59,2663.62
807,1162.39,2677.04
808,1160.3,2690.45
809,1158.2,2703.87
810,1156.11,2717.17
811,1154.01,2730.59
812,1151.82,2744.0
813,1149.72,2757.31
814,1147.63,2770.72
815,1146.39,2779.59
816,1145.05,2788.58
817,1143.82,2797.45
818,1142.58,2806.31
819,1141.24,2815.3
820,1140.0,2824.17
821,1141.24,2827.38
822,1142.58,2830.6
823,1143.82,2833.81
824,1145.05,2837.14
825,1146.39,2840.35
826,1147.63,2843.57
827,1154.49,2846.56
828,1161.35,2849.67
829,1168.3,2852.66
830,1175.16,2855.65
831,1182.02,2858.76
832,1188.88,2861.75
833,1195.74,2864.75
834,1202.7,2867.74
835,1209.56,2870.84
836,1216.42,2873.84
837,1220.42,2875.61
838,1224.42,2877.38
839,1228.42,2879.05
840,1232.42,2880.82
841,1236.43,2882.6
842,1240.43,2884.37
843,1244.43,2886.14
844,1248.43,2887.81
845,1252.43,2889.58
846,1256.43,2891.35
847,1256.43,2891.35
848,1256.43,2891.35
849,1256.43,2891.35
850,1256.43,2891.35
851,1256.43,2891.35
852,1256.43,2891.35
853,1256.43,2891.35
854,1256.43,2891.35
855,1256.43,2891.35
856,1256.43,2891.35
857,1256.43,2891.35
858,1256.43,2891.35
859,1256.43,2891.35
860,1256.43,2891.35
861,1256.43,2891.35
862,1256.43,2891.35
863,1256.43,2891.35
864,1256.43,2891.35
865,1256.43,2891.35
866,1256.43,2891.35
867,1257.96,2891.91
868,1259.48,2892.46
869,1260.91,2893.13
870,1262.44,2893.68
871,1263.96,2894.24
872,1265.49,2894.79
873,1267.01,2895.35
874,1268.44,2896.01
875,1269.96,2896.57
876,1271.49,2897.12
877,1278.73,2900.11
878,1285.97,2903.22
879,1293.12,2906.21
880,1300.36,2909.21
881,1307.6,2912.31
882,1314.84,2915.3
883,1322.08,2918.3
884,1329.23,2921.29
885,1336.47,2924.4
886,1343.71,2927.39
887,1355.81,2932.6
888,1367.91,2937.92
889,1380.01,2943.13
890,1392.11,2948.45
891,1404.12,2953.67
892,1416.22,2958.88
893,1428.32,2964.2
894,1440.42,2969.41
895,1452.52,2974.73
896,1464.62,2979.94
897,1469.1,2982.6
898,1473.57,2985.15
899,1477.96,2987.81
900,1482.43,2990.48
901,1486.91,2993.03
902,1491.39,2995.69
903,1495.77,2998.35
904,1500.25,3001.01
905,1504.73,3003.56
906,1509.21,3006.22
907,1513.59,3008.88
908,1518.07,3011.43
909,1522.55,3014.09
910,1534.65,3020.41
911,1546.75,3026.73
912,1558.94,3032.94
913,1571.04,3039.26
914,1583.14,3045.58
915,1595.24,3051.9
916,1607.34,3058.11
917,1619.44,3064.43
918,1631.64,3070.75
919,1643.74,3077.07
920,1655.84,3083.28
921,1667.94,3089.6
922,1680.04,3095.92
923,1692.14,3102.24
924,1704.34,3108.44
925,1716.44,3114.76
926,1728.54,3121.08
927,1740.07,3127.74
928,1751.5,3134.39
929,1763.03,3141.15
930,1774.46,3147.8
931,1785.99,3154.46
932,1797.52,3161.11
933,1808.95,3167.76
934,1820.48,3174.53
935,1831.91,3181.18
936,1843.44,3187.83
937,1857.35,3191.6
938,1871.26,3195.37
939,1885.27,3199.14
940,1899.18,3202.91
941,1913.09,3206.68
942,1927.0,3210.56
943,1940.91,3214.33
944,1954.92,3218.1
945,1968.83,3221.87
