364,41.45,2022.11
365,50.69,2027.87
366,59.93,2033.64
367,69.17,2039.4
368,78.41,2045.17
369,87.56,2050.82
370,96.8,2056.59
371,106.04,2062.35
372,115.29,2068.12
373,124.53,2073.89
374,128.72,2077.54
375,133.01,2081.2
376,137.2,2084.86
377,141.39,2088.52
378,145.68,2092.18
379,149.87,2095.84
380,154.06,2099.39
381,158.26,2103.05
382,162.54,2106.7
383,166.74,2110.36
384,170.93,2114.02
385,175.22,2117.68
386,179.41,2121.34
387,187.32,2126.44
388,195.23,2131.54
389,203.13,2136.64
390,211.04,2141.74
391,218.85,2146.95
392,226.76,2152.05
393,234.67,2157.15
394,242.58,2162.25
395,250.49,2167.35
396,258.39,2172.45
397,266.3,2177.55
398,274.21,2182.65
399,282.12,2187.75
400,289.93,2192.96
401,297.84,2198.06
402,305.75,2203.16
403,313.66,2208.26
404,321.56,2213.36
405,333.0,2222.35
406,344.43,2231.33
407,347.58,2240.2
408,354.63,2247.29
409,361.68,2254.5
410,368.73,2261.71
411,375.78,2268.8
412,382.83,2275.9
413,389.88,2283.1
414,396.93,2290.2
415,403.98,2297.41
416,411.03,2304.61
417,418.08,2311.71
418,423.04,2314.92
419,427.99,2318.14
420,432.94,2321.24
421,437.9,2324.46
422,442.85,2327.67
423,447.81,2330.89
424,452.76,2334.11
425,457.72,2337.32
426,462.67,2340.43
427,467.63,2343.64
428,472.58,2346.86
429,477.92,2349.41
430,483.25,2351.85
431,488.59,2354.4
432,493.92,2356.95
433,499.26,2359.38
434,504.59,2361.93
435,509.93,2364.48
436,515.26,2366.92
437,520.6,2369.47
438,525.84,2372.02
439,531.18,2374.57
440,536.51,2377.01
441,541.85,2379.56
442,547.18,2382.11
443,552.52,2384.55
444,557.85,2387.1
445,563.19,2389.65
446,568.53,2392.09
447,573.86,2394.64
448,583.77,2397.53
449,593.68,2400.41
450,603.68,2403.29
451,613.59,2406.17
452,623.5,2408.94
453,633.41,2411.83
454,643.32,2414.71
455,653.32,2417.59
456,663.23,2420.48
457,673.14,2423.36
458,684.19,2424.13
459,695.25,2424.91
460,706.39,2425.69
461,717.45,2426.46
462,728.5,2427.24
463,739.55,2428.13
464,750.6,2428.9
465,761.75,2429.68
466,772.8,2430.45
467,783.85,2431.23
468,793.86,2430.9
469,803.77,2430.57
470,813.77,2430.12
471,823.68,2429.79
472,833.68,2429.46
473,843.59,2429.12
474,853.6,2428.79
475,863.51,2428.46
476,873.51,2428.02
477,883.52,2427.68
478,893.42,2427.35
479,903.43,2427.02
480,913.34,2426.68
481,923.34,2426.24
482,933.25,2425.91
483,943.25,2425.58
484,947.26,2425.13
485,951.16,2424.69
486,955.16,2424.25
487,959.07,2423.8
488,963.07,2423.36
489,966.98,2422.92
490,970.98,2422.36
491,974.89,2421.92
492,978.89,2421.47
493,982.89,2421.03
494,986.8,2420.59
495,990.8,2420.14
496,994.7,2419.7
497,998.71,2419.26
498,1002.61,2418.81
499,1006.61,2418.37
500,1010.52,2417.93
501,1014.52,2417.48
502,1018.52,2417.04
503,1022.43,2416.6
504,1026.43,2416.04
505,1030.34,2415.6
506,1034.34,2415.15
507,1038.25,2414.71
508,1042.25,2414.27
509,1046.16,2413.82
510,1050.16,2413.38
511,1050.35,2413.38
512,1050.54,2413.27
513,1050.73,2413.27
514,1050.92,2413.16
515,1051.11,2413.16
516,1051.3,2413.05
517,1051.49,2413.05
518,1051.68,2412.94
519,1051.87,2412.94
520,1051.87,2412.94
521,1051.87,2412.94
522,1051.87,2412.94
523,1051.87,2412.94
524,1051.87,2412.94
525,1051.87,2412.94
526,1051.87,2412.94
527,1051.87,2412.94
528,1051.87,2412.94
529,1051.87,2412.94
530,1053.49,2413.27
531,1055.21,2413.71
532,1056.83,2414.05
533,1058.45,2414.49
534,1060.16,2414.82
535,1061.78,2415.15
536,1063.4,2415.6
537,1065.02,2415.93
538,1066.74,2416.37
539,1068.36,2416.71
540,1068.45,2416.71
541,1068.55,2416.6
542,1068.64,2416.6
543,1068.74,2416.6
544,1068.83,2416.48
545,1069.02,2416.48
546,1069.12,2416.37
547,1069.21,2416.37
548,1069.31,2416.37
549,1069.4,2416.26
550,1069.5,2416.26
551,1072.74,2416.37
552,1076.07,2416.48
553,1079.31,2416.6
554,1082.65,2416.71
555,1085.89,2416.82
556,1089.22,2417.04
557,1092.46,2417.15
558,1095.8,2417.26
559,1099.03,2417.37
560,1102.37,2417.48
561,1105.61,2417.59
562,1108.85,2417.7
563,1112.18,2417.81
564,1115.42,2417.93
565,1118.76,2418.04
566,1122.0,2418.15
567,1125.33,2418.37
568,1128.57,2418.48
569,1131.91,2418.59
570,1135.15,2418.7
571,1138.48,2418.81
572,1141.72,2418.92
573,1145.63,2415.38
574,1149.53,2411.72
575,1153.44,2408.17
576,1157.34,2404.51
577,1161.25,2400.96
578,1161.63,2392.98
579,1162.01,2385.0
580,1162.49,2377.12
581,1162.87,2369.14
582,1163.25,2361.16
583,1163.63,2353.18
584,1164.01,2345.19
585,1164.49,2337.32
586,1164.87,2329.34
587,1165.25,2321.36
588,1165.92,2311.82
589,1166.49,2302.4
590,1167.06,2292.86
591,1167.73,2283.44
592,1168.4,2274.01
593,1168.97,2264.48
594,1169.64,2254.94
595,1170.21,2245.52
596,1170.78,2236.09
597,1171.45,2226.56
598,1171.83,2217.24
599,1172.3,2207.93
600,1172.68,2198.62
601,1173.07,2189.3
602,1173.54,2179.99
603,1173.92,2170.68
604,1174.4,2161.36
605,1174.78,2152.05
606,1175.16,2142.74
607,1175.64,2133.42
608,1176.02,2124.11
609,1175.54,2115.57
610,1175.07,2107.04
611,1174.59,2098.5
612,1174.11,2089.96
613,1170.68,2078.88
614,1170.49,2078.65
615,1170.3,2078.43
616,1170.21,2078.32
617,1170.02,2078.1
618,1169.83,2077.88
619,1169.64,2077.66
620,1169.45,2077.43
621,1169.25,2077.21
622,1169.16,2077.1
623,1168.97,2076.88
624,1168.78,2076.66
625,1168.97,2076.44
626,1169.06,2076.32
627,1169.25,2076.1
628,1169.35,2075.88
629,1169.54,2075.77
630,1169.73,2075.55
631,1169.83,2075.33
632,1170.02,2075.11
633,1170.11,2074.99
634,1170.3,2074.77
635,1167.54,2072.11
636,1164.87,2069.34
637,1162.11,2066.68
638,1159.35,2063.91
639,1156.68,2061.25
640,1153.91,2058.47
641,1151.15,2055.81
642,1148.48,2053.04
643,1145.72,2050.38
644,1138.38,2048.72
645,1131.05,2047.05
646,1123.81,2045.39
647,1116.47,2043.73
648,1109.13,2042.07
649,1101.8,2040.29
650,1094.46,2038.63
651,1087.12,2036.96
652,1079.88,2035.3
653,1072.55,2033.64
654,1065.21,2031.98
655,1057.49,2031.64
656,1049.78,2031.42
657,1042.15,2031.09
658,1034.44,2030.76
659,1026.72,2030.42
660,1019.0,2030.2
661,1011.28,2029.87
662,1003.66,2029.54
663,995.94,2029.31
664,988.23,2028.98
665,985.08,2028.21
666,982.03,2027.54
667,978.89,2026.76
668,975.84,2026.1
669,972.7,2025.32
670,969.65,2024.55
671,966.5,2023.88
672,963.36,2023.11
673,960.31,2022.44
674,957.17,2021.66
675,954.12,2021.0
676,950.97,2020.22
677,947.83,2019.45
678,944.78,2018.78
679,941.63,2018.01
680,938.59,2017.34
681,935.44,2016.56
682,932.39,2015.79
683,929.25,2015.12
684,926.1,2014.35
685,923.06,2013.68
686,919.91,2012.91
687,916.86,2012.24
688,913.72,2011.46
689,913.72,2011.46
690,913.72,2011.46
691,913.72,2011.46
692,913.72,2011.46
693,913.72,2011.46
694,913.72,2011.46
695,913.72,2011.46
696,913.72,2011.46
697,913.72,2011.46
698,913.72,2011.46
699,913.72,2011.46
700,913.72,2011.46
701,913.72,2011.46
702,913.72,2011.46
703,913.72,2011.46
704,913.72,2011.46
705,913.72,2011.46
706,913.72,2011.46
707,913.72,2011.46
708,913.72,2011.46
709,913.72,2011.46
710,913.72,2011.46
711,913.72,2011.46
712,913.72,2011.46
713,913.72,2011.46
714,913.72,2011.46
715,913.72,2011.46
716,913.72,2011.46
717,913.72,2011.46
718,913.72,2011.46
719,913.72,2011.46
720,913.72,2011.46
721,913.72,2011.46
722,913.72,2011.46
723,913.72,2011.46
724,913.72,2011.46
725,913.72,2011.46
726,913.72,2011.46
727,913.72,2011.46
728,913.72,2011.46
729,913.72,2011.46
730,913.72,2011.46
731,913.72,2011.46
732,913.72,2011.46
733,913.43,2011.35
734,913.05,2011.24
735,912.77,2011.13
736,912.48,2011.02
737,912.1,2010.91
738,911.81,2010.8
739,911.53,2010.69
740,911.15,2010.47
741,910.86,2010.36
742,910.57,2010.24
743,910.19,2010.13
744,909.91,2010.02
745,909.62,2009.91
746,909.24,2009.8
747,908.95,2009.69
748,908.67,2009.58
749,908.38,2009.47
750,908.0,2009.36
751,907.72,2009.25
752,907.43,2009.14
753,907.05,2008.91
754,906.76,2008.8
755,906.48,2008.69
756,906.1,2008.58
757,905.81,2008.47
758,905.52,2008.36
759,905.14,2008.25
760,904.86,2008.14
761,854.93,1978.53
762,850.07,1978.2
763,845.31,1977.76
764,840.45,1977.43
765,835.59,1976.98
766,830.83,1976.65
767,825.97,1976.32
768,821.2,1975.87
769,816.34,1975.54
770,807.2,1980.42
771,808.05,1984.74
772,808.91,1988.96
773,809.77,1993.28
774,810.63,1997.49
775,811.48,2001.82
776,809.96,2005.48
777,808.44,2009.14
778,807.01,2012.79
779,805.48,2016.45
780,803.96,2020.11
781,802.43,2023.77
782,799.48,2032.31
783,796.53,2040.96
784,793.29,2051.38
785,790.05,2061.8
786,786.81,2072.22
787,783.57,2082.64
788,780.33,2093.07
789,776.99,2103.6
790,773.75,2114.02
791,770.52,2124.44
792,767.28,2134.87
793,764.04,2145.29
794,760.8,2155.71
795,757.18,2166.46
796,753.46,2177.11
797,749.84,2187.86
798,746.22,2198.51
799,742.5,2209.26
800,738.88,2220.02
801,735.26,2230.66
802,731.55,2241.42
803,727.93,2252.06
804,724.31,2262.81
805,720.59,2273.57
806,716.97,2284.21
807,713.35,2294.97
808,709.63,2305.61
809,706.01,2316.37
810,706.11,2317.25
811,706.2,2318.25
812,706.2,2319.14
813,706.3,2320.02
814,706.39,2320.91
815,706.49,2321.91
816,706.58,2322.8
817,706.58,2323.68
818,706.68,2324.68
819,706.77,2325.57
820,706.77,2325.57
821,706.77,2325.57
822,706.77,2325.57
823,706.77,2325.57
824,706.77,2325.57
825,706.77,2325.57
826,706.77,2325.57
827,706.77,2325.57
828,706.77,2325.57
829,706.77,2325.57
830,706.77,2325.57
831,706.77,2325.57
832,706.77,2325.57
833,706.77,2325.57
834,706.77,2325.57
835,706.77,2325.57
836,706.77,2325.57
837,706.77,2325.57
838,706.77,2325.57
839,706.77,2325.57
840,706.77,2325.57
841,706.77,2325.57
842,706.77,2325.57
843,706.77,2325.57
844,706.77,2325.57
845,706.77,2325.57
846,706.77,2325.57
847,706.77,2325.57
848,706.77,2325.57
849,706.77,2325.57
850,706.68,2328.67
851,706.49,2331.78
852,706.39,2334.99
853,706.3,2338.1
854,706.11,2341.2
855,706.01,2344.31
856,705.92,2347.52
857,705.73,2350.63
858,705.63,2353.73
859,705.54,2356.83
860,705.34,2360.05
861,705.25,2363.15
862,705.15,2366.26
863,704.96,2369.36
864,704.87,2372.58
865,704.77,2375.68
866,704.58,2378.79
867,704.49,2381.89
868,704.39,2385.11
869,704.2,2388.21
870,704.11,2391.32
871,705.82,2399.19
872,707.54,2407.06
873,709.25,2414.93
874,710.97,2422.8
875,711.54,2429.79
876,715.73,2434.0
877,714.3,2439.99
878,712.78,2445.98
879,711.35,2451.96
880,709.92,2457.95
881,708.39,2463.94
882,706.96,2469.93
883,705.44,2475.91
884,704.01,2481.9
885,702.58,2487.89
886,701.06,2493.87
887,699.63,2499.86
888,698.2,2502.63
889,696.77,2505.52
890,695.34,2508.29
891,693.91,2511.06
892,692.48,2513.94
893,690.96,2516.71
894,689.53,2519.49
895,688.1,2522.26
896,686.67,2525.14
897,685.24,2527.91
898,685.24,2527.91
899,685.24,2527.91
900,685.24,2527.8
901,685.24,2527.8
902,685.24,2527.8
903,685.24,2527.8
904,685.24,2527.8
905,685.34,2527.69
906,685.34,2527.69
907,685.34,2527.69
908,685.34,2527.69
909,685.34,2527.69
910,685.34,2527.58
911,685.34,2527.58
912,685.34,2527.58
913,684.0,2531.35
914,682.67,2535.12
915,681.33,2538.89
916,680.0,2542.66
917,678.57,2546.43
918,677.24,2550.2
919,675.9,2553.97
920,674.57,2557.74
921,673.24,2561.51
922,671.9,2565.17
923,670.57,2568.94
924,669.23,2572.7
925,667.9,2576.47
926,666.57,2580.24
927,665.14,2584.01
928,663.8,2587.78
929,662.47,2591.55
930,661.14,2595.32
931,659.8,2599.09
932,659.13,2603.53
933,658.56,2607.96
934,657.9,2612.51
935,657.32,2616.94
936,656.66,2621.38
937,657.8,2625.92
938,658.94,2630.58
939,660.09,2635.13
940,667.23,2638.67
941,674.28,2642.22
942,681.43,2645.77
943,688.48,2649.32
944,695.63,2652.98
945,702.68,2656.53
