527,1791.52,1.11
528,1787.42,11.42
529,1783.32,21.62
530,1779.23,31.93
531,1775.13,42.24
532,1770.94,52.55
533,1766.84,62.75
534,1762.74,73.07
535,1758.65,83.38
536,1754.55,93.58
537,1750.45,103.89
538,1742.83,114.42
539,1735.21,124.95
540,1727.59,135.49
541,1719.96,146.02
542,1712.44,156.55
543,1704.81,167.09
544,1697.19,177.62
545,1689.57,188.15
546,1681.95,198.69
547,1674.32,209.22
548,1669.66,217.31
549,1664.99,225.52
550,1660.22,233.61
551,1655.55,241.81
552,1650.89,249.91
553,1646.12,258.0
554,1641.45,266.21
555,1636.79,274.3
556,1632.12,282.51
557,1627.45,290.6
558,1622.68,298.69
559,1618.02,306.9
560,1613.35,314.99
561,1608.58,323.2
562,1603.91,331.29
563,1599.25,339.38
564,1594.58,347.59
565,1589.91,355.68
566,1585.14,363.89
567,1580.48,371.98
568,1576.28,380.96
569,1572.0,389.94
570,1567.8,398.81
571,1563.61,407.79
572,1559.32,416.77
573,1555.13,425.75
574,1550.94,434.73
575,1546.75,443.6
576,1542.46,452.58
577,1538.27,461.57
578,1536.36,476.76
579,1534.46,491.94
580,1532.55,507.13
581,1530.65,522.44
582,1528.74,537.62
583,1526.83,552.81
584,1524.93,568.0
585,1527.02,581.64
586,1529.22,595.28
587,1531.31,608.92
588,1533.41,622.55
589,1535.5,636.19
590,1537.7,649.83
591,1539.79,663.47
592,1541.89,677.1
593,1544.08,690.74
594,1546.18,704.38
595,1547.32,709.48
596,1548.56,714.58
597,1549.7,719.68
598,1550.94,724.78
599,1552.08,729.88
600,1553.23,734.98
601,1554.46,740.08
602,1555.61,745.18
603,1556.85,750.17
604,1557.99,755.27
605,1559.13,760.37
606,1560.37,765.47
607,1561.52,770.57
608,1562.75,775.67
609,1563.9,780.77
610,1565.04,785.87
611,1566.28,790.97
612,1567.42,796.07
613,1568.66,801.17
614,1569.8,806.27
615,1570.95,811.37
616,1572.19,816.47
617,1573.33,821.57
618,1574.57,826.67
619,1575.71,831.77
620,1576.86,836.87
621,1578.09,841.86
622,1579.24,846.96
623,1580.38,852.06
624,1581.62,857.16
625,1582.76,862.26
626,1584.0,867.36
627,1585.14,872.46
628,1586.29,877.56
629,1587.53,882.66
630,1588.67,887.76
631,1589.91,892.86
632,1591.05,897.96
633,1592.19,903.06
634,1593.43,908.16
635,1594.58,913.26
636,1595.82,918.36
637,1596.96,923.46
638,1598.1,928.56
639,1599.34,933.55
640,1600.48,938.65
641,1601.72,943.75
642,1602.87,948.85
643,1604.01,953.95
644,1605.25,959.05
645,1606.39,964.15
646,1607.63,969.25
647,1608.77,974.35
648,1630.59,1101.75
649,1652.41,1229.25
650,1635.26,1346.0
651,1626.97,1357.42
652,1618.68,1368.95
653,1610.39,1380.37
654,1602.1,1391.9
655,1593.81,1403.32
656,1585.53,1414.74
657,1577.24,1426.27
658,1568.95,1437.69
659,1560.66,1449.11
660,1552.46,1460.65
661,1544.17,1472.07
662,1535.89,1483.6
663,1527.6,1495.02
664,1519.31,1506.44
665,1511.02,1517.97
666,1502.73,1529.39
667,1494.44,1540.92
668,1486.15,1552.34
669,1477.86,1563.76
670,1469.57,1575.29
671,1461.28,1586.71
672,1452.99,1598.24
673,1444.7,1609.66
674,1436.41,1621.08
675,1428.13,1632.61
676,1419.84,1644.03
677,1411.64,1655.56
678,1403.35,1666.98
679,1395.06,1678.4
680,1386.77,1689.93
681,1378.49,1701.35
682,1370.2,1712.77
683,1361.91,1724.3
684,1353.62,1735.72
685,1345.33,1747.25
686,1337.04,1758.67
687,1327.42,1773.42
688,1317.89,1788.05
689,1308.27,1802.8
690,1298.74,1817.44
691,1289.11,1832.18
692,1279.59,1846.82
693,1269.96,1861.56
694,1260.44,1876.2
695,1250.81,1890.94
696,1247.76,1902.7
697,1244.81,1914.45
698,1241.76,1926.2
699,1238.71,1937.96
700,1235.76,1949.71
701,1232.71,1961.57
702,1229.66,1973.32
703,1226.71,1985.08
704,1223.66,1996.83
705,1220.61,2008.58
706,1217.66,2020.33
707,1214.61,2032.09
708,1213.46,2046.83
709,1212.32,2061.58
710,1211.27,2076.32
711,1210.13,2091.18
712,1208.99,2105.93
713,1207.84,2120.67
714,1208.13,2135.2
715,1205.46,2148.61
716,1202.79,2162.14
717,1200.22,2175.56
718,1197.55,2189.08
719,1194.88,2202.5
720,1192.22,2216.03
721,1189.64,2229.44
722,1186.98,2242.97
723,1184.31,2256.38
724,1181.64,2269.91
725,1179.07,2283.33
726,1176.4,2296.85
727,1173.73,2310.27
728,1171.06,2323.79
729,1168.49,2337.21
730,1165.82,2350.74
731,1163.16,2364.15
732,1160.49,2377.57
733,1157.92,2391.09
734,1155.25,2404.51
735,1152.58,2418.04
736,1149.91,2431.45
737,1147.34,2444.98
738,1144.67,2458.39
739,1142.01,2471.92
740,1139.34,2485.34
741,1136.76,2498.86
742,1134.1,2512.28
743,1131.43,2525.81
744,1128.76,2539.22
745,1126.19,2552.75
746,1123.52,2566.16
747,1120.85,2579.69
748,1118.19,2593.11
749,1115.52,2606.52
750,1112.95,2620.05
751,1110.28,2633.46
752,1107.61,2646.99
753,1104.94,2660.41
754,1102.37,2673.93
755,1099.7,2687.35
756,1097.03,2700.87
757,1094.37,2714.29
758,1091.79,2727.82
759,1089.13,2741.23
760,1086.46,2754.76
761,1083.79,2768.17
762,1081.22,2781.7
763,1078.55,2795.12
764,1075.88,2808.53
765,1073.21,2822.06
766,1070.64,2835.47
767,1067.97,2849.0
768,1065.31,2862.42
769,1062.64,2875.94
770,1060.07,2889.36
771,1057.4,2902.89
772,1054.73,2916.3
773,1052.06,2929.83
774,1049.49,2943.24
775,1046.82,2956.77
776,1044.15,2970.19
777,1041.49,2983.71
778,1038.91,2997.13
779,1036.25,3010.65
780,1033.58,3024.07
