530,1125.71,62.42
531,1123.62,69.3
532,1121.52,76.28
533,1119.42,83.16
534,1117.33,90.14
535,1115.23,97.01
536,1113.14,103.89
537,1111.04,110.87
538,1108.94,117.75
539,1106.85,124.73
540,1104.75,131.61
541,1103.23,142.47
542,1101.61,153.34
543,1100.08,164.09
544,1098.46,174.96
545,1096.94,185.82
546,1095.32,196.69
547,1093.79,207.44
548,1092.17,218.31
549,1090.65,229.18
550,1088.46,238.16
551,1086.17,247.03
552,1083.98,256.01
553,1081.79,264.99
554,1079.5,273.97
555,1077.31,282.84
556,1075.12,291.82
557,1072.83,300.8
558,1070.64,309.67
559,1068.45,318.65
560,1066.16,327.63
561,1063.97,336.61
562,1061.78,345.48
563,1059.49,354.46
564,1057.3,363.44
565,1055.11,372.31
566,1052.82,381.29
567,1050.63,390.27
568,1048.44,399.25
569,1046.16,408.12
570,1043.96,417.11
571,1041.68,425.53
572,1039.49,433.96
573,1037.29,442.38
574,1035.01,450.81
575,1032.72,459.24
576,1030.53,467.66
577,1028.24,476.09
578,1026.05,484.52
579,1023.86,492.94
580,1021.57,501.37
581,1019.48,510.02
582,1017.29,518.67
583,1015.19,527.31
584,1013.0,535.96
585,1010.9,544.72
586,1008.71,553.37
587,1006.61,562.02
588,1004.42,570.67
589,1002.33,579.31
590,1000.14,587.96
591,999.37,593.5
592,998.52,599.05
593,997.75,604.48
594,996.99,610.03
595,996.13,615.57
596,995.37,621.11
597,994.51,626.66
598,993.75,632.09
599,992.99,637.63
600,992.13,643.18
601,991.37,648.72
602,990.61,654.26
603,989.75,659.81
604,988.99,665.24
605,988.13,670.78
606,987.37,676.33
607,983.08,693.96
608,978.79,711.47
609,974.41,729.1
610,970.12,746.73
611,969.17,751.61
612,968.12,756.6
613,967.07,761.48
614,966.12,766.36
615,965.07,771.35
616,964.12,776.22
617,963.17,781.1
618,962.12,786.09
619,961.17,790.97
620,960.12,795.96
621,959.07,800.84
622,958.12,805.72
623,957.07,810.71
624,956.12,815.58
625,955.16,820.46
626,954.12,825.45
627,953.07,830.33
628,952.12,835.21
629,951.07,840.2
630,950.11,845.08
631,948.3,851.84
632,946.59,858.6
633,944.78,865.37
634,942.97,872.13
635,941.25,878.89
636,939.44,885.66
637,937.63,892.42
638,935.82,899.18
639,934.11,905.95
640,932.3,912.71
641,931.63,916.92
642,930.96,921.14
643,930.3,925.35
644,929.63,929.56
645,928.96,933.89
646,928.3,938.1
647,927.63,942.31
648,926.96,946.53
649,926.3,950.74
650,925.63,954.95
651,925.25,956.28
652,924.87,957.61
653,924.58,959.05
654,924.2,960.38
655,923.82,961.72
656,923.44,963.05
657,923.06,964.38
658,922.77,965.82
659,922.39,967.15
660,922.01,968.48
661,921.44,970.92
662,920.86,973.36
663,920.2,975.8
664,919.63,978.24
665,919.05,980.67
666,918.48,983.11
667,917.91,985.55
668,917.24,987.99
669,916.67,990.43
670,916.1,992.87
671,915.81,994.09
672,915.53,995.31
673,915.34,996.53
674,915.05,997.75
675,914.77,999.08
676,914.48,1000.3
677,914.29,1001.52
678,914.0,1002.74
679,913.72,1003.96
680,913.43,1005.18
681,913.24,1006.4
682,912.96,1007.62
683,912.67,1008.84
684,912.38,1010.06
685,912.19,1011.28
686,911.91,1012.61
687,911.62,1013.83
688,911.34,1015.05
689,911.15,1016.26
690,910.86,1017.48
691,910.86,1017.6
692,910.76,1017.82
693,910.76,1017.93
694,910.76,1018.15
695,910.67,1018.37
696,910.67,1018.48
697,910.67,1018.7
698,910.67,1018.82
699,910.57,1019.04
700,910.57,1019.15
701,910.57,1019.15
702,910.57,1019.15
703,910.57,1019.15
704,910.57,1019.15
705,910.57,1019.15
706,910.57,1019.15
707,910.57,1019.15
708,910.57,1019.15
709,910.57,1019.15
710,910.57,1019.15
711,910.57,1019.15
712,910.57,1019.15
713,910.57,1019.15
714,910.57,1019.15
715,910.57,1019.15
716,910.57,1019.15
717,910.57,1019.15
718,910.57,1019.15
719,910.57,1019.15
720,910.57,1019.15
721,910.57,1019.15
722,910.57,1019.15
723,910.57,1019.15
724,910.57,1019.15
725,910.57,1019.15
726,910.57,1019.15
727,910.57,1019.15
728,910.57,1019.15
729,910.57,1019.15
730,910.57,1019.15
731,909.34,1024.14
732,908.1,1029.24
733,906.76,1034.23
734,905.52,1039.22
735,904.29,1044.32
736,903.05,1049.31
737,901.81,1054.29
738,900.47,1059.28
739,899.24,1064.38
740,898.0,1069.37
741,896.76,1074.36
742,895.52,1079.46
743,894.19,1084.45
744,892.95,1089.44
745,891.71,1094.54
746,890.47,1099.53
747,889.23,1104.52
748,887.9,1109.51
749,886.66,1114.61
750,885.42,1119.6
751,883.99,1124.48
752,882.47,1129.36
753,881.04,1134.35
754,879.61,1139.22
755,878.08,1144.1
756,876.66,1148.98
757,875.23,1153.86
758,873.8,1158.85
759,872.27,1163.73
760,870.84,1168.6
761,870.46,1169.49
762,870.08,1170.49
763,869.8,1171.38
764,869.41,1172.26
765,869.03,1173.26
766,868.65,1174.15
767,868.27,1175.15
768,867.89,1176.03
769,867.6,1176.92
770,867.22,1177.92
771,866.84,1178.81
772,865.32,1183.24
773,863.79,1187.68
774,862.17,1192.11
775,860.65,1196.55
776,859.12,1201.09
777,857.6,1205.53
778,855.98,1209.96
779,854.46,1214.4
780,852.93,1218.83
781,852.74,1224.49
782,852.65,1230.25
783,852.45,1235.91
784,852.26,1241.67
785,852.17,1247.33
786,851.98,1252.98
787,851.79,1258.74
788,851.6,1264.4
789,851.5,1270.16
790,851.31,1275.82
791,850.64,1281.25
792,849.98,1286.57
793,849.31,1292.01
794,848.64,1297.44
795,847.98,1302.87
796,847.4,1308.31
797,846.74,1313.63
798,846.07,1319.06
799,845.4,1324.49
800,844.74,1329.81
801,844.07,1335.25
802,843.4,1340.68
803,842.74,1346.11
804,842.07,1351.55
805,841.5,1356.87
806,840.83,1362.3
807,840.16,1367.73
808,839.5,1373.17
809,838.83,1378.49
810,838.16,1383.92
811,838.16,1383.92
812,838.16,1383.92
813,838.16,1383.92
814,838.16,1383.92
815,838.16,1383.92
816,838.16,1383.92
817,838.16,1383.92
818,838.16,1383.92
819,838.16,1383.92
820,838.16,1383.92
821,838.16,1383.92
822,838.16,1383.92
823,838.16,1383.92
824,838.16,1383.92
825,838.16,1383.92
826,838.16,1383.92
827,838.16,1383.92
828,838.16,1383.92
829,838.16,1383.92
830,838.16,1383.92
831,838.07,1384.03
832,837.88,1384.14
833,837.78,1384.25
834,837.59,1384.36
835,837.4,1384.59
836,837.31,1384.7
837,837.21,1384.81
838,837.02,1384.92
839,836.83,1385.03
840,836.73,1385.14
841,836.07,1389.58
842,835.4,1394.01
843,834.73,1398.45
844,834.07,1402.88
845,833.4,1407.32
846,832.73,1411.75
847,832.06,1416.19
848,831.4,1420.62
849,830.73,1425.05
850,830.06,1429.49
851,829.49,1434.48
852,829.02,1439.47
853,828.44,1444.57
854,827.97,1449.56
855,827.4,1454.55
856,826.92,1459.54
857,826.35,1464.64
858,825.87,1469.63
859,825.3,1474.62
860,824.82,1479.6
861,824.25,1484.7
862,823.78,1489.69
863,823.2,1494.68
864,822.73,1499.67
865,822.16,1504.77
866,821.68,1509.76
867,821.11,1514.75
868,822.06,1521.07
869,823.01,1527.39
870,824.06,1533.6
871,825.01,1539.92
872,825.97,1546.24
873,826.92,1552.56
874,827.87,1558.88
875,828.92,1565.09
876,829.87,1571.41
877,830.83,1577.73
878,831.3,1587.82
879,831.87,1597.91
880,832.45,1607.89
881,832.92,1617.97
882,833.49,1628.06
883,833.97,1638.15
884,834.54,1648.24
885,835.02,1658.22
886,835.59,1668.31
887,836.07,1678.4
888,835.69,1684.72
889,835.21,1691.15
890,834.83,1697.47
891,834.16,1706.23
892,833.59,1714.88
893,832.92,1723.64
894,832.35,1732.28
895,831.68,1741.04
896,831.11,1749.69
897,830.45,1758.45
898,829.87,1767.1
899,829.21,1775.86
900,828.54,1783.4
901,827.78,1790.94
902,827.02,1798.48
903,826.35,1806.02
904,825.59,1813.56
905,824.92,1821.09
906,824.25,1828.63
907,823.49,1836.17
908,822.73,1843.71
909,822.06,1851.25
910,821.68,1855.24
911,821.39,1859.35
912,821.01,1863.34
913,820.63,1867.44
914,820.25,1871.43
915,819.96,1875.53
916,819.58,1879.52
917,819.2,1883.63
918,818.92,1887.62
919,818.54,1891.72
920,818.15,1895.71
921,817.77,1899.81
922,817.49,1903.81
923,817.11,1907.91
924,816.73,1911.9
925,816.44,1916.0
926,816.06,1919.99
927,815.68,1924.1
928,815.3,1928.09
929,815.01,1932.19
930,814.63,1936.18
931,814.63,1937.18
932,814.63,1938.07
933,814.63,1939.06
934,814.63,1939.95
935,814.63,1940.95
936,814.63,1941.84
937,814.63,1942.83
938,814.63,1943.72
939,814.63,1944.72
940,815.11,1946.6
941,815.68,1948.49
942,816.15,1950.37
943,816.63,1952.26
944,817.11,1954.14
945,817.68,1956.03
