686,4.0,2005.37
687,6.86,2004.48
688,9.81,2003.59
689,12.67,2002.71
690,15.63,2001.82
691,18.48,2000.93
692,21.44,2000.15
693,24.3,1999.27
694,27.25,1998.38
695,30.11,1997.49
696,33.06,1996.61
697,36.02,1995.72
698,38.87,1994.83
699,41.73,1993.95
700,44.69,1993.06
701,47.54,1992.17
702,50.5,1991.29
703,53.36,1990.51
704,56.31,1989.62
705,59.17,1988.74
706,62.12,1987.85
707,64.98,1986.96
708,67.93,1986.07
709,78.41,1970.44
710,88.99,1954.92
711,99.47,1939.29
712,110.05,1923.76
713,120.53,1908.13
714,123.1,1904.69
715,125.67,1901.37
716,128.34,1898.04
717,130.91,1894.6
718,133.48,1891.17
719,136.06,1887.84
720,138.63,1884.4
721,141.3,1881.08
722,143.87,1877.75
723,146.44,1874.31
724,148.73,1871.76
725,151.02,1869.21
726,153.21,1866.55
727,155.49,1864.0
728,157.78,1861.45
729,160.07,1858.9
730,162.35,1856.35
731,164.55,1853.69
732,166.83,1851.14
733,169.12,1848.59
734,171.12,1845.93
735,173.03,1843.27
736,175.03,1840.61
737,177.03,1837.84
738,179.03,1835.18
739,180.93,1832.51
740,182.93,1829.85
741,184.94,1827.19
742,186.94,1824.53
743,188.84,1821.87
744,190.84,1819.21
745,192.84,1816.55
746,194.84,1813.78
747,196.84,1811.12
748,198.75,1808.45
749,200.75,1805.79
750,201.42,1806.35
751,202.18,1806.9
752,202.85,1807.35
753,203.61,1807.9
754,204.37,1808.45
755,205.04,1809.01
756,205.71,1809.56
757,206.47,1810.01
758,207.13,1810.56
759,207.9,1811.12
760,207.61,1811.23
761,207.33,1811.45
762,206.94,1811.56
763,206.66,1811.78
764,206.37,1811.89
765,206.09,1812.11
766,205.8,1812.34
767,205.42,1812.45
768,205.13,1812.67
769,204.85,1812.78
770,205.71,1813.44
771,206.47,1814.0
772,207.33,1814.66
773,208.18,1815.22
774,208.95,1815.88
775,209.8,1816.44
776,210.66,1816.99
777,211.52,1817.66
778,212.28,1818.32
779,213.14,1818.88
780,215.61,1820.76
781,218.19,1822.54
782,220.66,1824.42
783,223.14,1826.31
784,225.71,1828.08
785,228.19,1829.96
786,230.67,1831.85
787,233.15,1833.73
788,235.72,1835.51
789,238.2,1837.39
790,244.87,1841.05
791,251.63,1844.82
792,258.3,1848.48
793,264.97,1852.14
794,271.64,1855.91
795,278.4,1859.57
796,285.07,1863.23
797,291.74,1866.89
798,298.41,1870.65
799,305.18,1874.31
800,311.85,1877.97
801,318.52,1881.74
802,325.18,1885.4
803,331.95,1889.06
804,338.62,1892.72
805,345.29,1896.49
806,351.96,1900.15
807,358.72,1903.81
808,365.39,1907.58
809,372.06,1911.23
810,380.06,1913.01
811,388.07,1914.78
812,396.07,1916.56
813,404.08,1918.22
814,412.08,1919.99
815,419.99,1921.77
816,427.99,1923.54
817,435.99,1925.32
818,444.0,1927.09
819,452.0,1928.75
820,460.0,1930.53
821,468.01,1932.3
822,470.29,1932.63
823,472.68,1933.08
824,474.96,1933.41
825,477.34,1933.85
826,479.63,1934.19
827,482.01,1934.52
828,484.39,1934.96
829,486.68,1935.29
830,486.68,1935.29
831,486.68,1935.29
832,486.68,1935.29
833,486.68,1935.29
834,486.68,1935.29
835,486.68,1935.29
836,486.68,1935.29
837,486.68,1935.29
838,486.68,1935.29
839,486.68,1935.29
840,486.68,1935.29
841,486.68,1935.29
842,486.68,1935.29
843,486.68,1935.29
844,486.68,1935.29
845,486.68,1935.29
846,486.68,1935.29
847,486.68,1935.29
848,486.68,1935.29
849,486.68,1935.29
850,488.87,1932.41
851,491.16,1929.42
852,493.35,1926.54
853,495.54,1923.54
854,497.73,1920.66
855,500.02,1917.67
856,502.21,1914.78
857,504.4,1911.79
858,506.69,1908.91
859,508.88,1905.91
860,511.07,1903.03
861,513.36,1900.15
862,515.55,1897.15
863,517.74,1894.27
864,519.93,1891.28
865,522.22,1888.39
866,524.41,1885.4
867,526.6,1882.52
868,528.89,1879.52
869,531.08,1876.64
870,533.27,1873.65
871,535.46,1870.77
872,537.75,1867.77
873,539.94,1864.89
874,542.51,1860.01
875,545.09,1855.13
876,547.75,1850.14
877,550.33,1845.26
878,552.9,1840.39
879,555.47,1835.51
880,558.14,1830.52
881,560.71,1825.64
882,563.29,1820.76
883,564.24,1816.33
884,565.19,1812.0
885,566.14,1807.57
886,567.1,1803.13
887,568.05,1798.81
888,569.0,1794.37
889,569.95,1789.94
890,570.91,1785.5
891,571.86,1781.18
892,572.81,1776.75
893,573.29,1773.64
894,573.77,1770.43
895,574.15,1767.32
896,574.62,1764.22
897,575.1,1761.0
898,575.58,1757.9
899,576.05,1754.79
900,576.43,1751.69
901,576.91,1748.47
902,577.39,1745.37
903,577.58,1744.04
904,577.86,1742.71
905,578.05,1741.27
906,578.24,1739.94
907,578.53,1738.6
908,578.72,1737.27
909,578.91,1735.94
910,579.1,1734.5
911,579.39,1733.17
912,579.58,1731.84
913,579.29,1732.28
914,578.91,1732.73
915,578.62,1733.17
916,578.24,1733.62
917,577.96,1734.06
918,577.67,1734.39
919,577.29,1734.84
920,577.01,1735.28
921,576.62,1735.72
922,576.34,1736.17
923,576.05,1736.61
924,575.67,1737.05
925,575.39,1737.5
926,575.0,1737.94
927,574.72,1738.27
928,574.43,1738.72
929,574.05,1739.16
930,573.77,1739.6
931,573.38,1740.05
932,573.1,1740.49
933,573.0,1740.71
934,572.81,1741.04
935,572.72,1741.27
936,572.62,1741.6
937,572.43,1741.82
938,572.34,1742.04
939,572.24,1742.37
940,572.15,1742.6
941,571.96,1742.93
942,571.86,1743.15
943,571.38,1743.7
944,571.0,1744.26
945,570.53,1744.81
