0,1013.76,3264.67
1,1013.76,3264.67
2,1013.76,3264.67
3,1013.76,3264.67
4,1013.76,3264.67
5,1013.76,3264.67
6,1013.76,3264.67
7,1013.76,3264.67
8,1013.76,3264.67
9,1013.76,3264.67
10,1013.76,3264.67
11,1013.76,3264.67
12,1013.76,3264.67
13,1013.76,3264.67
14,1013.76,3264.67
15,1013.76,3264.67
16,1013.76,3264.67
17,1013.76,3264.67
18,1013.76,3264.67
19,1013.76,3264.67
20,1013.76,3264.67
21,1013.76,3264.67
22,1013.76,3264.67
23,1013.76,3264.67
24,1013.76,3264.67
25,1013.76,3264.67
26,1013.76,3264.67
27,1013.76,3264.67
28,1013.76,3264.67
29,1013.76,3264.67
30,1013.76,3264.67
31,1013.76,3264.67
32,1013.76,3264.67
33,1013.76,3264.67
34,1013.76,3264.67
35,1013.76,3264.67
36,1013.76,3264.67
37,1013.76,3264.67
38,1013.76,3264.67
39,1013.76,3264.67
40,1013.76,3264.67
41,1013.76,3264.67
42,1013.76,3264.67
43,1013.76,3264.67
44,1013.76,3264.67
45,1013.76,3264.67
46,1013.76,3264.67
47,1013.76,3264.67
48,1013.76,3264.67
49,1013.76,3264.67
50,1013.76,3264.67
51,1013.76,3264.67
52,1013.76,3264.67
53,1013.76,3264.67
54,1013.76,3264.67
55,1013.76,3264.67
56,1013.76,3264.67
57,1013.76,3264.67
58,1013.76,3264.67
59,1013.76,3264.67
60,1013.76,3264.67
61,1013.76,3264.67
62,1013.76,3264.67
63,1013.76,3264.67
64,1013.76,3264.67
65,1013.76,3264.67
66,1013.76,3264.67
67,1013.76,3264.67
68,1013.76,3264.67
69,1013.76,3264.67
70,1013.76,3264.67
71,1013.76,3264.67
72,1013.76,3264.67
73,1013.76,3264.55
74,1013.76,3264.55
75,1013.76,3264.55
76,1013.67,3264.44
77,1013.67,3264.44
78,1013.67,3264.44
79,1013.67,3264.33
80,1013.67,3264.33
81,1013.67,3264.33
82,1013.67,3264.22
83,1013.67,3264.22
84,1013.67,3264.11
85,1013.67,3264.11
86,1013.67,3264.11
87,1013.57,3264.0
88,1013.57,3264.0
89,1013.57,3264.0
90,1013.57,3263.89
91,1013.57,3263.89
92,1013.57,3263.89
93,1013.57,3263.89
94,1013.57,3263.89
95,1013.57,3263.89
96,1013.57,3263.89
97,1013.57,3263.89
98,1013.57,3263.89
99,1013.57,3263.89
100,1013.57,3263.89
101,1013.57,3263.89
102,1011.76,3263.22
103,1009.85,3262.56
104,1007.95,3261.89
105,1006.14,3261.23
106,1004.33,3260.56
107,1002.42,3259.9
108,1000.52,3259.23
109,998.71,3258.57
110,996.9,3257.9
111,994.99,3257.24
112,989.75,3256.13
113,984.51,3255.02
114,979.27,3253.91
115,974.03,3252.8
116,968.79,3251.58
117,963.55,3250.47
118,958.31,3249.36
119,953.07,3248.26
120,947.83,3247.15
121,942.59,3246.04
122,934.87,3243.82
123,927.06,3241.49
124,919.34,3239.28
125,911.62,3236.95
126,903.81,3234.73
127,896.09,3232.51
128,888.37,3230.18
129,880.66,3227.97
130,872.84,3225.64
131,865.13,3223.42
132,854.93,3217.66
133,844.64,3212.0
134,834.45,3206.24
135,824.16,3200.47
136,813.96,3194.7
137,803.77,3188.94
138,793.48,3183.28
139,783.28,3177.52
140,772.99,3171.75
141,762.8,3166.1
142,752.6,3160.33
143,742.31,3154.57
144,732.12,3148.8
145,721.83,3143.04
146,711.63,3137.38
147,701.44,3131.62
148,691.15,3125.85
149,680.95,3120.2
150,670.66,3114.43
151,660.47,3108.67
152,655.04,3102.9
153,649.7,3097.25
154,644.27,3091.48
155,638.94,3085.72
156,633.51,3080.06
157,628.17,3074.3
158,622.74,3068.53
159,617.4,3062.88
160,611.97,3057.11
161,607.3,3052.12
162,602.63,3047.24
163,597.97,3042.25
164,593.3,3037.38
165,588.63,3032.39
166,584.06,3027.51
167,579.39,3022.52
168,574.72,3017.64
169,570.05,3012.65
170,565.38,3007.77
171,560.71,3002.78
172,559.95,3001.78
173,559.28,3000.79
174,558.52,2999.79
175,557.85,2998.79
176,557.19,2997.68
177,556.42,2996.68
178,555.66,2995.69
179,555.0,2994.69
180,554.23,2993.69
181,553.57,2992.69
182,553.57,2992.69
183,553.57,2992.69
184,553.57,2992.69
185,553.57,2992.69
186,553.57,2992.69
187,553.57,2992.69
188,553.57,2992.69
189,553.57,2992.69
190,553.57,2992.69
191,553.57,2992.69
192,553.57,2992.69
193,553.57,2992.69
194,553.57,2992.69
195,553.57,2992.69
196,553.57,2992.69
197,553.57,2992.69
198,553.57,2992.69
199,553.57,2992.69
200,553.57,2992.69
201,553.57,2992.69
202,553.57,2992.69
203,553.57,2992.69
204,553.57,2992.69
205,553.57,2992.69
206,553.57,2992.69
207,553.57,2992.69
208,553.57,2992.69
209,553.57,2992.69
210,553.57,2992.69
211,553.57,2992.69
212,553.57,2992.69
213,553.57,2992.69
214,553.57,2992.69
215,553.57,2992.69
216,553.57,2992.69
217,553.57,2992.69
218,553.57,2992.69
219,553.57,2992.69
220,553.57,2992.69
221,553.57,2992.69
222,553.57,2992.69
223,553.57,2992.69
224,553.57,2992.69
225,553.57,2992.69
226,553.57,2992.69
227,553.57,2992.69
228,553.57,2992.69
229,553.57,2992.69
230,553.57,2992.69
231,553.57,2992.69
232,553.57,2992.69
233,553.57,2992.69
234,553.57,2992.69
235,553.57,2992.69
236,553.57,2992.69
237,553.57,2992.69
238,553.57,2992.69
239,553.57,2992.69
240,553.57,2992.69
241,553.57,2992.69
242,553.57,2992.69
243,553.57,2992.69
244,553.57,2992.69
245,553.57,2992.69
246,553.57,2992.69
247,553.57,2992.69
248,553.57,2992.69
249,553.57,2992.69
250,553.57,2992.69
251,553.57,2992.69
252,551.85,2989.59
253,550.04,2986.48
254,548.33,2983.38
255,546.61,2980.39
256,544.9,2977.28
257,543.18,2974.18
258,541.37,2971.07
259,539.66,2967.97
260,537.94,2964.86
261,536.13,2961.76
262,534.42,2958.77
263,532.7,2955.66
264,530.99,2952.56
265,529.27,2949.45
266,527.46,2946.35
267,525.75,2943.24
268,524.03,2940.25
269,522.22,2937.15
270,520.51,2934.04
271,518.79,2930.94
272,512.88,2921.73
273,506.98,2912.53
274,501.16,2903.33
275,495.26,2894.13
276,489.35,2884.92
277,483.44,2875.72
278,477.53,2866.52
279,471.72,2857.32
280,465.82,2848.11
281,459.91,2838.91
282,449.71,2831.82
283,439.42,2824.72
284,429.23,2817.62
285,418.94,2810.53
286,408.74,2803.43
287,398.45,2796.45
288,388.26,2789.35
289,377.97,2782.26
290,367.77,2775.16
291,357.48,2768.06
292,347.29,2760.97
293,338.33,2755.76
294,329.47,2750.55
295,320.52,2745.33
296,311.56,2740.12
297,302.6,2734.91
298,293.74,2729.7
299,284.79,2724.49
300,275.83,2719.28
301,266.97,2714.07
302,258.01,2708.86
303,246.1,2705.86
304,234.29,2702.87
305,222.38,2699.88
306,210.56,2696.88
307,198.66,2693.78
308,186.84,2690.78
309,174.93,2687.79
310,163.12,2684.8
311,151.21,2681.8
312,144.54,2680.03
313,137.77,2678.15
314,131.1,2676.37
315,124.34,2674.6
316,117.67,2672.71
317,110.9,2670.94
318,104.23,2669.16
319,97.56,2667.28
320,90.8,2665.51
321,84.13,2663.73
322,77.37,2661.85
323,70.7,2660.07
324,63.93,2658.3
325,57.26,2656.41
326,50.59,2654.64
327,43.83,2652.87
328,37.16,2650.98
329,30.39,2649.21
330,23.72,2647.43
331,16.96,2645.55
332,10.29,2643.77
333,10.29,2643.77
334,10.29,2643.77
335,10.29,2643.77
336,10.29,2643.77
337,10.29,2643.77
338,10.29,2643.77
339,10.29,2643.77
340,10.29,2643.77
341,10.29,2643.77
342,10.29,2643.77
343,10.29,2643.77
344,10.29,2643.77
345,10.29,2643.77
346,10.29,2643.77
347,10.29,2643.77
348,10.29,2643.77
349,10.29,2643.77
350,10.29,2643.77
351,10.29,2643.77
352,10.29,2643.77
353,10.29,2643.77
354,10.29,2643.77
355,10.29,2643.77
356,10.29,2643.77
357,10.29,2643.77
358,10.29,2643.77
359,10.29,2643.77
360,10.29,2643.77
361,10.29,2643.77
362,10.29,2643.77
363,10.29,2643.77
364,10.29,2643.77
365,10.29,2643.77
366,10.29,2643.77
367,10.29,2643.77
368,10.29,2643.77
369,10.29,2643.77
370,10.29,2643.77
371,10.29,2643.77
372,10.29,2643.77
373,10.29,2643.77
374,10.29,2643.77
375,10.29,2643.77
376,10.29,2643.77
377,10.29,2643.77
378,10.29,2643.77
379,10.29,2643.77
380,10.29,2643.77
381,10.29,2643.77
382,10.29,2643.77
383,10.29,2643.77
384,10.29,2643.77
385,10.29,2643.77
386,10.29,2643.77
387,10.29,2643.77
388,10.29,2643.77
389,10.29,2643.77
390,10.29,2643.77
391,10.29,2643.77
392,10.29,2643.77
393,10.29,2643.77
394,10.29,2643.77
395,10.29,2643.77
396,10.29,2643.77
397,10.29,2643.77
398,10.29,2643.77
399,10.29,2643.77
400,10.29,2643.77
401,10.29,2643.77
402,10.39,2643.77
403,10.48,2643.77
404,10.48,2643.77
405,10.58,2643.77
406,10.67,2643.77
407,10.77,2643.89
408,10.86,2643.89
409,10.96,2643.89
410,10.96,2643.89
411,11.05,2643.89
412,11.15,2643.89
413,11.24,2643.89
414,11.34,2643.89
415,11.34,2643.89
416,11.43,2643.89
417,11.53,2643.89
418,11.62,2644.0
419,11.72,2644.0
420,11.81,2644.0
421,11.81,2644.0
422,11.91,2644.0
423,12.01,2644.0
424,12.1,2644.0
425,12.2,2644.0
426,12.2,2644.0
427,12.29,2644.0
428,12.39,2644.0
429,12.48,2644.11
430,12.58,2644.11
431,12.67,2644.11
432,12.67,2644.11
433,12.77,2644.11
434,12.86,2644.11
435,12.96,2644.11
436,13.05,2644.11
437,13.05,2644.11
438,13.15,2644.11
439,13.24,2644.22
440,13.34,2644.22
441,13.43,2644.22
442,13.53,2644.22
443,13.53,2644.22
444,13.62,2644.22
445,13.72,2644.22
446,13.82,2644.22
447,13.91,2644.22
448,13.91,2644.22
449,14.01,2644.22
450,14.1,2644.33
451,14.2,2644.33
452,14.29,2644.33
453,14.39,2644.33
454,14.39,2644.33
455,14.48,2644.33
456,14.58,2644.33
457,14.67,2644.33
458,14.77,2644.33
459,14.77,2644.33
460,14.86,2644.33
461,14.96,2644.44
462,15.05,2644.44
463,15.15,2644.44
464,15.24,2644.44
465,15.24,2644.44
466,15.34,2644.44
467,15.44,2644.44
468,15.53,2644.44
469,15.63,2644.44
470,15.63,2644.44
471,15.72,2644.44
472,15.82,2644.55
473,15.91,2644.55
474,16.01,2644.55
475,16.1,2644.55
476,16.1,2644.55
477,16.2,2644.55
478,16.29,2644.55
479,16.39,2644.55
480,16.48,2644.55
481,16.48,2644.55
482,16.58,2644.55
483,16.67,2644.66
484,16.77,2644.66
485,16.86,2644.66
486,16.96,2644.66
487,16.96,2644.66
488,17.05,2644.66
489,17.15,2644.66
490,17.25,2644.66
491,17.34,2644.66
492,17.34,2644.66
493,17.44,2644.77
494,17.53,2644.77
495,17.63,2644.77
496,17.72,2644.77
497,17.82,2644.77
498,17.82,2644.77
499,17.91,2644.77
500,18.01,2644.77
501,18.1,2644.77
502,18.2,2644.77
503,18.2,2644.77
504,18.29,2644.88
505,18.39,2644.88
506,18.48,2644.88
507,18.58,2644.88
508,18.67,2644.88
509,18.67,2644.88
510,18.77,2644.88
511,18.87,2644.88
512,18.96,2644.88
513,19.06,2644.88
514,19.06,2644.88
515,19.15,2644.99
516,19.25,2644.99
517,19.34,2644.99
518,19.44,2644.99
519,19.53,2644.99
520,19.53,2644.99
521,19.63,2644.99
522,19.72,2644.99
523,19.82,2644.99
524,19.91,2644.99
525,19.91,2644.99
526,20.01,2645.11
527,20.1,2645.11
528,20.2,2645.11
529,20.29,2645.11
530,20.39,2645.11
531,20.39,2645.11
532,20.48,2645.11
533,20.58,2645.11
534,20.68,2645.11
535,20.77,2645.11
536,20.77,2645.11
537,20.87,2645.22
538,20.96,2645.22
539,21.06,2645.22
540,21.15,2645.22
541,21.25,2645.22
542,21.25,2645.22
543,21.34,2645.22
544,21.44,2645.22
545,21.53,2645.22
546,21.63,2645.22
547,21.63,2645.33
548,21.72,2645.33
549,21.82,2645.33
550,21.91,2645.33
551,22.01,2645.33
552,22.1,2645.33
553,22.1,2645.33
554,22.2,2645.33
555,22.3,2645.33
556,22.39,2645.33
557,22.49,2645.33
558,22.58,2645.44
559,22.58,2645.44
560,22.68,2645.44
561,22.77,2645.44
562,22.87,2645.44
563,22.96,2645.44
564,22.96,2645.44
565,23.06,2645.44
566,23.15,2645.44
567,23.25,2645.44
568,23.34,2645.44
569,23.44,2645.55
570,23.44,2645.55
571,23.53,2645.55
572,23.63,2645.55
573,23.72,2645.55
574,23.82,2645.55
575,23.82,2645.55
576,23.91,2645.55
577,24.01,2645.55
578,24.11,2645.55
579,24.2,2645.55
580,24.3,2645.66
581,24.3,2645.66
582,24.39,2645.66
583,24.49,2645.66
584,24.58,2645.66
585,24.68,2645.66
586,24.68,2645.66
587,24.77,2645.66
588,24.87,2645.66
589,24.96,2645.66
590,25.06,2645.66
591,25.15,2645.77
592,25.15,2645.77
593,25.25,2645.77
594,25.34,2645.77
595,25.44,2645.77
596,25.53,2645.77
597,25.53,2645.77
598,25.63,2645.77
599,25.73,2645.77
600,25.82,2645.77
601,25.92,2645.77
602,26.01,2645.88
603,26.01,2645.88
604,26.11,2645.88
605,26.2,2645.88
606,26.3,2645.88
607,26.39,2645.88
608,26.39,2645.88
609,26.49,2645.88
610,26.58,2645.88
611,26.68,2645.88
612,26.77,2645.99
613,26.87,2645.99
614,26.87,2645.99
615,26.96,2645.99
616,27.06,2645.99
617,27.15,2645.99
618,27.25,2645.99
619,27.25,2645.99
620,27.34,2645.99
621,27.44,2645.99
622,27.54,2645.99
623,27.63,2646.1
624,27.73,2646.1
625,27.73,2646.1
626,27.82,2646.1
627,27.92,2646.1
628,28.01,2646.1
629,28.11,2646.1
630,28.11,2646.1
631,28.2,2646.1
632,28.3,2646.1
633,28.39,2646.1
634,28.49,2646.21
635,28.58,2646.21
636,28.58,2646.21
637,28.68,2646.21
638,28.77,2646.21
639,28.87,2646.21
640,28.96,2646.21
641,28.96,2646.21
642,29.06,2646.21
643,29.16,2646.21
644,29.25,2646.21
645,29.35,2646.32
646,29.44,2646.32
647,29.44,2646.32
648,29.54,2646.32
649,29.63,2646.32
650,29.73,2646.32
651,29.82,2646.32
652,29.82,2646.32
653,29.92,2646.32
654,30.01,2646.32
655,30.11,2646.32
656,30.2,2646.44
657,30.3,2646.44
658,30.3,2646.44
659,30.39,2646.44
660,30.49,2646.44
661,30.58,2646.44
662,30.68,2646.44
663,30.68,2646.44
664,30.77,2646.44
665,30.87,2646.44
666,30.97,2646.55
667,31.06,2646.55
668,31.16,2646.55
669,31.16,2646.55
670,31.25,2646.55
671,31.35,2646.55
672,31.44,2646.55
673,31.54,2646.55
674,31.54,2646.55
675,31.63,2646.55
676,31.73,2646.55
677,31.82,2646.66
678,31.92,2646.66
679,32.01,2646.66
680,32.01,2646.66
681,32.11,2646.66
682,32.2,2646.66
683,32.3,2646.66
684,32.39,2646.66
685,32.39,2646.66
686,32.49,2646.66
687,32.59,2646.66
688,32.68,2646.77
689,32.78,2646.77
690,32.87,2646.77
691,32.87,2646.77
692,32.97,2646.77
693,33.06,2646.77
694,39.64,2648.65
695,46.11,2650.54
696,52.69,2652.31
697,59.17,2654.2
698,65.74,2656.08
699,72.32,2657.97
700,78.8,2659.85
701,85.37,2661.63
702,91.85,2663.51
703,98.42,2665.39
704,104.33,2666.95
705,110.24,2668.5
706,116.14,2670.16
707,122.05,2671.71
708,127.86,2673.27
709,133.77,2674.82
710,139.68,2676.37
711,145.59,2678.03
712,151.49,2679.59
713,157.4,2681.14
714,161.5,2682.14
715,165.59,2683.25
716,169.6,2684.24
717,173.69,2685.24
718,177.79,2686.24
719,181.89,2687.35
720,185.98,2688.35
721,189.98,2689.34
722,194.08,2690.45
723,198.18,2691.45
724,205.32,2693.22
725,212.57,2695.0
726,219.71,2696.66
727,226.86,2698.44
728,234.0,2700.21
729,241.24,2701.98
730,248.39,2703.76
731,255.54,2705.42
732,262.78,2707.19
733,269.92,2708.97
734,276.59,2713.18
735,283.26,2717.51
736,289.93,2721.72
737,296.6,2726.04
738,303.18,2730.26
739,309.84,2734.58
740,316.51,2738.79
741,323.18,2743.12
742,329.85,2747.33
743,336.52,2751.65
744,343.19,2755.87
745,349.86,2760.19
746,356.53,2764.4
747,363.11,2768.62
748,369.77,2772.94
749,376.44,2777.16
750,383.11,2781.48
751,389.78,2785.69
752,396.45,2790.02
753,403.12,2794.23
754,409.79,2798.55
755,416.37,2802.77
756,423.04,2807.09
757,429.7,2811.3
758,436.37,2815.63
759,443.04,2819.84
760,456.76,2831.7
761,470.39,2843.46
762,484.11,2855.32
763,497.83,2867.18
764,498.21,2867.85
765,498.59,2868.63
766,498.97,2869.29
767,499.35,2869.96
768,499.73,2870.62
769,500.12,2871.29
770,500.5,2872.06
771,500.88,2872.73
772,501.26,2873.39
773,501.64,2874.06
774,502.02,2874.83
775,502.4,2875.5
776,502.4,2875.5
777,502.4,2875.5
778,502.4,2875.5
779,502.4,2875.5
780,502.4,2875.5
781,502.4,2875.5
782,502.4,2875.5
783,502.4,2875.5
784,502.4,2875.5
785,502.4,2875.5
786,502.4,2875.5
787,502.4,2875.5
788,502.4,2875.5
789,502.4,2875.5
790,502.4,2875.5
791,502.4,2875.5
792,502.4,2875.5
793,502.4,2875.5
794,502.4,2875.5
795,502.4,2875.5
796,502.4,2875.5
797,502.4,2875.5
798,502.4,2875.5
799,502.4,2875.5
800,502.4,2875.5
801,502.4,2875.5
802,502.4,2875.5
803,502.4,2875.5
804,502.4,2875.5
805,502.4,2875.5
806,502.4,2875.5
807,502.4,2875.5
808,502.4,2875.5
809,502.4,2875.5
810,502.4,2875.5
811,502.4,2875.5
812,502.4,2875.5
813,502.4,2875.5
814,502.4,2875.5
815,502.4,2875.5
816,502.4,2875.5
817,502.4,2875.5
818,502.4,2875.5
819,502.4,2875.5
820,502.4,2875.5
821,502.4,2875.5
822,502.4,2875.5
823,502.4,2875.5
824,502.4,2875.5
825,503.07,2877.16
826,503.83,2878.72
827,504.5,2880.38
828,505.17,2881.93
829,505.83,2883.59
830,506.59,2885.15
831,507.26,2886.81
832,507.93,2888.36
833,508.6,2890.02
834,509.36,2891.58
835,510.02,2893.24
836,512.79,2899.56
837,515.55,2905.88
838,518.41,2912.31
839,521.17,2918.63
840,523.94,2924.95
841,526.7,2931.27
842,529.46,2937.59
843,532.32,2944.02
844,535.08,2950.34
845,537.85,2956.66
846,541.75,2961.65
847,545.75,2966.53
848,549.66,2971.52
849,553.66,2976.39
850,557.57,2981.38
851,561.57,2986.26
852,565.48,2991.25
853,569.48,2996.13
854,573.38,3001.12
855,577.39,3006.0
856,581.29,3010.99
857,585.2,3015.98
858,589.2,3020.85
859,593.11,3025.84
860,597.11,3030.72
861,601.02,3035.71
862,605.02,3040.59
863,608.92,3045.58
864,612.92,3050.46
865,616.83,3055.45
866,620.83,3060.33
867,624.74,3065.32
868,636.27,3074.85
869,647.89,3084.39
870,659.42,3093.81
871,670.95,3103.34
872,682.48,3112.88
873,694.1,3122.3
874,705.63,3131.84
875,717.16,3141.37
876,725.73,3146.36
877,734.21,3151.46
878,742.79,3156.45
879,751.27,3161.55
880,759.84,3166.54
881,768.32,3171.64
882,776.8,3176.74
883,785.38,3181.73
884,793.86,3186.83
885,802.43,3191.82
886,808.53,3194.15
887,814.53,3196.48
888,820.63,3198.7
889,826.73,3201.02
890,832.73,3203.35
891,838.83,3205.68
892,844.93,3208.01
893,850.93,3210.23
894,857.03,3212.55
895,863.13,3214.88
896,869.13,3217.21
897,875.23,3219.54
898,881.32,3221.76
899,887.33,3224.09
900,893.42,3226.41
901,916.01,3232.62
902,938.59,3238.94
903,961.17,3245.15
904,983.75,3251.47
905,1006.33,3257.68
906,1010.14,3259.57
907,1014.05,3261.34
908,1017.86,3263.22
909,1021.67,3265.11
910,1025.48,3266.88
911,1029.39,3268.77
912,1033.2,3270.65
913,1037.01,3272.43
914,1040.91,3274.31
915,1044.73,3276.2
916,1048.54,3277.97
917,1052.44,3279.86
918,1056.25,3281.63
919,1060.07,3283.51
920,1063.88,3285.4
921,1067.78,3287.17
922,1071.59,3289.06
923,1075.41,3290.94
924,1079.31,3292.72
925,1083.12,3294.6
926,1083.12,3294.6
927,1083.12,3294.6
928,1083.12,3294.6
929,1083.12,3294.6
930,1083.12,3294.6
931,1083.12,3294.6
932,1083.12,3294.6
933,1083.12,3294.6
934,1083.12,3294.6
935,1083.12,3294.6
936,1084.08,3295.16
937,1085.03,3295.71
938,1086.08,3296.38
939,1087.03,3296.93
940,1087.98,3297.48
941,1088.94,3298.04
942,1089.89,3298.59
943,1090.94,3299.26
944,1091.89,3299.81
945,1092.84,3300.37
