0,2137.09,2664.51
1,2137.09,2664.51
2,2137.09,2664.51
3,2137.09,2664.51
4,2137.09,2664.51
5,2137.09,2664.51
6,2137.09,2664.51
7,2137.09,2664.51
8,2137.09,2664.51
9,2137.09,2664.51
10,2137.09,2664.51
11,2137.09,2664.51
12,2137.09,2664.51
13,2137.09,2664.51
14,2137.09,2664.51
15,2137.09,2664.51
16,2137.09,2664.51
17,2137.09,2664.51
18,2137.09,2664.51
19,2137.09,2664.51
20,2137.09,2664.51
21,2137.09,2664.51
22,2137.09,2664.51
23,2137.09,2664.51
24,2137.09,2664.51
25,2137.09,2664.51
26,2137.09,2664.51
27,2137.09,2664.51
28,2137.09,2664.51
29,2137.09,2664.51
30,2137.09,2664.51
31,2137.09,2664.51
32,2137.09,2664.51
33,2137.09,2664.51
34,2137.09,2664.51
35,2137.09,2664.51
36,2137.09,2664.51
37,2137.09,2664.51
38,2137.09,2664.51
39,2137.09,2664.51
40,2137.09,2664.51
41,2137.09,2664.51
42,2137.09,2664.51
43,2137.09,2664.51
44,2137.09,2664.51
45,2137.09,2664.51
46,2137.09,2664.51
47,2137.09,2664.51
48,2137.09,2664.51
49,2138.33,2662.62
50,2139.66,2660.85
51,2141.0,2658.96
52,2142.24,2657.08
53,2143.57,2655.31
54,2144.81,2653.42
55,2146.14,2651.54
56,2147.38,2649.65
57,2148.72,2647.88
58,2149.95,2645.99
59,2150.91,2644.11
60,2151.86,2642.22
61,2152.91,2640.23
62,2153.86,2638.34
63,2154.81,2636.46
64,2155.77,2634.57
65,2156.72,2632.69
66,2157.77,2630.69
67,2158.72,2628.81
68,2159.67,2626.92
69,2159.77,2626.59
70,2159.86,2626.15
71,2159.96,2625.81
72,2160.05,2625.48
73,2160.15,2625.15
74,2160.24,2624.7
75,2160.34,2624.37
76,2160.43,2624.04
77,2160.53,2623.71
78,2160.62,2623.37
79,2160.72,2622.93
80,2160.82,2622.6
81,2160.91,2622.27
82,2161.01,2621.93
83,2161.1,2621.49
84,2161.2,2621.16
85,2161.29,2620.82
86,2161.39,2620.49
87,2161.48,2620.05
88,2161.58,2619.72
89,2161.58,2619.72
90,2161.58,2619.72
91,2161.58,2619.72
92,2161.58,2619.72
93,2161.58,2619.72
94,2161.58,2619.72
95,2161.58,2619.72
96,2161.58,2619.72
97,2161.58,2619.72
98,2161.58,2619.72
99,2161.58,2619.72
100,2161.86,2618.38
101,2162.05,2617.05
102,2162.24,2615.72
103,2162.53,2614.39
104,2162.82,2613.06
105,2163.01,2611.62
106,2163.2,2610.29
107,2163.48,2608.96
108,2163.77,2607.63
109,2163.96,2606.3
110,2165.01,2604.41
111,2166.06,2602.64
112,2167.2,2600.76
113,2168.25,2598.98
114,2169.3,2597.1
115,2170.34,2595.32
116,2171.49,2593.44
117,2172.53,2591.66
118,2173.58,2589.78
119,2174.44,2588.23
120,2175.3,2586.79
121,2176.16,2585.23
122,2177.01,2583.79
123,2177.87,2582.35
124,2178.63,2580.8
125,2179.49,2579.36
126,2180.35,2577.81
127,2181.21,2576.36
128,2182.06,2574.81
129,2182.25,2574.37
130,2182.54,2573.92
131,2182.73,2573.48
132,2183.02,2573.04
133,2183.21,2572.59
134,2183.4,2572.15
135,2183.68,2571.71
136,2183.87,2571.26
137,2184.16,2570.82
138,2184.35,2570.38
139,2184.54,2569.93
140,2184.83,2569.49
141,2185.02,2569.05
142,2185.3,2568.6
143,2185.49,2568.16
144,2185.78,2567.72
145,2185.97,2567.27
146,2186.16,2566.83
147,2186.45,2566.39
148,2186.64,2565.94
149,2186.92,2565.5
150,2187.11,2565.05
151,2187.3,2564.61
152,2187.59,2564.17
153,2187.78,2563.72
154,2188.07,2563.28
155,2188.26,2562.84
156,2185.49,2554.85
157,2182.82,2546.76
158,2178.54,2544.21
159,2174.34,2541.77
160,2170.06,2539.22
161,2165.87,2536.67
162,2161.58,2534.23
163,2157.29,2531.68
164,2153.1,2529.13
165,2148.81,2526.58
166,2144.52,2524.14
167,2140.33,2521.59
168,2136.04,2519.04
169,2131.85,2516.6
170,2127.56,2514.05
171,2118.89,2506.74
172,2110.32,2499.53
173,2101.65,2492.21
174,2092.98,2484.89
175,2092.69,2478.02
176,2092.41,2471.26
177,2092.12,2464.38
178,2096.41,2456.29
179,2100.69,2448.3
180,2104.98,2440.21
181,2109.27,2432.12
182,2113.56,2424.13
183,2117.84,2416.04
184,2122.13,2407.95
185,2126.42,2399.85
186,2130.71,2391.87
187,2135.0,2383.78
188,2136.81,2380.67
189,2138.52,2377.57
190,2140.33,2374.46
191,2142.05,2371.36
192,2143.86,2368.37
193,2145.67,2365.26
194,2147.38,2362.16
195,2149.19,2359.05
196,2150.91,2355.95
197,2152.72,2352.84
198,2154.53,2349.74
199,2156.24,2346.63
200,2158.05,2343.53
201,2159.77,2340.43
202,2161.58,2337.32
203,2163.39,2334.33
204,2165.1,2331.22
205,2166.91,2328.12
206,2168.63,2325.01
207,2170.44,2321.91
208,2170.63,2321.47
209,2170.82,2321.13
210,2170.91,2320.8
211,2171.11,2320.36
212,2171.3,2319.91
213,2171.49,2319.58
214,2171.68,2319.25
215,2171.77,2318.8
216,2171.96,2318.36
217,2172.15,2318.03
218,2172.15,2318.03
219,2172.15,2318.03
220,2172.15,2318.03
221,2172.15,2318.03
222,2172.15,2318.03
223,2172.15,2318.03
224,2172.15,2318.03
225,2172.15,2318.03
226,2172.15,2318.03
227,2172.15,2318.03
228,2172.15,2318.03
229,2172.15,2318.03
230,2172.15,2318.03
231,2172.15,2318.03
232,2172.15,2318.03
233,2172.15,2318.03
234,2172.15,2318.03
235,2172.15,2318.03
236,2172.15,2318.03
237,2172.15,2318.03
238,2172.15,2318.03
239,2172.15,2318.03
240,2172.15,2318.03
241,2172.15,2318.03
242,2172.15,2318.03
243,2172.15,2318.03
244,2172.15,2318.03
245,2172.15,2318.03
246,2172.15,2318.03
247,2172.15,2318.03
248,2172.15,2318.03
249,2172.15,2318.03
250,2172.15,2318.03
251,2172.15,2318.03
252,2172.15,2318.03
253,2172.15,2318.03
254,2172.15,2318.03
255,2172.15,2318.03
256,2172.15,2318.03
257,2172.15,2318.03
258,2172.15,2318.03
259,2172.15,2318.03
260,2172.15,2318.03
261,2172.15,2318.03
262,2172.15,2318.03
263,2172.15,2318.03
264,2172.15,2318.03
265,2172.15,2318.03
266,2172.15,2318.03
267,2172.15,2318.03
268,2173.2,2316.14
269,2174.34,2314.26
270,2175.39,2312.37
271,2176.54,2310.49
272,2177.58,2308.6
273,2178.63,2306.83
274,2179.78,2304.95
275,2180.82,2303.06
276,2181.97,2301.18
277,2183.02,2299.29
278,2185.59,2294.86
279,2188.16,2290.53
280,2190.73,2286.1
281,2193.31,2281.77
282,2195.88,2277.34
283,2198.45,2272.9
284,2201.02,2268.58
285,2203.6,2264.14
286,2206.17,2259.82
287,2208.74,2255.39
288,2211.31,2251.06
289,2213.89,2246.74
290,2216.46,2242.41
291,2219.03,2238.09
292,2221.6,2233.77
293,2224.18,2229.44
294,2226.75,2225.12
295,2229.32,2220.79
296,2231.89,2216.47
297,2234.47,2212.14
298,2234.94,2206.05
299,2235.42,2199.95
300,2235.99,2193.85
301,2236.47,2187.75
302,2236.94,2181.65
303,2231.04,2175.33
304,2225.13,2168.9
305,2219.22,2162.58
306,2209.79,2155.71
307,2200.36,2148.73
308,2190.83,2141.85
309,2181.4,2134.98
310,2171.96,2127.99
311,2162.53,2121.12
312,2153.0,2114.24
313,2143.57,2107.37
314,2134.14,2100.38
315,2124.71,2093.51
316,2115.27,2086.64
317,2105.74,2079.65
318,2096.31,2072.78
319,2086.88,2065.9
320,2077.45,2058.92
321,2068.01,2052.04
322,2058.49,2045.17
323,2049.05,2038.3
324,2039.62,2031.31
325,2030.19,2024.44
326,2020.66,2017.56
327,2011.23,2010.58
328,2001.8,2003.7
329,1989.22,1997.27
330,1976.74,1990.84
331,1964.16,1984.3
332,1951.58,1977.87
333,1939.1,1971.44
334,1926.53,1965.01
335,1913.95,1958.58
336,1901.37,1952.04
337,1888.89,1945.61
338,1876.31,1939.17
339,1868.6,1935.74
340,1860.88,1932.19
341,1853.26,1928.75
342,1845.54,1925.2
343,1837.82,1921.77
344,1830.1,1918.22
345,1822.39,1914.78
346,1814.76,1911.23
347,1807.05,1907.8
348,1799.33,1904.36
349,1791.61,1900.81
350,1783.89,1897.38
351,1776.18,1893.83
352,1768.55,1890.39
353,1760.84,1886.84
354,1753.12,1883.41
355,1614.78,1818.88
356,1601.63,1812.67
357,1588.48,1806.46
358,1575.43,1800.36
359,1562.28,1794.15
360,1549.13,1787.94
361,1535.98,1781.73
362,1522.83,1775.53
363,1509.78,1769.43
364,1496.63,1763.22
365,1483.48,1757.01
366,1470.72,1755.46
367,1457.95,1753.91
368,1445.18,1752.35
369,1432.32,1750.8
370,1419.55,1749.25
371,1406.78,1747.7
372,1398.21,1756.01
373,1389.63,1764.22
374,1381.06,1772.53
375,1372.39,1780.74
376,1363.81,1789.05
377,1355.24,1797.37
378,1346.66,1805.57
379,1338.09,1813.89
380,1329.51,1822.09
381,1320.94,1830.41
382,1312.36,1838.72
383,1303.69,1846.93
384,1295.12,1855.24
385,1286.54,1863.45
386,1277.97,1871.76
387,1273.97,1882.96
388,1269.96,1894.05
389,1265.96,1905.25
390,1261.87,1916.45
391,1257.86,1927.53
392,1253.86,1938.73
393,1249.86,1949.93
394,1245.86,1961.02
395,1241.76,1972.21
396,1237.76,1983.41
397,1233.76,1994.5
398,1229.76,2005.7
399,1227.28,2025.21
400,1224.9,2044.73
401,1222.42,2064.24
402,1220.04,2083.64
403,1217.56,2103.16
404,1215.08,2122.67
405,1212.7,2142.18
406,1210.22,2161.7
407,1209.08,2177.66
408,1208.03,2193.74
409,1206.89,2209.71
410,1205.75,2225.67
411,1204.6,2241.75
412,1203.55,2257.71
413,1202.41,2273.68
414,1201.27,2289.65
415,1200.22,2305.72
416,1199.08,2321.69
417,1197.36,2338.21
418,1195.55,2354.62
419,1193.84,2371.03
420,1192.12,2387.55
421,1190.31,2404.07
422,1188.6,2420.48
423,1186.88,2436.89
424,1185.17,2453.41
425,1183.36,2469.93
426,1181.64,2486.33
427,1178.78,2502.85
428,1175.83,2519.49
429,1172.97,2536.01
430,1170.02,2552.64
431,1167.06,2569.16
432,1164.2,2585.68
433,1161.25,2602.31
434,1158.39,2618.83
435,1155.44,2635.46
436,1152.58,2651.98
437,1149.72,2668.5
438,1146.77,2685.13
439,1143.91,2701.65
440,1140.96,2718.28
441,1138.1,2734.8
442,1135.15,2751.32
443,1132.19,2767.95
444,1129.33,2784.47
445,1126.38,2801.1
446,1123.52,2817.62
447,1118.19,2831.48
448,1112.85,2845.34
449,1107.42,2859.2
450,1102.08,2873.06
451,1096.75,2886.92
452,1091.41,2900.78
453,1086.08,2914.64
454,1080.65,2928.5
455,1075.31,2942.36
456,1069.97,2956.22
457,1063.5,2969.19
458,1056.92,2982.27
459,1050.35,2995.35
460,1043.87,3008.33
461,1037.29,3021.3
462,1030.82,3034.38
463,1024.34,3047.46
464,1017.76,3060.44
465,1011.19,3073.41
466,1004.71,3086.49
467,999.37,3097.91
468,994.13,3109.44
469,988.8,3120.86
470,983.46,3132.39
471,978.13,3143.81
472,972.89,3155.23
473,967.55,3166.76
474,962.22,3178.18
475,956.97,3189.71
476,951.64,3201.13
477,947.07,3212.55
478,942.49,3224.09
479,938.01,3235.51
480,933.44,3246.93
481,928.87,3258.46
482,924.29,3269.88
483,919.72,3281.3
484,915.24,3292.72
485,910.67,3304.25
486,906.1,3315.67
